hi
i2
3454.82 2.27763e-17
3456.28 1.73649e-18
3457.74 4.60755e-18
3459.2 -2.01963e-17
3460.66 -3.92006e-17
3462.12 -4.28497e-18
3463.58 1.90479e-17
3465.03 2.78772e-17
3466.49 2.36557e-17
3467.95 3.93484e-17
3469.41 1.29635e-16
3470.87 6.93453e-17
3472.33 -1.97506e-17
3473.79 -4.89415e-17
3475.25 1.45597e-17
3476.71 7.73651e-17
3478.17 2.43432e-18
3479.63 -3.75862e-17
3481.09 -2.86553e-17
3482.55 -2.50867e-17
3484.01 8.10568e-17
3485.47 1.7577e-16
3486.93 1.40416e-16
3488.39 1.17405e-16
3489.85 1.56543e-16
3491.31 1.10818e-16
3492.77 1.94593e-17
3494.23 5.16434e-17
3495.69 2.11354e-17
3497.15 -2.63144e-17
3498.61 -4.2504e-17
3500.07 1.14673e-17
3501.53 9.4989e-17
3502.99 1.28308e-16
3504.45 1.53977e-16
3505.91 6.49995e-17
3507.37 4.49611e-17
3508.83 4.36862e-17
3510.29 1.65266e-17
3511.75 6.97054e-17
3513.21 1.10953e-16
3514.67 6.94411e-17
3516.13 -3.01423e-17
3517.59 -1.96287e-17
3519.05 -3.28898e-17
3520.51 -2.96217e-17
3521.97 -1.95555e-17
3523.43 -4.79251e-19
3524.89 1.58688e-17
3526.35 -5.52217e-17
3527.81 -1.67956e-16
3529.27 -3.49724e-17
3530.72 5.28037e-17
3532.18 2.14528e-19
3533.64 3.63963e-17
3535.1 2.20454e-17
3536.56 2.04148e-17
3538.02 1.28561e-17
3539.48 1.48521e-17
3540.94 8.29866e-17
3542.4 5.28952e-17
3543.86 -4.40819e-17
3545.32 5.78659e-18
3546.78 9.65212e-17
3548.24 4.79137e-17
3549.7 5.70067e-17
3551.16 1.27533e-16
3552.62 3.36529e-17
3554.08 4.47735e-17
3555.54 1.4437e-16
3557 1.94903e-16
3558.46 2.37267e-16
3559.92 1.31226e-16
3561.38 4.39017e-17
3562.84 6.07047e-18
3564.3 -1.26359e-18
3565.76 -2.79553e-17
3567.22 4.46942e-17
3568.68 6.43384e-17
3570.14 -1.84349e-17
3571.6 -1.23298e-17
3573.06 4.81947e-17
3574.52 7.6885e-17
3575.98 1.03141e-16
3577.44 7.76383e-17
3578.9 1.11098e-16
3580.36 1.32413e-16
3581.82 5.31697e-17
3583.28 4.74392e-17
3584.74 1.4002e-16
3586.2 1.32832e-16
3587.66 1.24182e-16
3589.12 7.35972e-17
3590.58 -1.21023e-17
3592.04 4.74971e-17
3593.5 1.14189e-16
3594.96 1.71721e-16
3596.42 1.51557e-16
3597.87 1.44338e-16
3599.33 1.19268e-16
3600.79 1.14682e-17
3602.25 3.89446e-17
3603.71 8.23493e-17
3605.17 3.91411e-18
3606.63 1.13034e-17
3608.09 1.05836e-16
3609.55 1.60925e-16
3611.01 1.44031e-16
3612.47 1.15431e-16
3613.93 6.60253e-17
3615.39 -2.96969e-17
3616.85 3.04729e-17
3618.31 1.52266e-16
3619.77 1.55517e-16
3621.23 9.28165e-17
3622.69 6.63504e-17
3624.15 9.03444e-17
3625.61 9.08029e-17
3627.07 7.53118e-17
3628.53 2.67447e-17
3629.99 5.96216e-17
3631.45 7.6143e-17
3632.91 5.00001e-17
3634.37 2.8058e-17
3635.83 7.3609e-17
3637.29 1.47656e-16
3638.75 9.76072e-17
3640.21 6.92614e-17
3641.67 5.45945e-17
3643.13 9.11248e-17
3644.59 1.06569e-16
3646.05 6.13571e-17
3647.51 8.8108e-18
3648.97 6.45407e-17
3650.43 5.22242e-17
3651.89 6.09934e-17
3653.35 8.56608e-17
3654.81 1.44274e-16
3656.27 6.32324e-17
3657.73 7.85268e-18
3659.19 8.91271e-17
3660.65 4.40142e-17
3662.11 1.60483e-17
3663.57 -4.43567e-17
3665.02 7.3054e-18
3666.48 9.12378e-17
3667.94 7.7747e-17
3669.4 3.90285e-17
3670.86 5.69205e-17
3672.32 9.97036e-17
3673.78 6.7149e-17
3675.24 3.31734e-17
3676.7 1.8579e-17
3678.16 -3.6277e-18
3679.62 3.85252e-17
3681.08 7.0843e-17
3682.54 5.88724e-17
3684 6.35907e-17
3685.46 1.04667e-16
3686.92 6.27257e-17
3688.38 2.2513e-17
3689.84 6.30173e-17
3691.3 4.79186e-17
3692.76 -2.71217e-17
3694.22 -5.24429e-17
3695.68 3.4194e-17
3697.14 5.88722e-17
3698.6 9.19365e-18
3700.06 -3.21614e-18
3701.52 6.0244e-17
3702.98 1.2647e-16
3704.44 1.0427e-16
3705.9 -7.86423e-18
3707.36 -4.6859e-17
3708.82 -4.70865e-17
3710.28 -4.67984e-17
3711.74 -4.53052e-17
3713.2 -4.33476e-17
3714.66 -4.13892e-17
3716.12 -3.94261e-17
3717.58 -3.74582e-17
3719.04 -3.54854e-17
3720.5 -3.35079e-17
3721.96 -3.15258e-17
3723.42 -2.95389e-17
3724.88 -2.75471e-17
3726.34 -2.55506e-17
3727.8 -2.35494e-17
3729.26 -2.15433e-17
3730.72 -1.95325e-17
3732.17 -1.75309e-17
3733.63 -1.55107e-17
3735.09 -1.34857e-17
3736.55 -1.14558e-17
3738.01 -9.42111e-18
3739.47 -7.38154e-18
3740.93 -5.33734e-18
3742.39 -3.28844e-18
3743.85 -1.23474e-18
3745.31 8.23743e-19
3746.77 2.88703e-18
3748.23 2.05897e-17
3749.69 5.96907e-17
3751.15 2.36621e-17
3752.61 8.54084e-17
3754.07 1.15556e-16
3755.53 6.70068e-17
3756.99 6.84308e-17
3758.45 6.74242e-17
3759.91 8.67914e-17
3761.37 7.97513e-17
3762.83 8.64664e-17
3764.29 7.50864e-17
3765.75 8.55137e-17
3767.21 5.91502e-17
3768.67 7.54663e-17
3770.13 4.36192e-17
3771.59 3.36161e-17
3773.05 3.80618e-17
3774.51 3.03349e-17
3775.97 1.03907e-16
3777.43 1.43614e-16
3778.89 7.10509e-17
3780.35 2.7737e-19
3781.81 5.45146e-17
3783.27 1.18184e-16
3784.73 7.0685e-17
3786.19 -3.82604e-18
3787.65 -5.35592e-18
3789.11 2.93679e-18
3790.57 5.04304e-17
3792.03 4.90004e-17
3793.49 7.70277e-17
3794.95 1.1816e-16
3796.41 6.57407e-17
3797.86 3.21349e-17
3799.32 1.27383e-17
3800.78 3.97782e-17
3802.24 3.891e-17
3803.7 6.46025e-17
3805.16 8.30833e-17
3806.62 7.4467e-17
3808.08 7.26351e-17
3809.54 8.07179e-17
3811 7.98108e-17
3812.46 1.23458e-16
3813.92 1.75166e-16
3815.38 1.15288e-16
3816.84 9.29853e-17
3818.3 8.45322e-17
3819.76 4.32531e-17
3821.22 5.04256e-17
3822.68 5.5169e-17
3824.14 3.11234e-17
3825.6 4.47849e-17
3827.06 9.49531e-17
3828.52 1.14365e-16
3829.98 1.01927e-16
3831.44 9.58253e-17
3832.9 9.55968e-17
3834.36 4.89617e-17
3835.82 9.10178e-17
3837.28 8.6365e-17
3838.74 7.81942e-17
3840.2 7.91909e-17
3841.66 8.17826e-17
3843.12 5.38028e-17
3844.58 4.93906e-17
3846.04 9.69295e-17
3847.5 9.41565e-17
3848.96 9.74717e-17
3850.42 1.13526e-16
3851.88 8.0397e-17
3853.34 1.1608e-16
3854.8 1.24685e-16
3856.26 9.17551e-17
3857.72 8.14586e-17
3859.18 5.70679e-17
3860.64 8.31746e-17
3862.1 1.25193e-16
3863.56 1.40846e-16
3865.01 1.39847e-16
3866.47 1.22132e-16
3867.93 1.21017e-16
3869.39 1.02358e-16
3870.85 1.13947e-16
3872.31 1.24739e-16
3873.77 1.26791e-16
3875.23 1.05044e-16
3876.69 8.2352e-17
3878.15 1.09475e-16
3879.61 1.04378e-16
3881.07 1.25202e-16
3882.53 9.86327e-17
3883.99 5.31216e-17
3885.45 7.37016e-17
3886.91 5.65991e-17
3888.37 6.65285e-17
3889.83 8.02493e-17
3891.29 1.07648e-16
3892.75 1.26199e-16
3894.21 1.26732e-16
3895.67 1.29529e-16
3897.13 8.36596e-17
3898.59 6.28442e-17
3900.05 1.34695e-16
3901.51 1.41392e-16
3902.97 1.00618e-16
3904.43 9.31775e-17
3905.89 1.23197e-16
3907.35 8.78678e-17
3908.81 7.0049e-17
3910.27 1.02012e-16
3911.73 1.17303e-16
3913.19 1.38691e-16
3914.65 1.16519e-16
3916.11 1.25318e-16
3917.57 1.27322e-16
3919.03 1.01624e-16
3920.49 8.97552e-17
3921.95 7.79419e-17
3923.41 6.14434e-17
3924.87 9.25928e-17
3926.33 7.82547e-17
3927.79 6.09209e-17
3929.25 9.65458e-17
3930.71 1.36823e-16
3932.16 1.36693e-16
3933.62 1.09882e-16
3935.08 1.19213e-16
3936.54 1.10816e-16
3938 1.07568e-16
3939.46 1.3133e-16
3940.92 1.02492e-16
3942.38 9.50002e-17
3943.84 1.24284e-16
3945.3 1.50875e-16
3946.76 1.22995e-16
3948.22 7.45138e-17
3949.68 9.32002e-17
3951.14 7.55497e-17
3952.6 5.98752e-17
3954.06 6.3061e-17
3955.52 1.21131e-16
3956.98 1.20338e-16
3958.44 8.98048e-17
3959.9 1.10819e-16
3961.36 1.1404e-16
3962.82 7.06522e-17
3964.28 3.70031e-17
3965.74 1.06988e-16
3967.2 9.57112e-17
3968.66 1.03939e-16
3970.12 1.08972e-16
3971.58 9.69985e-17
3973.04 1.20725e-16
3974.5 9.77587e-17
3975.96 6.1091e-17
3977.42 1.02352e-16
3978.88 1.1732e-16
3980.34 1.21279e-16
3981.8 1.08596e-16
3983.26 9.5758e-17
3984.72 1.08599e-16
3986.18 1.40797e-16
3987.64 1.20265e-16
3989.1 1.05554e-16
3990.56 1.03484e-16
3992.02 9.00611e-17
3993.48 1.03037e-16
3994.94 1.39151e-16
3996.4 1.28008e-16
3997.86 8.38223e-17
3999.31 1.03517e-16
4000.77 1.00852e-16
4002.23 1.0336e-16
4003.69 1.26435e-16
4005.15 9.93551e-17
4006.61 1.05168e-16
4008.07 7.92753e-17
4009.53 8.459e-17
4010.99 1.41343e-16
4012.45 1.42741e-16
4013.91 1.07984e-16
4015.37 1.00846e-16
4016.83 1.16639e-16
4018.29 1.39671e-16
4019.75 1.11149e-16
4021.21 6.85679e-17
4022.67 1.07736e-16
4024.13 1.25142e-16
4025.59 1.4682e-16
4027.05 1.45702e-16
4028.51 1.11898e-16
4029.97 1.0732e-16
4031.43 1.20505e-16
4032.89 1.37135e-16
4034.35 1.1e-16
4035.81 6.81646e-17
4037.27 7.7761e-17
4038.73 6.16972e-17
4040.19 9.02151e-17
4041.65 9.05177e-17
4043.11 9.87955e-17
4044.57 1.26527e-16
4046.03 9.02164e-17
4047.49 9.47671e-17
4048.95 9.27402e-17
4050.41 8.82471e-17
4051.87 1.02452e-16
4053.33 1.17309e-16
4054.79 1.64861e-16
4056.25 1.25877e-16
4057.71 7.55288e-17
4059.17 1.0603e-16
4060.63 1.03895e-16
4062.09 1.05007e-16
4063.55 1.2609e-16
4065 1.23254e-16
4066.46 1.17804e-16
4067.92 1.13383e-16
4069.38 1.2272e-16
4070.84 8.83293e-17
4072.3 9.05714e-17
4073.76 1.14658e-16
4075.22 1.18589e-16
4076.68 1.10312e-16
4078.14 9.91859e-17
4079.6 1.03515e-16
4081.06 8.43181e-17
4082.52 8.11783e-17
4083.98 1.22154e-16
4085.44 1.1249e-16
4086.9 8.93336e-17
4088.36 8.77888e-17
4089.82 9.11337e-17
4091.28 7.80855e-17
4092.74 7.65415e-17
4094.2 1.20738e-16
4095.66 1.56095e-16
4097.12 1.24525e-16
4098.58 1.02996e-16
4100.04 9.36599e-17
4101.5 7.9931e-17
4102.96 9.39556e-17
4104.42 8.76288e-17
4105.88 7.62399e-17
4107.34 7.34692e-17
4108.8 8.40464e-17
4110.26 4.92638e-17
4111.72 1.77153e-17
4113.18 3.81457e-17
4114.64 9.06085e-17
4116.1 9.83874e-17
4117.56 7.55891e-17
4119.02 6.19501e-17
4120.48 9.37742e-17
4121.94 9.3123e-17
4123.4 1.00046e-16
4124.86 8.96972e-17
4126.32 6.32448e-17
4127.78 9.50764e-17
4129.24 6.52595e-17
4130.7 7.37697e-17
4132.16 9.77535e-17
4133.61 7.84409e-17
4135.07 8.35191e-17
4136.53 1.18671e-16
4137.99 1.24467e-16
4139.45 1.0316e-16
4140.91 1.25137e-16
4142.37 1.21321e-16
4143.83 1.09725e-16
4145.29 7.83959e-17
4146.75 7.89112e-17
4148.21 6.56335e-17
4149.67 4.32654e-17
4151.13 8.65715e-17
4152.59 7.96784e-17
4154.05 7.29136e-17
4155.51 7.01722e-17
4156.97 4.77999e-17
4158.43 4.62972e-17
4159.89 6.29686e-17
4161.35 1.09959e-16
4162.81 1.24301e-16
4164.27 1.08604e-16
4165.73 8.89137e-17
4167.19 7.75458e-17
4168.65 1.08225e-16
4170.11 1.00775e-16
4171.57 8.13546e-17
4173.03 9.43021e-17
4174.49 1.15694e-16
4175.95 1.12483e-16
4177.41 9.98319e-17
4178.87 1.07839e-16
4180.33 9.97051e-17
4181.79 9.45011e-17
4183.25 1.04152e-16
4184.71 1.13592e-16
4186.17 1.02155e-16
4187.63 8.28015e-17
4189.09 9.58673e-17
4190.55 8.91222e-17
4192.01 8.67485e-17
4193.47 1.03297e-16
4194.93 1.20176e-16
4196.39 1.31236e-16
4197.85 1.11219e-16
4199.31 9.12636e-17
4200.76 8.373e-17
4202.22 8.66462e-17
4203.68 1.09125e-16
4205.14 1.19342e-16
4206.6 7.93837e-17
4208.06 1.00593e-16
4209.52 1.19036e-16
4210.98 8.9418e-17
4212.44 1.07472e-16
4213.9 1.25234e-16
4215.36 1.00915e-16
4216.82 7.11914e-17
4218.28 6.58478e-17
4219.74 8.82717e-17
4221.2 9.07054e-17
4222.66 8.92095e-17
4224.12 9.2038e-17
4225.58 1.24075e-16
4227.04 1.18867e-16
4228.5 8.06511e-17
4229.96 6.37369e-17
4231.42 1.00227e-16
4232.88 1.00737e-16
4234.34 8.08229e-17
4235.8 9.05309e-17
4237.26 8.13335e-17
4238.72 7.24773e-17
4240.18 1.03061e-16
4241.64 1.18231e-16
4243.1 7.71532e-17
4244.56 8.09873e-17
4246.02 1.20117e-16
4247.48 1.27734e-16
4248.94 1.14429e-16
4250.4 9.36486e-17
4251.86 7.80986e-17
4253.32 9.08162e-17
4254.78 9.21137e-17
4256.24 9.3112e-17
4257.7 9.91148e-17
4259.16 9.53431e-17
4260.62 9.83782e-17
4262.08 9.95177e-17
4263.54 1.02392e-16
4265 9.90939e-17
4266.45 1.00736e-16
4267.91 1.10624e-16
4269.37 1.12472e-16
4270.83 8.42507e-17
4272.29 9.25772e-17
4273.75 1.14605e-16
4275.21 1.37773e-16
4276.67 1.28153e-16
4278.13 8.29805e-17
4279.59 9.01464e-17
4281.05 9.54567e-17
4282.51 1.11105e-16
4283.97 9.64673e-17
4285.43 7.76e-17
4286.89 6.82466e-17
4288.35 1.06311e-16
4289.81 1.35564e-16
4291.27 1.27996e-16
4292.73 1.05994e-16
4294.19 1.30985e-16
4295.65 1.33005e-16
4297.11 1.34245e-16
4298.57 8.79849e-17
4300.03 7.557e-17
4301.49 9.72876e-17
4302.95 1.22574e-16
4304.41 1.16199e-16
4305.87 9.11127e-17
4307.33 1.02932e-16
4308.79 1.24217e-16
4310.25 1.30913e-16
4311.71 1.02096e-16
4313.17 1.0847e-16
4314.63 1.41233e-16
4316.09 1.32136e-16
4317.55 9.08647e-17
4319.01 9.62127e-17
4320.47 1.11906e-16
4321.93 1.22917e-16
4323.39 1.02192e-16
4324.85 7.2534e-17
4326.31 9.50817e-17
4327.77 1.0654e-16
4329.23 1.0682e-16
4330.69 1.1608e-16
4332.15 1.62283e-16
4333.6 2.154e-16
4335.06 2.00622e-16
4336.52 1.71473e-16
4337.98 1.58333e-16
4339.44 1.25456e-16
4340.9 1.22592e-16
4342.36 1.1654e-16
4343.82 8.98686e-17
4345.28 8.14146e-17
4346.74 8.21112e-17
4348.2 8.28089e-17
4349.66 8.35078e-17
4351.12 8.42081e-17
4352.58 8.49093e-17
4354.04 8.56118e-17
4355.5 8.63155e-17
4356.96 8.70204e-17
4358.42 8.77265e-17
4359.88 8.84339e-17
4361.34 8.91424e-17
4362.8 8.98522e-17
4364.26 9.05633e-17
4365.72 9.12754e-17
4367.18 9.1989e-17
4368.64 9.27036e-17
4370.1 9.34194e-17
4371.56 9.41364e-17
4373.02 9.48547e-17
4374.48 9.55741e-17
4375.94 9.62948e-17
4377.4 9.70168e-17
4378.86 9.77398e-17
4380.32 9.84641e-17
4381.78 9.91931e-17
4383.24 1.17242e-16
4384.7 1.59617e-16
4386.16 1.51602e-16
4387.62 1.02536e-16
4389.08 1.29027e-16
4390.54 1.26938e-16
4392 1.12768e-16
4393.46 1.57233e-16
4394.92 1.76363e-16
4396.38 1.48328e-16
4397.84 1.54165e-16
4399.29 1.37875e-16
4400.75 1.07539e-16
4402.21 1.40158e-16
4403.67 1.69422e-16
4405.13 1.61642e-16
4406.59 1.34927e-16
4408.05 1.06378e-16
4409.51 1.19914e-16
4410.97 1.4273e-16
4412.43 1.41953e-16
4413.89 1.69077e-16
4415.35 1.70218e-16
4416.81 1.22014e-16
4418.27 1.23653e-16
4419.73 1.22006e-16
4421.19 1.5422e-16
4422.65 1.91836e-16
4424.11 1.93927e-16
4425.57 1.83455e-16
4427.03 1.60054e-16
4428.49 1.42405e-16
4429.95 1.55821e-16
4431.41 1.63059e-16
4432.87 1.48844e-16
4434.33 1.14394e-16
4435.79 1.02433e-16
4437.25 1.11638e-16
4438.71 1.19497e-16
4440.17 1.72292e-16
4441.63 1.9201e-16
4443.09 1.57495e-16
4444.55 1.54261e-16
4446.01 1.73553e-16
4447.47 1.86875e-16
4448.93 1.9167e-16
4450.39 1.56649e-16
4451.85 1.70755e-16
4453.31 1.889e-16
4454.77 1.57487e-16
4456.23 1.48579e-16
4457.69 1.78684e-16
4459.15 1.90887e-16
4460.61 1.57409e-16
4462.07 1.08922e-16
4463.53 1.1949e-16
4464.99 1.63268e-16
4466.44 1.74978e-16
4467.9 1.52431e-16
4469.36 1.56176e-16
4470.82 1.87477e-16
4472.28 2.42763e-16
4473.74 2.51631e-16
4475.2 1.77698e-16
4476.66 1.87363e-16
4478.12 1.70381e-16
4479.58 1.40227e-16
4481.04 1.513e-16
4482.5 1.7237e-16
4483.96 2.1875e-16
4485.42 2.26756e-16
4486.88 1.77539e-16
4488.34 1.37538e-16
4489.8 1.81445e-16
4491.26 1.89019e-16
4492.72 2.12751e-16
4494.18 2.07619e-16
4495.64 1.75202e-16
4497.1 1.89668e-16
4498.56 2.18309e-16
4500.02 2.35567e-16
4501.48 1.8188e-16
4502.94 1.45093e-16
4504.4 2.15211e-16
4505.86 2.54597e-16
4507.32 2.22395e-16
4508.78 2.11907e-16
4510.24 1.91282e-16
4511.7 1.94961e-16
4513.16 1.56329e-16
4514.62 1.70608e-16
4516.08 1.72302e-16
4517.54 1.69009e-16
4519 2.02355e-16
4520.46 1.54085e-16
4521.92 1.5522e-16
4523.38 1.41181e-16
4524.84 1.50186e-16
4526.3 1.70033e-16
4527.76 2.77671e-16
4529.22 2.83838e-16
4530.68 2.16429e-16
4532.13 1.76853e-16
4533.59 1.86128e-16
4535.05 1.637e-16
4536.51 2.02819e-16
4537.97 1.9211e-16
4539.43 1.85792e-16
4540.89 1.70379e-16
4542.35 1.76962e-16
4543.81 2.03609e-16
4545.27 2.38519e-16
4546.73 2.24842e-16
4548.19 2.22136e-16
4549.65 2.26089e-16
4551.11 2.7201e-16
4552.57 2.71312e-16
4554.03 2.93322e-16
4555.49 2.50453e-16
4556.95 2.31553e-16
4558.41 2.50223e-16
4559.87 2.87854e-16
4561.33 2.31543e-16
4562.79 2.00229e-16
4564.25 2.2988e-16
4565.71 2.57316e-16
4567.17 2.04325e-16
4568.63 1.93883e-16
4570.09 2.66415e-16
4571.55 2.87671e-16
4573.01 2.45463e-16
4574.47 1.95844e-16
4575.93 2.26399e-16
4577.39 1.99577e-16
4578.85 1.86082e-16
4580.31 1.82133e-16
4581.77 2.0856e-16
4583.23 2.50528e-16
4584.69 2.66505e-16
4586.15 2.79336e-16
4587.61 2.47058e-16
4589.07 2.35161e-16
4590.53 2.43177e-16
4591.99 2.06713e-16
4593.45 1.66516e-16
4594.91 2.14222e-16
4596.37 2.76149e-16
4597.83 2.33088e-16
4599.29 1.96214e-16
4600.74 2.06154e-16
4602.2 1.8203e-16
4603.66 1.97663e-16
4605.12 1.98384e-16
4606.58 1.78251e-16
4608.04 2.11962e-16
4609.5 1.87122e-16
4610.96 2.00175e-16
4612.42 2.13053e-16
4613.88 1.97956e-16
4615.34 2.25166e-16
4616.8 2.63767e-16
4618.26 2.39984e-16
4619.72 2.61999e-16
4621.18 2.39194e-16
4622.64 2.21847e-16
4624.1 1.99184e-16
4625.56 2.09995e-16
4627.02 2.32226e-16
4628.48 2.31173e-16
4629.94 1.99378e-16
4631.4 1.66384e-16
4632.86 1.91324e-16
4634.32 2.25227e-16
4635.78 2.04949e-16
4637.24 2.00364e-16
4638.7 1.89736e-16
4640.16 1.90082e-16
4641.62 1.64283e-16
4643.08 1.95103e-16
4644.54 2.38815e-16
4646 2.39056e-16
4647.46 2.19362e-16
4648.92 2.031e-16
4650.38 1.8595e-16
4651.84 1.84411e-16
4653.3 2.01007e-16
4654.76 2.4617e-16
4656.22 2.70099e-16
4657.68 2.65191e-16
4659.14 2.45441e-16
4660.6 2.30303e-16
4662.06 2.56088e-16
4663.52 2.46269e-16
4664.98 2.14786e-16
4666.44 1.98421e-16
4667.89 2.00367e-16
4669.35 1.97379e-16
4670.81 2.00391e-16
4672.27 2.48264e-16
4673.73 2.56951e-16
4675.19 2.24959e-16
4676.65 2.26959e-16
4678.11 1.97733e-16
4679.57 1.39101e-16
4681.03 1.59304e-16
4682.49 2.04455e-16
4683.95 1.92437e-16
4685.41 1.99355e-16
4686.87 2.02792e-16
4688.33 1.89536e-16
4689.79 1.86013e-16
4691.25 1.94145e-16
4692.71 2.06447e-16
4694.17 1.91374e-16
4695.63 1.72245e-16
4697.09 1.79597e-16
4698.55 1.87105e-16
4700.01 1.84639e-16
4701.47 1.72861e-16
4702.93 1.86684e-16
4704.39 1.97438e-16
4705.85 2.08438e-16
4707.31 2.02123e-16
4708.77 1.91291e-16
4710.23 2.01227e-16
4711.69 2.2898e-16
4713.15 1.93445e-16
4714.61 2.04671e-16
4716.07 2.31263e-16
4717.53 1.8744e-16
4718.99 1.26658e-16
4720.45 2.00803e-16
4721.91 2.74417e-16
4723.37 2.28475e-16
4724.83 2.09555e-16
4726.29 1.98657e-16
4727.75 1.7995e-16
4729.21 1.85738e-16
4730.67 2.16854e-16
4732.13 2.00118e-16
4733.59 1.6132e-16
4735.04 1.75773e-16
4736.5 1.98151e-16
4737.96 2.1581e-16
4739.42 1.83319e-16
4740.88 1.60049e-16
4742.34 1.90066e-16
4743.8 1.89033e-16
4745.26 1.69496e-16
4746.72 1.59013e-16
4748.18 2.16851e-16
4749.64 2.37016e-16
4751.1 2.01369e-16
4752.56 1.81647e-16
4754.02 1.69055e-16
4755.48 1.57268e-16
4756.94 1.76618e-16
4758.4 1.77962e-16
4759.86 1.81693e-16
4761.32 1.92568e-16
4762.78 1.91891e-16
4764.24 1.76199e-16
4765.7 1.75534e-16
4767.16 1.42839e-16
4768.62 1.49701e-16
4770.08 2.01462e-16
4771.54 2.17717e-16
4773 2.15663e-16
4774.46 1.89178e-16
4775.92 1.71412e-16
4777.38 1.85751e-16
4778.84 2.22913e-16
4780.3 2.06082e-16
4781.76 1.69481e-16
4783.22 1.90385e-16
4784.68 1.75131e-16
4786.14 1.52659e-16
4787.6 1.58053e-16
4789.06 1.41771e-16
4790.52 1.80279e-16
4791.98 2.10888e-16
4793.44 1.89929e-16
4794.9 1.83494e-16
4796.36 2.14951e-16
4797.82 2.49318e-16
4799.28 2.26837e-16
4800.73 2.48631e-16
4802.19 2.4627e-16
4803.65 2.26617e-16
4805.11 2.18553e-16
4806.57 1.80136e-16
4808.03 1.59804e-16
4809.49 1.53322e-16
4810.95 1.63713e-16
4812.41 1.46756e-16
4813.87 1.57362e-16
4815.33 1.60402e-16
4816.79 1.616e-16
4818.25 1.68202e-16
4819.71 1.50988e-16
4821.17 1.53563e-16
4822.63 1.9707e-16
4824.09 2.203e-16
4825.55 1.89015e-16
4827.01 1.86258e-16
4828.47 1.83831e-16
4829.93 2.05029e-16
4831.39 2.11935e-16
4832.85 2.07683e-16
4834.31 2.05937e-16
4835.77 2.012e-16
4837.23 2.102e-16
4838.69 2.18859e-16
4840.15 2.1561e-16
4841.61 1.82646e-16
4843.07 1.70674e-16
4844.53 1.70869e-16
4845.99 1.71063e-16
4847.45 1.71258e-16
4848.91 1.71452e-16
4850.37 1.71648e-16
4851.83 1.71842e-16
4853.29 1.72036e-16
4854.75 1.7223e-16
4856.21 1.72424e-16
4857.67 1.72618e-16
4859.13 1.72812e-16
4860.59 1.73006e-16
4862.05 1.732e-16
4863.51 1.73394e-16
4864.97 1.73587e-16
4866.43 1.73781e-16
4867.88 1.73974e-16
4869.34 1.74167e-16
4870.8 1.74361e-16
4872.26 1.74554e-16
4873.72 1.74747e-16
4875.18 1.74941e-16
4876.64 1.75134e-16
4878.1 1.75327e-16
4879.56 1.7552e-16
4881.02 2.02816e-16
4882.48 2.46487e-16
4883.94 2.55597e-16
4885.4 2.60836e-16
4886.86 2.50031e-16
4888.32 2.18758e-16
4889.78 2.08354e-16
4891.24 2.26829e-16
4892.7 2.22519e-16
4894.16 1.86984e-16
4895.62 2.19172e-16
4897.08 2.31245e-16
4898.54 2.23991e-16
4900 2.45617e-16
4901.46 2.34518e-16
4902.92 2.19551e-16
4904.38 2.26244e-16
4905.84 1.88463e-16
4907.3 1.89253e-16
4908.76 2.32463e-16
4910.22 2.4349e-16
4911.68 2.18251e-16
4913.14 2.35904e-16
4914.6 2.48384e-16
4916.06 2.33646e-16
4917.52 1.98134e-16
4918.98 1.90124e-16
4920.44 2.03452e-16
4921.9 2.09112e-16
4923.36 2.28966e-16
4924.82 2.38417e-16
4926.28 2.13487e-16
4927.74 2.0947e-16
4929.2 2.06921e-16
4930.66 2.16588e-16
4932.12 2.38628e-16
4933.57 2.65619e-16
4935.03 2.64675e-16
4936.49 2.35366e-16
4937.95 2.3803e-16
4939.41 2.42252e-16
4940.87 2.42598e-16
4942.33 2.4349e-16
4943.79 2.44384e-16
4945.25 2.45278e-16
4946.71 2.46172e-16
4948.17 2.47067e-16
4949.63 2.47962e-16
4951.09 2.48858e-16
4952.55 2.49754e-16
4954.01 2.50652e-16
4955.47 2.51549e-16
4956.93 2.52447e-16
4958.39 2.53345e-16
4959.85 2.54244e-16
4961.31 2.55143e-16
4962.77 2.56043e-16
4964.23 2.56943e-16
4965.69 2.57844e-16
4967.15 2.58745e-16
4968.61 2.59647e-16
4970.07 2.60549e-16
4971.53 2.61452e-16
4972.99 2.62354e-16
4974.45 2.63258e-16
4975.91 2.64162e-16
4977.37 2.65066e-16
4978.83 2.46099e-16
4980.29 2.31406e-16
4981.75 2.57624e-16
4983.21 2.7787e-16
4984.67 2.24284e-16
4986.13 2.08883e-16
4987.59 2.06797e-16
4989.05 2.06141e-16
4990.51 2.07524e-16
4991.97 2.08909e-16
4993.43 2.10294e-16
4994.89 2.11679e-16
4996.35 2.13067e-16
4997.81 2.14455e-16
4999.26 2.15834e-16
5000.72 2.17224e-16
5002.18 2.18614e-16
5003.64 2.20006e-16
5005.1 2.21399e-16
5006.56 2.22793e-16
5008.02 2.24187e-16
5009.48 2.25582e-16
5010.94 2.26979e-16
5012.4 2.28376e-16
5013.86 2.29773e-16
5015.32 2.31172e-16
5016.78 2.32572e-16
5018.24 2.33972e-16
5019.7 2.35373e-16
5021.16 2.36776e-16
5022.62 2.38179e-16
5024.08 2.39583e-16
5025.54 2.40987e-16
5027 2.36705e-16
5028.46 1.9728e-16
5029.92 2.12407e-16
5031.38 2.55592e-16
5032.84 2.88164e-16
5034.3 2.66342e-16
5035.76 2.36559e-16
5037.22 2.20205e-16
5038.68 2.32982e-16
5040.14 2.69634e-16
5041.6 2.81049e-16
5043.06 2.63272e-16
5044.52 2.09058e-16
5045.98 2.16842e-16
5047.44 2.55265e-16
5048.9 2.81945e-16
5050.36 2.85423e-16
5051.82 2.57139e-16
5053.28 2.13745e-16
5054.74 2.49815e-16
5056.2 2.45569e-16
5057.66 2.57384e-16
5059.12 2.79567e-16
5060.58 2.58517e-16
5062.04 2.3762e-16
5063.5 2.32482e-16
5064.96 2.46878e-16
5066.41 2.76855e-16
5067.87 2.64853e-16
5069.33 2.41202e-16
5070.79 2.40832e-16
5072.25 2.4557e-16
5073.71 2.53932e-16
5075.17 2.52655e-16
5076.63 2.34017e-16
5078.09 2.44789e-16
5079.55 2.02201e-16
5081.01 1.53768e-16
5082.47 1.88202e-16
5083.93 1.86878e-16
5085.39 2.16314e-16
5086.85 2.89399e-16
5088.31 2.75142e-16
5089.77 2.64219e-16
5091.23 2.7576e-16
5092.69 2.64711e-16
5094.15 2.66301e-16
5095.61 2.70633e-16
5097.07 2.55167e-16
5098.53 2.45867e-16
5099.99 2.66402e-16
5101.45 2.58266e-16
5102.91 2.15033e-16
5104.37 2.17848e-16
5105.83 2.04803e-16
5107.29 2.16652e-16
5108.75 2.31836e-16
5110.21 2.66341e-16
5111.67 2.71952e-16
5113.13 2.61611e-16
5114.59 2.29841e-16
5116.05 2.47122e-16
5117.51 2.54418e-16
5118.97 2.61064e-16
5120.43 2.50556e-16
5121.89 2.9383e-16
5123.35 3.50055e-16
5124.81 2.89706e-16
5126.27 2.41946e-16
5127.73 1.98709e-16
5129.19 2.17878e-16
5130.65 2.73519e-16
5132.11 2.51962e-16
5133.57 2.19104e-16
5135.03 2.54293e-16
5136.48 2.68359e-16
5137.94 2.64572e-16
5139.4 2.49765e-16
5140.86 2.53737e-16
5142.32 2.72785e-16
5143.78 2.6623e-16
5145.24 2.64554e-16
5146.7 2.82559e-16
5148.16 2.75664e-16
5149.62 2.37054e-16
5151.08 1.98411e-16
5152.54 2.24564e-16
5154 2.6857e-16
5155.46 2.40089e-16
5156.92 2.24818e-16
5158.38 2.38496e-16
5159.84 2.57736e-16
5161.3 2.69984e-16
5162.76 2.60802e-16
5164.22 2.54151e-16
5165.68 2.45549e-16
5167.14 2.57739e-16
5168.6 2.5453e-16
5170.06 2.69878e-16
5171.52 2.48438e-16
5172.98 1.93316e-16
5174.44 2.15183e-16
5175.9 2.55789e-16
5177.36 2.51478e-16
5178.82 2.49855e-16
5180.28 2.56394e-16
5181.74 2.54974e-16
5183.2 2.26548e-16
5184.66 2.44716e-16
5186.12 2.68914e-16
5187.58 2.51343e-16
5189.04 2.59703e-16
5190.5 2.65276e-16
5191.96 2.37091e-16
5193.42 2.70752e-16
5194.88 2.79683e-16
5196.34 2.58984e-16
5197.8 2.48813e-16
5199.26 2.45274e-16
5200.72 2.31477e-16
5202.17 2.43719e-16
5203.63 2.59931e-16
5205.09 2.54795e-16
5206.55 2.62382e-16
5208.01 2.74936e-16
5209.47 2.90519e-16
5210.93 2.58872e-16
5212.39 2.42628e-16
5213.85 2.46854e-16
5215.31 2.67474e-16
5216.77 2.72332e-16
5218.23 2.51913e-16
5219.69 2.27789e-16
5221.15 2.40875e-16
5222.61 2.54183e-16
5224.07 2.49419e-16
5225.53 2.79319e-16
5226.99 2.97802e-16
5228.45 2.82867e-16
5229.91 2.6613e-16
5231.37 2.50704e-16
5232.83 2.61398e-16
5234.29 2.86832e-16
5235.75 3.06738e-16
5237.21 2.87834e-16
5238.67 2.75584e-16
5240.13 2.6789e-16
5241.59 2.65548e-16
5243.05 2.66941e-16
5244.51 2.74444e-16
5245.97 2.46497e-16
5247.43 2.39486e-16
5248.89 2.79874e-16
5250.35 2.98397e-16
5251.81 2.76905e-16
5253.27 3.04026e-16
5254.73 3.38003e-16
5256.19 3.43062e-16
5257.65 3.47687e-16
5259.11 3.54968e-16
5260.57 3.54536e-16
5262.03 3.48132e-16
5263.49 3.2671e-16
5264.95 2.67094e-16
5266.41 2.65588e-16
5267.87 3.25586e-16
5269.32 3.33267e-16
5270.78 3.17219e-16
5272.24 3.19126e-16
5273.7 3.15276e-16
5275.16 3.19284e-16
5276.62 3.0776e-16
5278.08 2.85141e-16
5279.54 2.8959e-16
5281 3.18346e-16
5282.46 3.17312e-16
5283.92 3.04516e-16
5285.38 3.25082e-16
5286.84 3.35256e-16
5288.3 3.06154e-16
5289.76 3.0207e-16
5291.22 3.19264e-16
5292.68 3.1698e-16
5294.14 2.80047e-16
5295.6 2.38076e-16
5297.06 2.75831e-16
5298.52 3.26155e-16
5299.98 3.25369e-16
5301.44 3.39862e-16
5302.9 3.58328e-16
5304.36 3.65899e-16
5305.82 3.84834e-16
5307.28 3.87355e-16
5308.74 3.67598e-16
5310.2 3.27769e-16
5311.66 3.19532e-16
5313.12 3.48039e-16
5314.58 3.35839e-16
5316.04 3.27869e-16
5317.5 3.31263e-16
5318.96 3.36549e-16
5320.42 3.6014e-16
5321.88 3.6575e-16
5323.34 3.52964e-16
5324.8 3.20043e-16
5326.26 3.08356e-16
5327.72 3.40147e-16
5329.18 3.70289e-16
5330.64 3.60164e-16
5332.1 3.35581e-16
5333.56 3.24327e-16
5335.01 3.09646e-16
5336.47 3.0863e-16
5337.93 3.3468e-16
5339.39 3.57569e-16
5340.85 3.70037e-16
5342.31 3.58202e-16
5343.77 3.14373e-16
5345.23 3.00558e-16
5346.69 3.32558e-16
5348.15 3.59609e-16
5349.61 3.59482e-16
5351.07 3.23959e-16
5352.53 3.03478e-16
5353.99 3.10284e-16
5355.45 3.26667e-16
5356.91 3.22463e-16
5358.37 3.31874e-16
5359.83 3.3444e-16
5361.29 3.28381e-16
5362.75 3.43814e-16
5364.21 4.05811e-16
5365.67 3.9154e-16
5367.13 3.24705e-16
5368.59 3.16497e-16
5370.05 3.70505e-16
5371.51 3.97583e-16
5372.97 3.57795e-16
5374.43 3.63432e-16
5375.89 3.74526e-16
5377.35 3.54371e-16
5378.81 3.08113e-16
5380.27 3.09682e-16
5381.73 3.24414e-16
5383.19 3.45269e-16
5384.65 3.45882e-16
5386.11 3.07167e-16
5387.57 3.39306e-16
5389.03 3.60343e-16
5390.49 3.02975e-16
5391.95 2.73177e-16
5393.41 3.2496e-16
5394.87 3.56496e-16
5396.33 3.32405e-16
5397.79 3.15786e-16
5399.25 3.16273e-16
5400.7 3.25776e-16
5402.16 3.21602e-16
5403.62 3.31702e-16
5405.08 3.51994e-16
5406.54 3.1515e-16
5408 3.3677e-16
5409.46 3.73318e-16
5410.92 3.60755e-16
5412.38 3.62281e-16
5413.84 3.59247e-16
5415.3 3.90308e-16
5416.76 4.05249e-16
5418.22 4.19288e-16
5419.68 4.25809e-16
5421.14 3.94863e-16
5422.6 3.44848e-16
5424.06 3.47852e-16
5425.52 3.71723e-16
5426.98 3.55363e-16
5428.44 3.27818e-16
5429.9 3.5286e-16
5431.36 3.92972e-16
5432.82 3.55836e-16
5434.28 3.15123e-16
5435.74 3.36353e-16
5437.2 3.66862e-16
5438.66 3.92447e-16
5440.12 4.02788e-16
5441.58 3.75709e-16
5443.04 4.0085e-16
5444.5 4.204e-16
5445.96 3.95074e-16
5447.42 3.39128e-16
5448.88 3.35222e-16
5450.34 4.0638e-16
5451.8 4.23982e-16
5453.26 3.98705e-16
5454.72 4.27318e-16
5456.18 4.50627e-16
5457.64 4.18285e-16
5459.1 3.76807e-16
5460.56 3.91282e-16
5462.02 4.11299e-16
5463.48 3.97466e-16
5464.94 3.88162e-16
5466.4 4.03626e-16
5467.85 4.38311e-16
5469.31 4.42989e-16
5470.77 4.27298e-16
5472.23 4.18642e-16
5473.69 3.98006e-16
5475.15 4.08109e-16
5476.61 4.35348e-16
5478.07 3.91264e-16
5479.53 3.4314e-16
5480.99 3.65662e-16
5482.45 4.10448e-16
5483.91 4.30231e-16
5485.37 4.33556e-16
5486.83 4.14605e-16
5488.29 4.12453e-16
5489.75 3.78359e-16
5491.21 3.59927e-16
5492.67 3.4562e-16
5494.13 3.6381e-16
5495.59 3.88106e-16
5497.05 3.75547e-16
5498.51 3.48776e-16
5499.97 3.61106e-16
5501.43 4.11224e-16
5502.89 3.92452e-16
5504.35 3.92226e-16
5505.81 3.7015e-16
5507.27 3.50165e-16
5508.73 3.35532e-16
5510.19 3.71461e-16
5511.65 3.81399e-16
5513.11 3.48794e-16
5514.57 3.45915e-16
5516.03 3.63036e-16
5517.49 3.56062e-16
5518.95 3.44473e-16
5520.41 3.73402e-16
5521.87 3.761e-16
5523.33 3.78512e-16
5524.79 3.85366e-16
5526.25 3.61747e-16
5527.71 3.38587e-16
5529.17 3.35335e-16
5530.63 3.37918e-16
5532.09 3.405e-16
5533.54 3.43062e-16
5535 3.45642e-16
5536.46 3.48222e-16
5537.92 3.508e-16
5539.38 3.53377e-16
5540.84 3.55954e-16
5542.3 3.58529e-16
5543.76 3.61104e-16
5545.22 3.63677e-16
5546.68 3.6625e-16
5548.14 3.68822e-16
5549.6 3.71393e-16
5551.06 3.73963e-16
5552.52 3.74658e-16
5553.98 3.57658e-16
5555.44 3.37096e-16
5556.9 3.58045e-16
5558.36 3.6195e-16
5559.82 3.60095e-16
5561.28 3.43066e-16
5562.74 3.23464e-16
5564.2 3.29093e-16
5565.66 3.28522e-16
5567.12 3.41589e-16
5568.58 3.42971e-16
5570.04 3.38419e-16
5571.5 3.50775e-16
5572.96 3.44556e-16
5574.42 3.36882e-16
5575.88 3.19907e-16
5577.34 3.02973e-16
5578.8 3.15237e-16
5580.26 2.8488e-16
5581.72 2.47181e-16
5583.18 2.80885e-16
5584.64 2.85548e-16
5586.1 2.36345e-16
5587.56 2.5303e-16
5589.02 2.86981e-16
5590.48 2.73103e-16
5591.94 2.89972e-16
5593.4 3.11323e-16
5594.86 3.144e-16
5596.32 3.02815e-16
5597.78 2.66115e-16
5599.24 2.6498e-16
5600.7 2.85203e-16
5602.16 2.8939e-16
5603.61 2.77222e-16
5605.07 2.5287e-16
5606.53 2.56662e-16
5607.99 2.90335e-16
5609.45 3.01752e-16
5610.91 2.80999e-16
5612.37 2.76744e-16
5613.83 2.96165e-16
5615.29 2.99054e-16
5616.75 3.03442e-16
5618.21 3.13971e-16
5619.67 2.91865e-16
5621.13 2.47779e-16
5622.59 2.24376e-16
5624.05 2.37015e-16
5625.51 2.51182e-16
5626.97 2.58136e-16
5628.43 2.64923e-16
5629.89 2.70139e-16
5631.35 2.73256e-16
5632.81 2.89263e-16
5634.27 2.63791e-16
5635.73 2.21871e-16
5637.19 2.764e-16
5638.65 2.97943e-16
5640.11 2.52147e-16
5641.57 2.55158e-16
5643.03 2.59942e-16
5644.49 2.42455e-16
5645.95 2.2226e-16
5647.41 2.2967e-16
5648.87 2.70332e-16
5650.33 2.56113e-16
5651.79 2.4735e-16
5653.25 2.43595e-16
5654.71 2.27394e-16
5656.17 2.43327e-16
5657.63 2.91679e-16
5659.09 2.82499e-16
5660.55 2.22956e-16
5662.01 2.2969e-16
5663.47 2.77583e-16
5664.93 2.66314e-16
5666.39 2.36665e-16
5667.85 2.80622e-16
5669.31 2.8436e-16
5670.76 2.5486e-16
5672.22 2.60214e-16
5673.68 2.64658e-16
5675.14 2.80428e-16
5676.6 3.10804e-16
5678.06 2.82496e-16
5679.52 2.35638e-16
5680.98 2.32575e-16
5682.44 2.47999e-16
5683.9 2.69366e-16
5685.36 2.65546e-16
5686.82 2.48841e-16
5688.28 2.26732e-16
5689.74 2.33339e-16
5691.2 2.61558e-16
5692.66 2.65863e-16
5694.12 2.91217e-16
5695.58 2.93791e-16
5697.04 2.59038e-16
5698.5 2.57422e-16
5699.96 2.4223e-16
5701.42 2.30197e-16
5702.88 2.34607e-16
5704.34 2.6399e-16
5705.8 2.9543e-16
5707.26 3.11295e-16
5708.72 3.00098e-16
5710.18 2.94765e-16
5711.64 3.09324e-16
5713.1 2.82025e-16
5714.56 2.59824e-16
5716.02 2.74856e-16
5717.48 2.77963e-16
5718.94 2.77244e-16
5720.4 3.09613e-16
5721.86 3.06326e-16
5723.32 2.76662e-16
5724.78 2.8686e-16
5726.24 2.83709e-16
5727.7 2.73776e-16
5729.16 2.86785e-16
5730.62 2.72071e-16
5732.08 2.57624e-16
5733.54 2.90162e-16
5735 3.04187e-16
5736.45 2.9929e-16
5737.91 3.06451e-16
5739.37 2.81982e-16
5740.83 2.49864e-16
5742.29 2.74913e-16
5743.75 3.13375e-16
5745.21 2.93661e-16
5746.67 2.61656e-16
5748.13 2.69932e-16
5749.59 2.99343e-16
5751.05 3.3451e-16
5752.51 3.41164e-16
5753.97 3.16773e-16
5755.43 3.1371e-16
5756.89 3.29245e-16
5758.35 3.30985e-16
5759.81 2.80782e-16
5761.27 2.34866e-16
5762.73 2.62807e-16
5764.19 2.9521e-16
5765.65 2.94597e-16
5767.11 2.8799e-16
5768.57 3.01352e-16
5770.03 3.19645e-16
5771.49 3.21879e-16
5772.95 3.33888e-16
5774.41 3.49431e-16
5775.87 3.47606e-16
5777.33 3.29911e-16
5778.79 3.31834e-16
5780.25 3.39327e-16
5781.71 3.49801e-16
5783.17 3.67054e-16
5784.63 3.68829e-16
5786.09 3.23523e-16
5787.55 3.22869e-16
5789.01 3.83838e-16
5790.47 3.94713e-16
5791.93 3.58888e-16
5793.39 3.61383e-16
5794.85 3.85019e-16
5796.31 3.74976e-16
5797.77 3.73865e-16
5799.23 3.90256e-16
5800.69 3.60706e-16
5802.14 3.17742e-16
5803.6 3.56188e-16
5805.06 4.22297e-16
5806.52 4.1489e-16
5807.98 3.80932e-16
5809.44 3.5216e-16
5810.9 3.43277e-16
5812.36 3.64384e-16
5813.82 3.82587e-16
5815.28 4.09098e-16
5816.74 4.00623e-16
5818.2 3.73099e-16
5819.66 3.73356e-16
5821.12 3.61326e-16
5822.58 3.74726e-16
5824.04 4.18509e-16
5825.5 3.80212e-16
5826.96 3.2051e-16
5828.42 3.86052e-16
5829.88 4.32174e-16
5831.34 3.79527e-16
5832.8 3.56023e-16
5834.26 3.88241e-16
5835.72 4.05417e-16
5837.18 3.96129e-16
5838.64 4.00204e-16
5840.1 4.0178e-16
5841.56 4.07958e-16
5843.02 3.93194e-16
5844.48 3.82433e-16
5845.94 3.76525e-16
5847.4 3.8274e-16
5848.86 4.08497e-16
5850.32 3.86646e-16
5851.78 3.86912e-16
5853.24 4.23013e-16
5854.7 4.11034e-16
5856.16 3.95578e-16
5857.62 4.01603e-16
5859.08 4.37565e-16
5860.54 4.6077e-16
5862 4.37097e-16
5863.46 4.30557e-16
5864.92 4.49767e-16
5866.38 4.33169e-16
5867.84 4.57731e-16
5869.29 4.82953e-16
5870.75 4.69699e-16
5872.21 4.72199e-16
5873.67 4.76852e-16
5875.13 4.58128e-16
5876.59 4.17627e-16
5878.05 4.10236e-16
5879.51 4.10154e-16
5880.97 4.04414e-16
5882.43 4.25953e-16
5883.89 4.34585e-16
5885.35 4.32119e-16
5886.81 4.2304e-16
5888.27 4.32058e-16
5889.73 4.43379e-16
5891.19 4.44528e-16
5892.65 4.42991e-16
5894.11 4.37041e-16
5895.57 4.422e-16
5897.03 4.576e-16
5898.49 4.4824e-16
5899.95 4.43974e-16
5901.41 4.7236e-16
5902.87 4.65058e-16
5904.33 4.50119e-16
5905.79 4.7057e-16
5907.25 4.69906e-16
5908.71 4.00578e-16
5910.17 3.91272e-16
5911.63 4.3328e-16
5913.09 4.18381e-16
5914.55 4.31567e-16
5916.01 4.54181e-16
5917.47 4.60643e-16
5918.93 4.4242e-16
5920.39 4.18465e-16
5921.85 4.17297e-16
5923.31 4.41383e-16
5924.77 4.30679e-16
5926.23 4.10998e-16
5927.69 4.17406e-16
5929.15 4.2583e-16
5930.61 3.95991e-16
5932.07 3.80877e-16
5933.53 4.1795e-16
5934.98 4.25114e-16
5936.44 4.23045e-16
5937.9 4.4163e-16
5939.36 4.22255e-16
5940.82 3.90918e-16
5942.28 3.90794e-16
5943.74 4.17079e-16
5945.2 4.25688e-16
5946.66 4.0247e-16
5948.12 4.30455e-16
5949.58 4.57036e-16
5951.04 4.09057e-16
5952.5 3.77522e-16
5953.96 4.03899e-16
5955.42 3.69467e-16
5956.88 3.23146e-16
5958.34 3.37217e-16
5959.8 3.34938e-16
5961.26 3.14313e-16
5962.72 3.4145e-16
5964.18 3.69929e-16
5965.64 3.75963e-16
5967.1 3.97798e-16
5968.56 3.85787e-16
5970.02 3.4522e-16
5971.48 3.64996e-16
5972.94 3.5467e-16
5974.4 3.04444e-16
5975.86 3.16851e-16
5977.32 3.519e-16
5978.78 3.80723e-16
5980.24 3.94404e-16
5981.7 3.76507e-16
5983.16 3.49756e-16
5984.62 3.55141e-16
5986.08 3.90649e-16
5987.54 3.91602e-16
5989 3.41721e-16
5990.46 3.0557e-16
5991.92 3.17672e-16
5993.38 3.60758e-16
5994.84 3.51688e-16
5996.3 2.98985e-16
5997.76 2.97396e-16
5999.22 3.2842e-16
6000.68 3.42051e-16
6002.13 3.37196e-16
6003.59 3.27411e-16
6005.05 2.93563e-16
6006.51 2.65126e-16
6007.97 2.90517e-16
6009.43 3.39824e-16
6010.89 3.4453e-16
6012.35 3.2126e-16
6013.81 3.24472e-16
6015.27 3.39724e-16
6016.73 3.51867e-16
6018.19 3.32853e-16
6019.65 3.04994e-16
6021.11 3.16627e-16
6022.57 3.26148e-16
6024.03 3.00405e-16
6025.49 2.78717e-16
6026.95 2.8501e-16
6028.41 2.76469e-16
6029.87 2.71866e-16
6031.33 3.09597e-16
6032.79 3.37809e-16
6034.25 3.24701e-16
6035.71 3.17741e-16
6037.17 3.35423e-16
6038.63 3.19389e-16
6040.09 3.06181e-16
6041.55 3.3499e-16
6043.01 3.39297e-16
6044.47 3.11962e-16
6045.93 3.22558e-16
6047.39 3.18965e-16
6048.85 2.77888e-16
6050.31 2.55604e-16
6051.77 2.33024e-16
6053.23 2.47038e-16
6054.69 3.09751e-16
6056.15 3.18904e-16
6057.61 2.97841e-16
6059.07 3.34353e-16
6060.53 3.30183e-16
6061.99 2.90782e-16
6063.45 2.83044e-16
6064.91 3.02847e-16
6066.37 3.06533e-16
6067.83 3.00127e-16
6069.29 2.87565e-16
6070.74 2.6143e-16
6072.2 2.51959e-16
6073.66 2.70023e-16
6075.12 2.83525e-16
6076.58 2.6848e-16
6078.04 2.59468e-16
6079.5 2.75563e-16
6080.96 2.90094e-16
6082.42 2.64428e-16
6083.88 2.66202e-16
6085.34 2.95411e-16
6086.8 3.01726e-16
6088.26 2.74309e-16
6089.72 2.43586e-16
6091.18 2.78764e-16
6092.64 2.96545e-16
6094.1 2.66933e-16
6095.56 2.60643e-16
6097.02 2.79507e-16
6098.48 2.99935e-16
6099.94 2.646e-16
6101.4 2.62318e-16
6102.86 3.02859e-16
6104.32 2.93415e-16
6105.78 2.84781e-16
6107.24 3.1693e-16
6108.7 3.61452e-16
6110.16 3.16913e-16
6111.62 2.6687e-16
6113.08 2.8071e-16
6114.54 3.1463e-16
6116 3.44866e-16
6117.46 3.48586e-16
6118.92 3.19042e-16
6120.38 2.93285e-16
6121.84 2.98898e-16
6123.3 2.97185e-16
6124.76 2.83897e-16
6126.22 2.97652e-16
6127.68 3.19088e-16
6129.14 2.73517e-16
6130.6 2.54899e-16
6132.06 2.92131e-16
6133.52 3.15027e-16
6134.98 3.13372e-16
6136.44 2.98686e-16
6137.89 2.86886e-16
6139.35 2.90987e-16
6140.81 3.08568e-16
6142.27 3.20248e-16
6143.73 3.29488e-16
6145.19 3.40697e-16
6146.65 3.16935e-16
6148.11 2.97869e-16
6149.57 3.20294e-16
6151.03 3.39597e-16
6152.49 3.54959e-16
6153.95 3.68939e-16
6155.41 3.62284e-16
6156.87 3.19336e-16
6158.33 3.07437e-16
6159.79 3.48736e-16
6161.25 3.70301e-16
6162.71 3.37497e-16
6164.17 3.19618e-16
6165.63 3.14697e-16
6167.09 3.02946e-16
6168.55 3.16925e-16
6170.01 3.24367e-16
6171.47 3.00141e-16
6172.93 2.96965e-16
6174.39 3.14505e-16
6175.85 3.10613e-16
6177.31 3.08033e-16
6178.77 3.2202e-16
6180.23 3.2964e-16
6181.69 3.21786e-16
6183.15 3.28046e-16
6184.61 3.24598e-16
6186.07 3.1346e-16
6187.53 3.28835e-16
6188.99 3.34105e-16
6190.45 2.99701e-16
6191.91 2.55517e-16
6193.37 2.5828e-16
6194.83 3.0161e-16
6196.29 3.07121e-16
6197.75 2.95898e-16
6199.21 3.09166e-16
6200.67 2.91881e-16
6202.13 2.74443e-16
6203.58 2.99682e-16
6205.04 3.30499e-16
6206.5 3.20993e-16
6207.96 2.9103e-16
6209.42 2.88936e-16
6210.88 3.02798e-16
6212.34 3.17413e-16
6213.8 3.18998e-16
6215.26 3.07264e-16
6216.72 2.94796e-16
6218.18 2.92132e-16
6219.64 3.05484e-16
6221.1 3.21848e-16
6222.56 3.31113e-16
6224.02 3.20645e-16
6225.48 3.13567e-16
6226.94 3.13191e-16
6228.4 2.80216e-16
6229.86 2.50382e-16
6231.32 2.85374e-16
6232.78 3.34388e-16
6234.24 3.13885e-16
6235.7 2.83939e-16
6237.16 2.88902e-16
6238.62 2.92916e-16
6240.08 2.93436e-16
6241.54 3.01172e-16
6243 3.13482e-16
6244.46 3.2262e-16
6245.92 3.38963e-16
6247.38 3.31303e-16
6248.84 3.27294e-16
6250.3 3.33634e-16
6251.76 3.12337e-16
6253.22 3.07596e-16
6254.68 2.9384e-16
6256.14 2.81295e-16
6257.6 2.98141e-16
6259.06 3.02099e-16
6260.52 2.86023e-16
6261.98 2.79268e-16
6263.44 2.77547e-16
6264.9 2.69212e-16
6266.36 2.60939e-16
6267.82 2.63544e-16
6269.28 2.76565e-16
6270.73 2.81118e-16
6272.19 2.63896e-16
6273.65 2.73813e-16
6275.11 3.22223e-16
6276.57 3.37661e-16
6278.03 3.17398e-16
6279.49 2.93508e-16
6280.95 2.8711e-16
6282.41 2.91304e-16
6283.87 2.84791e-16
6285.33 2.99907e-16
6286.79 3.0304e-16
6288.25 2.90938e-16
6289.71 3.12534e-16
6291.17 3.07647e-16
6292.63 2.90348e-16
6294.09 3.17509e-16
6295.55 3.40248e-16
6297.01 3.4605e-16
6298.47 3.36446e-16
6299.93 2.93824e-16
6301.39 2.85937e-16
6302.85 3.18815e-16
6304.31 3.17579e-16
6305.77 3.10864e-16
6307.23 3.18977e-16
6308.69 3.11843e-16
6310.15 3.08955e-16
6311.61 3.07558e-16
6313.07 3.01004e-16
6314.53 2.93827e-16
6315.99 2.87794e-16
6317.45 2.93806e-16
6318.91 3.10474e-16
6320.37 3.36847e-16
6321.83 3.42426e-16
6323.29 3.14e-16
6324.75 3.00716e-16
6326.21 2.86753e-16
6327.67 2.47526e-16
6329.13 2.35427e-16
6330.59 2.69905e-16
6332.05 3.14121e-16
6333.51 3.28396e-16
6334.97 3.10312e-16
6336.42 2.98064e-16
6337.88 2.79976e-16
6339.34 2.7113e-16
6340.8 2.96321e-16
6342.26 2.94254e-16
6343.72 2.67049e-16
6345.18 2.58141e-16
6346.64 2.75006e-16
6348.1 2.99914e-16
6349.56 3.07919e-16
6351.02 3.2168e-16
6352.48 3.30203e-16
6353.94 3.24092e-16
6355.4 3.12658e-16
6356.86 3.30203e-16
6358.32 3.75403e-16
6359.78 3.8175e-16
6361.24 3.48116e-16
6362.7 3.31187e-16
6364.16 3.21947e-16
6365.62 3.0616e-16
6367.08 3.3506e-16
6368.54 3.55798e-16
6370 3.19438e-16
6371.46 3.02639e-16
6372.92 3.14072e-16
6374.38 3.09173e-16
6375.84 3.01034e-16
6377.3 2.94482e-16
6378.76 2.91279e-16
6380.22 2.90678e-16
6381.68 3.06439e-16
6383.14 3.21042e-16
6384.6 3.16721e-16
6386.06 3.32291e-16
6387.52 3.37385e-16
6388.98 3.25278e-16
6390.44 3.30738e-16
6391.9 3.19005e-16
6393.36 2.98288e-16
6394.82 3.05947e-16
6396.28 3.2523e-16
6397.74 3.24564e-16
6399.2 3.17554e-16
6400.66 3.13763e-16
6402.12 2.8589e-16
6403.57 2.70532e-16
6405.03 2.78475e-16
6406.49 2.93797e-16
6407.95 3.07269e-16
6409.41 3.0024e-16
6410.87 2.9761e-16
6412.33 2.89247e-16
6413.79 2.67128e-16
6415.25 2.77007e-16
6416.71 3.07511e-16
6418.17 3.17422e-16
6419.63 3.06461e-16
6421.09 2.8592e-16
6422.55 2.85806e-16
6424.01 2.95197e-16
6425.47 3.007e-16
6426.93 3.13301e-16
6428.39 3.36798e-16
6429.85 3.65343e-16
6431.31 3.51059e-16
6432.77 3.24224e-16
6434.23 3.22285e-16
6435.69 3.11437e-16
6437.15 3.02678e-16
6438.61 2.97457e-16
6440.07 3.01714e-16
6441.53 3.05492e-16
6442.99 2.72086e-16
6444.45 2.53789e-16
6445.91 2.57471e-16
6447.37 2.63893e-16
6448.83 2.79476e-16
6450.29 2.96074e-16
6451.75 3.0468e-16
6453.21 2.99994e-16
6454.67 2.84997e-16
6456.13 2.88287e-16
6457.59 3.09117e-16
6459.05 3.10564e-16
6460.51 3.03761e-16
6461.97 3.12686e-16
6463.43 3.1216e-16
6464.89 3.02847e-16
6466.35 3.23207e-16
6467.81 3.02458e-16
6469.26 2.4564e-16
6470.72 2.64217e-16
6472.18 2.98388e-16
6473.64 2.85642e-16
6475.1 2.81102e-16
6476.56 2.81461e-16
6478.02 2.8149e-16
6479.48 3.11132e-16
6480.94 3.32806e-16
6482.4 3.10588e-16
6483.86 3.01273e-16
6485.32 3.07634e-16
6486.78 2.85218e-16
6488.24 2.74979e-16
6489.7 2.90921e-16
6491.16 2.94023e-16
6492.62 2.97968e-16
6494.08 3.05641e-16
6495.54 3.17063e-16
6497 3.08645e-16
6498.46 2.60725e-16
6499.92 2.554e-16
6501.38 3.10773e-16
6502.84 3.41947e-16
6504.3 3.53264e-16
6505.76 3.28352e-16
6507.22 2.85352e-16
6508.68 2.9293e-16
6510.14 3.06533e-16
6511.6 2.90541e-16
6513.06 2.64035e-16
6514.52 2.77562e-16
6515.98 3.03956e-16
6517.44 3.01039e-16
6518.9 3.10593e-16
6520.36 2.9664e-16
6521.82 2.72925e-16
6523.28 2.92529e-16
6524.74 3.06183e-16
6526.2 2.97889e-16
6527.66 3.00329e-16
6529.12 2.94305e-16
6530.58 2.89914e-16
6532.04 2.88201e-16
6533.5 2.8649e-16
6534.96 2.8478e-16
6536.41 2.83084e-16
6537.87 2.81377e-16
6539.33 2.79671e-16
6540.79 2.77967e-16
6542.25 2.76265e-16
6543.71 2.74564e-16
6545.17 2.72864e-16
6546.63 2.71166e-16
6548.09 2.69469e-16
6549.55 2.67774e-16
6551.01 2.6608e-16
6552.47 2.64388e-16
6553.93 2.62697e-16
6555.39 2.61007e-16
6556.85 2.59319e-16
6558.31 2.57632e-16
6559.77 2.55947e-16
6561.23 2.54264e-16
6562.69 2.52581e-16
6564.15 2.509e-16
6565.61 2.49221e-16
6567.07 2.47542e-16
6568.53 2.49408e-16
6569.99 2.52655e-16
6571.45 2.55899e-16
6572.91 2.59142e-16
6574.37 2.62381e-16
6575.83 2.65619e-16
6577.29 2.68855e-16
6578.75 2.72088e-16
6580.21 2.75318e-16
6581.67 2.78546e-16
6583.13 2.81771e-16
6584.59 2.85009e-16
6586.05 2.88236e-16
6587.51 2.91454e-16
6588.97 2.94669e-16
6590.43 2.97883e-16
6591.89 3.01093e-16
6593.35 3.04301e-16
6594.81 3.07507e-16
6596.27 3.1071e-16
6597.73 3.13912e-16
6599.19 3.17112e-16
6600.65 3.20308e-16
6602.11 3.23501e-16
6603.57 3.25362e-16
6605.02 3.0084e-16
6606.48 2.75346e-16
6607.94 2.73228e-16
6609.4 2.86882e-16
6610.86 2.81366e-16
6612.32 2.82416e-16
6613.78 3.05252e-16
6615.24 2.89145e-16
6616.7 2.7584e-16
6618.16 2.97452e-16
6619.62 2.70512e-16
6621.08 2.30058e-16
6622.54 2.43348e-16
6624 2.67702e-16
6625.46 2.98745e-16
6626.92 3.16986e-16
6628.38 3.15601e-16
6629.84 3.19571e-16
6631.3 3.10978e-16
6632.76 2.99458e-16
6634.22 2.8197e-16
6635.68 2.63732e-16
6637.14 2.66355e-16
6638.6 2.62539e-16
6640.06 2.74414e-16
6641.52 3.20826e-16
6642.98 3.40342e-16
6644.44 3.22076e-16
6645.9 3.05562e-16
6647.36 2.92212e-16
6648.82 2.89581e-16
6650.28 3.06414e-16
6651.74 3.06187e-16
6653.2 3.02698e-16
6654.66 3.14174e-16
6656.12 3.11546e-16
6657.58 3.04353e-16
6659.04 2.95115e-16
6660.5 2.74902e-16
6661.96 2.78779e-16
6663.42 2.9272e-16
6664.88 3.01812e-16
6666.34 3.18888e-16
6667.8 3.21634e-16
6669.26 3.16625e-16
6670.72 3.11692e-16
6672.17 2.91709e-16
6673.63 2.86253e-16
6675.09 2.96803e-16
6676.55 2.8165e-16
6678.01 2.70814e-16
6679.47 2.82351e-16
6680.93 3.00003e-16
6682.39 3.02827e-16
6683.85 2.84037e-16
6685.31 2.94427e-16
6686.77 3.12821e-16
6688.23 3.00081e-16
6689.69 2.8318e-16
6691.15 2.89976e-16
6692.61 3.05619e-16
6694.07 3.11626e-16
6695.53 2.89463e-16
6696.99 2.59915e-16
6698.45 2.50395e-16
6699.91 2.48374e-16
6701.37 2.46356e-16
6702.83 2.4434e-16
6704.29 2.42325e-16
6705.75 2.40311e-16
6707.21 2.38299e-16
6708.67 2.36288e-16
6710.13 2.3428e-16
6711.59 2.32272e-16
6713.05 2.32165e-16
6714.51 2.328e-16
6715.97 2.33435e-16
6717.43 2.3407e-16
6718.89 2.34704e-16
6720.35 2.3534e-16
6721.81 2.35975e-16
6723.27 2.36608e-16
6724.73 2.3724e-16
6726.19 2.37872e-16
6727.65 2.38504e-16
6729.11 2.39135e-16
6730.57 2.39766e-16
6732.03 2.40396e-16
6733.49 2.41026e-16
6734.95 2.41656e-16
6736.41 2.42286e-16
6737.86 2.4291e-16
6739.32 2.43539e-16
6740.78 2.44168e-16
6742.24 2.44796e-16
6743.7 2.45423e-16
6745.16 2.46051e-16
6746.62 2.46677e-16
6748.08 2.47304e-16
6749.54 2.4793e-16
6751 2.19369e-16
6752.46 1.91126e-16
6753.92 2.00966e-16
6755.38 1.98419e-16
6756.84 2.0887e-16
6758.3 2.31486e-16
6759.76 2.60524e-16
6761.22 2.58237e-16
6762.68 2.09854e-16
6764.14 2.06304e-16
6765.6 2.28359e-16
6767.06 2.2211e-16
6768.52 2.06292e-16
6769.98 1.99987e-16
6771.44 2.01281e-16
6772.9 2.24166e-16
6774.36 2.50007e-16
6775.82 2.4577e-16
6777.28 2.13683e-16
6778.74 1.91361e-16
6780.2 2.00488e-16
6781.66 1.9567e-16
6783.12 1.91988e-16
6784.58 2.00931e-16
6786.04 1.99914e-16
6787.5 2.21143e-16
6788.96 2.40812e-16
6790.42 2.41287e-16
6791.88 2.49158e-16
6793.34 2.24728e-16
6794.8 1.85812e-16
6796.26 1.67788e-16
6797.72 1.83454e-16
6799.18 2.10381e-16
6800.64 2.05619e-16
6802.1 1.94892e-16
6803.56 2.10491e-16
6805.01 2.04486e-16
6806.47 1.82407e-16
6807.93 2.04841e-16
6809.39 2.30558e-16
6810.85 2.18635e-16
6812.31 1.98944e-16
6813.77 1.8457e-16
6815.23 1.92682e-16
6816.69 1.82348e-16
6818.15 1.65791e-16
6819.61 1.95073e-16
6821.07 1.90666e-16
6822.53 1.36821e-16
6823.99 1.15608e-16
6825.45 1.36417e-16
6826.91 1.65397e-16
6828.37 2.09337e-16
6829.83 2.18191e-16
6831.29 1.8989e-16
6832.75 1.87266e-16
6834.21 2.0342e-16
6835.67 2.07108e-16
6837.13 2.14328e-16
6838.59 2.20271e-16
6840.05 2.10325e-16
6841.51 2.03024e-16
6842.97 2.02262e-16
6844.43 2.08996e-16
6845.89 2.14928e-16
6847.35 2.18931e-16
6848.81 2.18755e-16
6850.27 1.76869e-16
6851.73 1.48031e-16
6853.19 1.9756e-16
6854.65 2.2736e-16
6856.11 1.93224e-16
6857.57 1.81125e-16
6859.03 1.85236e-16
6860.49 1.75822e-16
6861.95 1.76355e-16
6863.41 2.0376e-16
6864.87 2.34341e-16
6866.33 2.23852e-16
6867.79 2.10558e-16
6869.25 2.10554e-16
6870.7 2.13368e-16
6872.16 2.21081e-16
6873.62 1.95248e-16
6875.08 1.76889e-16
6876.54 2.05577e-16
6878 2.1796e-16
6879.46 2.1528e-16
6880.92 2.18842e-16
6882.38 2.18472e-16
6883.84 2.23676e-16
6885.3 2.20817e-16
6886.76 2.35485e-16
6888.22 2.38992e-16
6889.68 2.07922e-16
6891.14 2.12643e-16
6892.6 2.19184e-16
6894.06 1.87833e-16
6895.52 1.81493e-16
6896.98 2.21319e-16
6898.44 2.23599e-16
6899.9 1.80469e-16
6901.36 1.89871e-16
6902.82 2.32492e-16
6904.28 2.35972e-16
6905.74 2.43289e-16
6907.2 2.44006e-16
6908.66 2.21102e-16
6910.12 2.20498e-16
6911.58 2.48573e-16
6913.04 2.51429e-16
6914.5 2.43568e-16
6915.96 2.66747e-16
6917.42 2.75257e-16
6918.88 2.61596e-16
6920.34 2.49921e-16
6921.8 2.54265e-16
6923.26 2.62321e-16
6924.72 2.57738e-16
6926.18 2.56257e-16
6927.64 2.45601e-16
6929.1 2.28476e-16
6930.56 2.47149e-16
6932.02 2.58289e-16
6933.48 2.46406e-16
6934.94 2.71169e-16
6936.4 2.80681e-16
6937.85 2.53473e-16
6939.31 2.54812e-16
6940.77 2.85435e-16
6942.23 2.88719e-16
6943.69 2.96266e-16
6945.15 2.9324e-16
6946.61 2.59936e-16
6948.07 2.66012e-16
6949.53 2.92612e-16
6950.99 2.78072e-16
6952.45 2.59841e-16
6953.91 2.48032e-16
6955.37 2.43273e-16
6956.83 2.57023e-16
6958.29 2.66457e-16
6959.75 2.83373e-16
6961.21 2.91298e-16
6962.67 2.6802e-16
6964.13 2.47033e-16
6965.59 2.73836e-16
6967.05 2.7582e-16
6968.51 2.55915e-16
6969.97 2.68145e-16
6971.43 2.80459e-16
6972.89 2.63888e-16
6974.35 2.56299e-16
6975.81 2.61551e-16
6977.27 2.55425e-16
6978.73 2.67928e-16
6980.19 2.91988e-16
6981.65 2.76944e-16
6983.11 2.58743e-16
6984.57 2.78756e-16
6986.03 2.77899e-16
6987.49 2.64083e-16
6988.95 2.52116e-16
6990.41 2.65962e-16
6991.87 2.75988e-16
6993.33 2.32467e-16
6994.79 2.40769e-16
6996.25 2.70558e-16
6997.71 2.65016e-16
6999.17 2.71866e-16
7000.63 2.87304e-16
7002.09 2.55403e-16
7003.54 2.5198e-16
7005 2.88851e-16
7006.46 2.99899e-16
7007.92 2.86662e-16
7009.38 2.92564e-16
7010.84 3.0592e-16
7012.3 3.26636e-16
7013.76 3.40936e-16
7015.22 3.27777e-16
7016.68 2.96962e-16
7018.14 2.84859e-16
7019.6 2.86457e-16
7021.06 2.95215e-16
7022.52 3.2738e-16
7023.98 3.06897e-16
7025.44 2.96488e-16
7026.9 3.37376e-16
7028.36 3.40001e-16
7029.82 3.49011e-16
7031.28 3.50874e-16
7032.74 3.44073e-16
7034.2 3.18685e-16
7035.66 3.10781e-16
7037.12 3.5315e-16
7038.58 3.5386e-16
7040.04 3.25583e-16
7041.5 3.043e-16
7042.96 3.05284e-16
7044.42 3.37871e-16
7045.88 3.40004e-16
7047.34 3.07034e-16
7048.8 3.06139e-16
7050.26 3.33594e-16
7051.72 3.26772e-16
7053.18 3.09e-16
7054.64 2.94557e-16
7056.1 2.98419e-16
7057.56 3.16365e-16
7059.02 3.17104e-16
7060.48 3.13243e-16
7061.94 3.23696e-16
7063.4 3.16264e-16
7064.86 3.20039e-16
7066.32 3.16066e-16
7067.78 2.9974e-16
7069.24 3.01391e-16
7070.7 3.18992e-16
7072.16 2.84177e-16
7073.61 2.61124e-16
7075.07 2.69103e-16
7076.53 3.02805e-16
7077.99 3.03741e-16
7079.45 2.63831e-16
7080.91 2.74815e-16
7082.37 2.93066e-16
7083.83 2.92517e-16
7085.29 2.94201e-16
7086.75 2.82513e-16
7088.21 2.72894e-16
7089.67 2.82309e-16
7091.13 2.78233e-16
7092.59 2.62379e-16
7094.05 2.62605e-16
7095.51 2.634e-16
7096.97 2.66869e-16
7098.43 2.85311e-16
7099.89 3.00365e-16
7101.35 2.88251e-16
7102.81 2.76289e-16
7104.27 2.88608e-16
7105.73 2.96069e-16
7107.19 2.84789e-16
7108.65 2.78707e-16
7110.11 2.70358e-16
7111.57 2.50927e-16
7113.03 2.4898e-16
7114.49 2.67196e-16
7115.95 2.92401e-16
7117.41 2.92869e-16
7118.87 2.53251e-16
7120.33 2.32387e-16
7121.79 2.56245e-16
7123.25 2.90403e-16
7124.71 2.98028e-16
7126.17 2.81687e-16
7127.63 2.81452e-16
7129.09 2.95144e-16
7130.55 2.96323e-16
7132.01 2.93542e-16
7133.47 2.86802e-16
7134.93 2.79093e-16
7136.39 2.62775e-16
7137.85 2.50247e-16
7139.3 2.67707e-16
7140.76 2.83439e-16
7142.22 2.7008e-16
7143.68 2.38456e-16
7145.14 2.28758e-16
7146.6 2.3544e-16
7148.06 2.62583e-16
7149.52 3.03185e-16
7150.98 3.03961e-16
7152.44 2.93282e-16
7153.9 2.82203e-16
7155.36 2.5975e-16
7156.82 2.49361e-16
7158.28 2.55103e-16
7159.74 2.55131e-16
7161.2 2.64796e-16
7162.66 2.52499e-16
7164.12 2.1209e-16
7165.58 2.21598e-16
7167.04 2.5206e-16
7168.5 2.62362e-16
7169.96 2.63265e-16
7171.42 2.46931e-16
7172.88 2.48969e-16
7174.34 2.90094e-16
7175.8 2.97443e-16
7177.26 2.58363e-16
7178.72 2.25439e-16
7180.18 2.55234e-16
7181.64 3.04604e-16
7183.1 2.99818e-16
7184.56 3.08535e-16
7186.02 3.04349e-16
7187.48 2.51519e-16
7188.94 2.63013e-16
7190.4 3.04586e-16
7191.86 2.90274e-16
7193.32 2.67273e-16
7194.78 2.59583e-16
7196.24 2.63444e-16
7197.7 2.92434e-16
7199.16 2.9637e-16
7200.62 2.64848e-16
7202.08 2.55814e-16
7203.54 2.95444e-16
7205 3.11677e-16
7206.45 2.87828e-16
7207.91 2.89013e-16
7209.37 3.05299e-16
7210.83 2.82605e-16
7212.29 2.86562e-16
7213.75 3.159e-16
7215.21 3.01462e-16
7216.67 2.69422e-16
7218.13 2.63121e-16
7219.59 2.77916e-16
7221.05 2.73213e-16
7222.51 3.05082e-16
7223.97 3.58533e-16
7225.43 3.26806e-16
7226.89 2.77981e-16
7228.35 2.73517e-16
7229.81 2.63251e-16
7231.27 2.73357e-16
7232.73 2.7814e-16
7234.19 2.85898e-16
7235.65 2.83038e-16
7237.11 2.47857e-16
7238.57 2.35585e-16
7240.03 2.46638e-16
7241.49 2.78571e-16
7242.95 2.78728e-16
7244.41 2.57332e-16
7245.87 2.32719e-16
7247.33 2.40594e-16
7248.79 2.65225e-16
7250.25 2.82355e-16
7251.71 2.49985e-16
7253.17 2.49833e-16
7254.63 2.54035e-16
7256.09 2.68339e-16
7257.55 2.81399e-16
7259.01 2.46108e-16
7260.47 2.39471e-16
7261.93 2.74227e-16
7263.39 2.72721e-16
7264.85 2.2416e-16
7266.31 2.3541e-16
7267.77 2.32501e-16
7269.23 2.51418e-16
7270.69 2.56316e-16
7272.14 2.5505e-16
7273.6 2.73702e-16
7275.06 2.75837e-16
7276.52 2.81202e-16
7277.98 2.82652e-16
7279.44 2.64051e-16
7280.9 2.53137e-16
7282.36 2.50464e-16
7283.82 2.50862e-16
7285.28 2.72955e-16
7286.74 2.98373e-16
7288.2 2.63501e-16
7289.66 2.25598e-16
7291.12 2.51756e-16
7292.58 2.72235e-16
7294.04 2.70035e-16
7295.5 2.59441e-16
7296.96 2.44302e-16
7298.42 2.60816e-16
7299.88 2.70192e-16
7301.34 2.6633e-16
7302.8 2.57322e-16
7304.26 2.50848e-16
7305.72 2.4646e-16
7307.18 2.61245e-16
7308.64 2.5733e-16
7310.1 2.61409e-16
7311.56 2.68503e-16
7313.02 2.66926e-16
7314.48 2.80156e-16
7315.94 3.15504e-16
7317.4 3.0115e-16
7318.86 2.68358e-16
7320.32 2.53379e-16
7321.78 2.5225e-16
7323.24 2.45247e-16
7324.7 2.46009e-16
7326.16 2.4746e-16
7327.62 2.51765e-16
7329.08 2.60188e-16
7330.54 2.57263e-16
7332 2.72813e-16
7333.46 2.72084e-16
7334.92 2.3936e-16
7336.38 2.3237e-16
7337.84 2.55836e-16
7339.29 2.50192e-16
7340.75 2.447e-16
7342.21 2.1928e-16
7343.67 2.2453e-16
7345.13 2.4664e-16
7346.59 2.32857e-16
7348.05 2.65457e-16
7349.51 2.78787e-16
7350.97 2.64167e-16
7352.43 2.4025e-16
7353.89 2.2203e-16
7355.35 2.35616e-16
7356.81 2.40554e-16
7358.27 2.50641e-16
7359.73 2.48709e-16
7361.19 2.28851e-16
7362.65 1.95458e-16
7364.11 2.06908e-16
7365.57 2.24435e-16
7367.03 0
7368.49 0
7369.95 0
