hi
i2
3454.82 7.53032e-16
3456.28 1.02786e-15
3457.74 1.4529e-15
3459.2 1.72345e-15
3460.66 1.60548e-15
3462.12 1.48746e-15
3463.58 1.3694e-15
3465.03 1.25211e-15
3466.49 1.13396e-15
3467.95 1.06767e-15
3469.41 9.62474e-16
3470.87 7.16248e-16
3472.33 6.92408e-16
3473.79 1.11412e-15
3475.25 1.04861e-15
3476.71 2.84489e-16
3478.17 1.18273e-16
3479.63 4.91666e-16
3481.09 6.51621e-16
3482.55 8.78444e-16
3484.01 1.2401e-15
3485.47 8.21971e-16
3486.93 5.55171e-16
3488.39 4.82096e-16
3489.85 3.18241e-16
3491.31 8.37942e-16
3492.77 9.67789e-16
3494.23 4.01834e-16
3495.69 8.75347e-17
3497.15 1.30739e-16
3498.61 4.76141e-16
3500.07 9.82417e-16
3501.53 9.63898e-16
3502.99 4.86978e-16
3504.45 6.69537e-16
3505.91 1.02936e-15
3507.37 1.04575e-15
3508.83 9.9833e-16
3510.29 1.10364e-15
3511.75 1.00574e-15
3513.21 1.15126e-16
3514.67 8.74959e-17
3516.13 6.44619e-16
3517.59 4.44925e-16
3519.05 6.01141e-16
3520.51 9.88463e-16
3521.97 8.22225e-16
3523.43 8.68393e-16
3524.89 8.9924e-16
3526.35 1.00911e-15
3527.81 9.5271e-16
3529.27 5.89272e-16
3530.72 8.25682e-16
3532.18 7.53395e-16
3533.64 4.61522e-16
3535.1 3.03602e-16
3536.56 9.48283e-16
3538.02 1.93352e-15
3539.48 1.70288e-15
3540.94 5.22417e-16
3542.4 3.17192e-16
3543.86 8.22556e-16
3545.32 7.88196e-16
3546.78 6.17294e-16
3548.24 6.44815e-16
3549.7 9.72124e-16
3551.16 8.59158e-16
3552.62 6.56795e-16
3554.08 7.10264e-16
3555.54 6.03769e-16
3557 5.42936e-16
3558.46 8.06084e-16
3559.92 1.39333e-15
3561.38 1.37323e-15
3562.84 7.29674e-16
3564.3 8.37885e-16
3565.76 1.38898e-15
3567.22 1.83922e-15
3568.68 1.92244e-15
3570.14 1.63236e-15
3571.6 1.46875e-15
3573.06 1.28097e-15
3574.52 7.92363e-16
3575.98 4.70972e-16
3577.44 4.07035e-16
3578.9 5.85196e-16
3580.36 7.7584e-16
3581.82 8.95693e-16
3583.28 9.41051e-16
3584.74 1.22166e-15
3586.2 1.47582e-15
3587.66 1.10054e-15
3589.12 4.77008e-16
3590.58 5.84876e-16
3592.04 6.47897e-16
3593.5 3.218e-16
3594.96 1.30469e-16
3596.42 8.38452e-17
3597.87 5.6117e-16
3599.33 7.19993e-16
3600.79 7.59059e-16
3602.25 1.16705e-15
3603.71 1.04303e-15
3605.17 5.77532e-16
3606.63 1.40924e-16
3608.09 3.87293e-16
3609.55 7.46684e-16
3611.01 1.04029e-15
3612.47 1.07982e-15
3613.93 6.98079e-16
3615.39 4.52819e-16
3616.85 5.6152e-16
3618.31 7.98662e-16
3619.77 1.02783e-15
3621.23 1.08816e-15
3622.69 9.85199e-16
3624.15 7.03315e-16
3625.61 6.57143e-16
3627.07 2.86114e-16
3628.53 -1.65196e-16
3629.99 3.64797e-16
3631.45 1.12019e-15
3632.91 5.93405e-16
3634.37 -1.65257e-16
3635.83 -4.72429e-17
3637.29 5.26617e-16
3638.75 5.95317e-16
3640.21 2.77398e-16
3641.67 3.4429e-16
3643.13 4.09045e-16
3644.59 1.32885e-16
3646.05 2.79621e-16
3647.51 7.10453e-16
3648.97 8.49181e-16
3650.43 7.7049e-16
3651.89 5.19266e-16
3653.35 1.44022e-16
3654.81 -1.13052e-16
3656.27 6.65293e-17
3657.73 5.88638e-16
3659.19 5.62679e-16
3660.65 2.43026e-16
3662.11 4.25588e-16
3663.57 5.57764e-16
3665.02 1.6767e-16
3666.48 -6.20623e-17
3667.94 3.19286e-16
3669.4 7.38371e-16
3670.86 6.44422e-16
3672.32 7.25035e-16
3673.78 7.06863e-16
3675.24 3.93398e-16
3676.7 1.53005e-16
3678.16 1.38981e-17
3679.62 3.05152e-16
3681.08 7.40231e-16
3682.54 8.08033e-16
3684 8.0189e-16
3685.46 7.28562e-16
3686.92 3.08611e-16
3688.38 2.30687e-16
3689.84 7.89456e-16
3691.3 7.87881e-16
3692.76 3.99371e-16
3694.22 2.94654e-16
3695.68 6.36609e-16
3697.14 9.0802e-16
3698.6 8.57293e-16
3700.06 4.83982e-16
3701.52 4.60576e-16
3702.98 5.74666e-16
3704.44 4.65915e-16
3705.9 4.24413e-16
3707.36 4.04166e-16
3708.82 4.10575e-16
3710.28 4.15447e-16
3711.74 4.18403e-16
3713.2 4.2136e-16
3714.66 4.24318e-16
3716.12 4.27278e-16
3717.58 4.30238e-16
3719.04 4.332e-16
3720.5 4.36163e-16
3721.96 4.39127e-16
3723.42 4.42091e-16
3724.88 4.45057e-16
3726.34 4.48025e-16
3727.8 4.50994e-16
3729.26 4.53963e-16
3730.72 4.56934e-16
3732.17 4.59885e-16
3733.63 4.62858e-16
3735.09 4.65832e-16
3736.55 4.68808e-16
3738.01 4.71784e-16
3739.47 4.74762e-16
3740.93 4.77741e-16
3742.39 4.8072e-16
3743.85 4.83701e-16
3745.31 4.86684e-16
3746.77 4.89668e-16
3748.23 5.05311e-16
3749.69 7.40142e-16
3751.15 1.07157e-15
3752.61 1.05868e-15
3754.07 9.3123e-16
3755.53 8.54035e-16
3756.99 8.04389e-16
3758.45 8.48943e-16
3759.91 9.96184e-16
3761.37 9.99888e-16
3762.83 7.18789e-16
3764.29 5.91322e-16
3765.75 5.94552e-16
3767.21 7.64517e-16
3768.67 9.12678e-16
3770.13 6.84953e-16
3771.59 6.04611e-16
3773.05 9.24946e-16
3774.51 1.125e-15
3775.97 9.48835e-16
3777.43 8.96813e-16
3778.89 9.04265e-16
3780.35 8.88844e-16
3781.81 9.86245e-16
3783.27 8.63606e-16
3784.73 6.89647e-16
3786.19 7.6447e-16
3787.65 6.94029e-16
3789.11 6.11726e-16
3790.57 6.25439e-16
3792.03 8.70879e-16
3793.49 7.34303e-16
3794.95 5.13198e-16
3796.41 6.95111e-16
3797.86 8.56314e-16
3799.32 9.88231e-16
3800.78 1.13358e-15
3802.24 1.15776e-15
3803.7 1.14707e-15
3805.16 1.18613e-15
3806.62 1.37477e-15
3808.08 1.35851e-15
3809.54 1.0177e-15
3811 7.14784e-16
3812.46 7.54149e-16
3813.92 9.6652e-16
3815.38 1.13723e-15
3816.84 1.25799e-15
3818.3 1.40074e-15
3819.76 1.3232e-15
3821.22 8.82027e-16
3822.68 8.10207e-16
3824.14 1.16666e-15
3825.6 1.17044e-15
3827.06 1.17295e-15
3828.52 1.3472e-15
3829.98 1.33945e-15
3831.44 1.18138e-15
3832.9 1.10278e-15
3834.36 1.06587e-15
3835.82 1.02791e-15
3837.28 1.22353e-15
3838.74 1.34785e-15
3840.2 1.21218e-15
3841.66 1.01315e-15
3843.12 9.10745e-16
3844.58 9.41814e-16
3846.04 8.48742e-16
3847.5 9.4487e-16
3848.96 1.16076e-15
3850.42 9.94114e-16
3851.88 8.7722e-16
3853.34 9.74351e-16
3854.8 9.72692e-16
3856.26 9.02238e-16
3857.72 8.68492e-16
3859.18 8.7444e-16
3860.64 9.48024e-16
3862.1 1.04451e-15
3863.56 1.11604e-15
3865.01 8.76238e-16
3866.47 6.59816e-16
3867.93 9.66349e-16
3869.39 1.12257e-15
3870.85 1.02094e-15
3872.31 6.99602e-16
3873.77 5.61316e-16
3875.23 6.72432e-16
3876.69 8.80997e-16
3878.15 1.02984e-15
3879.61 7.46761e-16
3881.07 7.25373e-16
3882.53 9.16528e-16
3883.99 8.90537e-16
3885.45 9.23546e-16
3886.91 9.06129e-16
3888.37 8.02987e-16
3889.83 7.04248e-16
3891.29 9.47397e-16
3892.75 1.05085e-15
3894.21 8.87528e-16
3895.67 8.12397e-16
3897.13 8.06492e-16
3898.59 9.9709e-16
3900.05 1.16809e-15
3901.51 9.91206e-16
3902.97 7.47889e-16
3904.43 8.58065e-16
3905.89 1.03714e-15
3907.35 1.05823e-15
3908.81 1.13949e-15
3910.27 1.25006e-15
3911.73 1.06456e-15
3913.19 9.05868e-16
3914.65 9.18437e-16
3916.11 9.33105e-16
3917.57 8.48978e-16
3919.03 7.45109e-16
3920.49 7.46644e-16
3921.95 8.60359e-16
3923.41 8.40413e-16
3924.87 7.71986e-16
3926.33 8.50815e-16
3927.79 8.75366e-16
3929.25 7.7231e-16
3930.71 6.5842e-16
3932.16 7.79334e-16
3933.62 9.42053e-16
3935.08 8.76093e-16
3936.54 9.2069e-16
3938 1.09749e-15
3939.46 9.67639e-16
3940.92 8.69723e-16
3942.38 8.63661e-16
3943.84 7.49233e-16
3945.3 7.52379e-16
3946.76 9.19135e-16
3948.22 1.13352e-15
3949.68 1.09168e-15
3951.14 7.78065e-16
3952.6 6.7793e-16
3954.06 9.15699e-16
3955.52 9.80967e-16
3956.98 9.71287e-16
3958.44 9.79708e-16
3959.9 8.94476e-16
3961.36 8.94739e-16
3962.82 8.79471e-16
3964.28 7.8605e-16
3965.74 8.24765e-16
3967.2 8.95327e-16
3968.66 8.45334e-16
3970.12 9.83633e-16
3971.58 1.08325e-15
3973.04 9.38813e-16
3974.5 9.67906e-16
3975.96 9.61418e-16
3977.42 8.39293e-16
3978.88 7.94827e-16
3980.34 6.82455e-16
3981.8 5.28304e-16
3983.26 7.30538e-16
3984.72 9.30698e-16
3986.18 9.363e-16
3987.64 9.50552e-16
3989.1 7.69767e-16
3990.56 7.30603e-16
3992.02 7.68952e-16
3993.48 8.71037e-16
3994.94 9.05023e-16
3996.4 7.72249e-16
3997.86 7.21373e-16
3999.31 7.53383e-16
4000.77 8.16514e-16
4002.23 9.36894e-16
4003.69 9.16766e-16
4005.15 9.09153e-16
4006.61 9.3366e-16
4008.07 8.06659e-16
4009.53 9.0685e-16
4010.99 9.75875e-16
4012.45 7.8104e-16
4013.91 8.79855e-16
4015.37 8.77977e-16
4016.83 7.20329e-16
4018.29 8.1743e-16
4019.75 9.10477e-16
4021.21 8.05127e-16
4022.67 9.15949e-16
4024.13 1.04805e-15
4025.59 9.9887e-16
4027.05 1.01736e-15
4028.51 8.13202e-16
4029.97 8.63054e-16
4031.43 1.0411e-15
4032.89 1.09509e-15
4034.35 1.08045e-15
4035.81 1.15953e-15
4037.27 1.2103e-15
4038.73 1.08114e-15
4040.19 1.00149e-15
4041.65 9.49116e-16
4043.11 8.07876e-16
4044.57 7.70395e-16
4046.03 9.3829e-16
4047.49 1.07762e-15
4048.95 9.96203e-16
4050.41 9.95777e-16
4051.87 1.09362e-15
4053.33 1.17704e-15
4054.79 1.19234e-15
4056.25 1.0393e-15
4057.71 8.75354e-16
4059.17 9.81236e-16
4060.63 9.46436e-16
4062.09 7.26774e-16
4063.55 6.83628e-16
4065 6.57436e-16
4066.46 5.0685e-16
4067.92 5.47701e-16
4069.38 7.44348e-16
4070.84 7.61188e-16
4072.3 7.3577e-16
4073.76 8.19223e-16
4075.22 8.90682e-16
4076.68 8.91384e-16
4078.14 9.46294e-16
4079.6 9.1273e-16
4081.06 8.17342e-16
4082.52 8.14916e-16
4083.98 8.9842e-16
4085.44 9.31e-16
4086.9 8.84255e-16
4088.36 8.14885e-16
4089.82 7.35225e-16
4091.28 6.76261e-16
4092.74 6.93423e-16
4094.2 8.11968e-16
4095.66 8.67714e-16
4097.12 8.07631e-16
4098.58 7.3321e-16
4100.04 7.35246e-16
4101.5 7.75041e-16
4102.96 7.57679e-16
4104.42 8.97741e-16
4105.88 9.02487e-16
4107.34 8.30828e-16
4108.8 8.00488e-16
4110.26 6.52659e-16
4111.72 6.56083e-16
4113.18 8.08937e-16
4114.64 7.75743e-16
4116.1 7.28835e-16
4117.56 6.49919e-16
4119.02 6.05564e-16
4120.48 6.99931e-16
4121.94 8.06169e-16
4123.4 7.85647e-16
4124.86 7.86404e-16
4126.32 7.90481e-16
4127.78 5.61638e-16
4129.24 6.15451e-16
4130.7 9.31944e-16
4132.16 9.06499e-16
4133.61 9.24707e-16
4135.07 8.64319e-16
4136.53 9.18971e-16
4137.99 8.63727e-16
4139.45 7.08938e-16
4140.91 8.51447e-16
4142.37 7.37287e-16
4143.83 5.79264e-16
4145.29 5.902e-16
4146.75 5.77289e-16
4148.21 6.92477e-16
4149.67 8.10665e-16
4151.13 6.9829e-16
4152.59 5.85506e-16
4154.05 5.3584e-16
4155.51 6.02969e-16
4156.97 6.42232e-16
4158.43 6.63034e-16
4159.89 6.94635e-16
4161.35 6.24805e-16
4162.81 6.39773e-16
4164.27 7.28664e-16
4165.73 6.86737e-16
4167.19 5.49664e-16
4168.65 2.58041e-16
4170.11 3.71941e-16
4171.57 6.81432e-16
4173.03 5.41981e-16
4174.49 5.67884e-16
4175.95 7.18328e-16
4177.41 6.59154e-16
4178.87 4.48813e-16
4180.33 5.34759e-16
4181.79 8.60384e-16
4183.25 8.89811e-16
4184.71 5.41937e-16
4186.17 3.5616e-16
4187.63 3.80035e-16
4189.09 4.93144e-16
4190.55 6.83952e-16
4192.01 6.91575e-16
4193.47 5.93641e-16
4194.93 6.22547e-16
4196.39 7.46944e-16
4197.85 8.8135e-16
4199.31 8.49517e-16
4200.76 5.9045e-16
4202.22 4.91453e-16
4203.68 6.03748e-16
4205.14 7.68632e-16
4206.6 8.28839e-16
4208.06 7.24842e-16
4209.52 5.95403e-16
4210.98 6.05842e-16
4212.44 7.23694e-16
4213.9 7.59741e-16
4215.36 5.99483e-16
4216.82 4.65234e-16
4218.28 5.2734e-16
4219.74 6.55379e-16
4221.2 7.50099e-16
4222.66 5.79902e-16
4224.12 2.91572e-16
4225.58 3.57332e-16
4227.04 5.96607e-16
4228.5 5.45019e-16
4229.96 4.63484e-16
4231.42 6.05802e-16
4232.88 6.41003e-16
4234.34 5.68884e-16
4235.8 6.11928e-16
4237.26 6.67672e-16
4238.72 5.56661e-16
4240.18 4.71283e-16
4241.64 6.64494e-16
4243.1 8.50045e-16
4244.56 7.63916e-16
4246.02 6.36247e-16
4247.48 6.0408e-16
4248.94 6.23632e-16
4250.4 6.09131e-16
4251.86 6.33392e-16
4253.32 6.32993e-16
4254.78 5.49446e-16
4256.24 5.42126e-16
4257.7 6.3991e-16
4259.16 7.2895e-16
4260.62 6.52594e-16
4262.08 6.13112e-16
4263.54 8.05516e-16
4265 8.89079e-16
4266.45 8.30221e-16
4267.91 7.13339e-16
4269.37 5.85155e-16
4270.83 5.53705e-16
4272.29 6.63202e-16
4273.75 7.36281e-16
4275.21 7.41012e-16
4276.67 7.75169e-16
4278.13 7.03677e-16
4279.59 6.84152e-16
4281.05 7.2535e-16
4282.51 7.20522e-16
4283.97 7.75031e-16
4285.43 8.29767e-16
4286.89 8.7677e-16
4288.35 9.02067e-16
4289.81 7.88128e-16
4291.27 6.85507e-16
4292.73 5.78367e-16
4294.19 6.20889e-16
4295.65 7.68543e-16
4297.11 7.69161e-16
4298.57 7.71733e-16
4300.03 8.53144e-16
4301.49 8.98694e-16
4302.95 8.91467e-16
4304.41 7.26533e-16
4305.87 6.84922e-16
4307.33 7.92731e-16
4308.79 8.91523e-16
4310.25 9.46049e-16
4311.71 8.90141e-16
4313.17 8.44579e-16
4314.63 7.9175e-16
4316.09 7.09832e-16
4317.55 8.05123e-16
4319.01 8.77791e-16
4320.47 7.59488e-16
4321.93 5.65199e-16
4323.39 5.36748e-16
4324.85 8.65588e-16
4326.31 1.05903e-15
4327.77 9.37423e-16
4329.23 8.56025e-16
4330.69 9.87459e-16
4332.15 9.02858e-16
4333.6 7.8008e-16
4335.06 8.58889e-16
4336.52 1.02422e-15
4337.98 1.11623e-15
4339.44 1.14737e-15
4340.9 9.91459e-16
4342.36 8.54944e-16
4343.82 9.18574e-16
4345.28 9.12405e-16
4346.74 9.18883e-16
4348.2 9.25363e-16
4349.66 9.31845e-16
4351.12 9.38332e-16
4352.58 9.44821e-16
4354.04 9.51315e-16
4355.5 9.57811e-16
4356.96 9.64311e-16
4358.42 9.70814e-16
4359.88 9.77322e-16
4361.34 9.83852e-16
4362.8 9.9039e-16
4364.26 9.96906e-16
4365.72 1.00343e-15
4367.18 1.00995e-15
4368.64 1.01648e-15
4370.1 1.02301e-15
4371.56 1.02954e-15
4373.02 1.03608e-15
4374.48 1.04262e-15
4375.94 1.04917e-15
4377.4 1.05571e-15
4378.86 1.06226e-15
4380.32 1.06882e-15
4381.78 1.07537e-15
4383.24 1.05624e-15
4384.7 9.99328e-16
4386.16 1.0724e-15
4387.62 1.11254e-15
4389.08 1.03279e-15
4390.54 1.10388e-15
4392 1.07459e-15
4393.46 1.06698e-15
4394.92 1.16433e-15
4396.38 1.20325e-15
4397.84 1.26472e-15
4399.29 1.27472e-15
4400.75 1.24668e-15
4402.21 1.246e-15
4403.67 1.12746e-15
4405.13 9.77691e-16
4406.59 9.31764e-16
4408.05 9.81655e-16
4409.51 1.08576e-15
4410.97 1.21551e-15
4412.43 1.18593e-15
4413.89 1.13359e-15
4415.35 1.14372e-15
4416.81 9.97157e-16
4418.27 8.99487e-16
4419.73 9.39355e-16
4421.19 1.02562e-15
4422.65 1.02982e-15
4424.11 9.29856e-16
4425.57 7.60086e-16
4427.03 8.57165e-16
4428.49 1.13924e-15
4429.95 1.24191e-15
4431.41 1.2307e-15
4432.87 1.06852e-15
4434.33 9.50241e-16
4435.79 1.05678e-15
4437.25 1.23529e-15
4438.71 1.30949e-15
4440.17 1.21361e-15
4441.63 1.20033e-15
4443.09 1.26846e-15
4444.55 1.23917e-15
4446.01 1.1382e-15
4447.47 1.13991e-15
4448.93 1.16568e-15
4450.39 1.05795e-15
4451.85 1.04016e-15
4453.31 1.11927e-15
4454.77 1.03604e-15
4456.23 8.55051e-16
4457.69 9.75488e-16
4459.15 1.12349e-15
4460.61 1.03597e-15
4462.07 1.09133e-15
4463.53 1.157e-15
4464.99 1.06597e-15
4466.44 1.0538e-15
4467.9 1.02897e-15
4469.36 9.68359e-16
4470.82 9.77609e-16
4472.28 9.98015e-16
4473.74 1.06202e-15
4475.2 9.96174e-16
4476.66 8.83476e-16
4478.12 9.43229e-16
4479.58 9.96611e-16
4481.04 9.74383e-16
4482.5 9.80258e-16
4483.96 1.04258e-15
4485.42 1.06733e-15
4486.88 1.03974e-15
4488.34 1.08777e-15
4489.8 1.03914e-15
4491.26 8.53608e-16
4492.72 8.11875e-16
4494.18 8.10028e-16
4495.64 8.294e-16
4497.1 9.53529e-16
4498.56 8.94557e-16
4500.02 7.05045e-16
4501.48 6.6205e-16
4502.94 7.40918e-16
4504.4 7.45237e-16
4505.86 7.11033e-16
4507.32 7.99021e-16
4508.78 8.4961e-16
4510.24 7.76157e-16
4511.7 8.38344e-16
4513.16 9.0242e-16
4514.62 8.34222e-16
4516.08 7.44503e-16
4517.54 7.93635e-16
4519 9.43254e-16
4520.46 9.80483e-16
4521.92 8.84801e-16
4523.38 7.71156e-16
4524.84 8.30285e-16
4526.3 9.61715e-16
4527.76 8.96457e-16
4529.22 7.41631e-16
4530.68 7.83551e-16
4532.13 9.20714e-16
4533.59 9.42169e-16
4535.05 9.59461e-16
4536.51 9.04921e-16
4537.97 7.59522e-16
4539.43 8.49863e-16
4540.89 8.93812e-16
4542.35 8.03446e-16
4543.81 8.37488e-16
4545.27 8.92568e-16
4546.73 8.92154e-16
4548.19 8.80985e-16
4549.65 8.37871e-16
4551.11 8.78482e-16
4552.57 1.03239e-15
4554.03 9.83715e-16
4555.49 8.98961e-16
4556.95 9.90436e-16
4558.41 9.68856e-16
4559.87 9.38962e-16
4561.33 8.95891e-16
4562.79 6.97194e-16
4564.25 5.8633e-16
4565.71 7.47848e-16
4567.17 9.09471e-16
4568.63 9.31998e-16
4570.09 9.90945e-16
4571.55 8.86222e-16
4573.01 8.10172e-16
4574.47 8.33428e-16
4575.93 7.80151e-16
4577.39 7.96639e-16
4578.85 8.14395e-16
4580.31 8.00664e-16
4581.77 7.72542e-16
4583.23 7.21671e-16
4584.69 7.5076e-16
4586.15 7.95039e-16
4587.61 7.22372e-16
4589.07 6.7576e-16
4590.53 6.62652e-16
4591.99 6.98128e-16
4593.45 7.39437e-16
4594.91 7.17605e-16
4596.37 7.04583e-16
4597.83 8.24961e-16
4599.29 9.55932e-16
4600.74 8.35521e-16
4602.2 6.89056e-16
4603.66 7.82043e-16
4605.12 1.03857e-15
4606.58 1.03404e-15
4608.04 8.52055e-16
4609.5 9.95385e-16
4610.96 1.08626e-15
4612.42 9.74492e-16
4613.88 8.53572e-16
4615.34 8.09182e-16
4616.8 9.94581e-16
4618.26 1.03373e-15
4619.72 8.59986e-16
4621.18 7.76228e-16
4622.64 8.22417e-16
4624.1 9.60516e-16
4625.56 1.06895e-15
4627.02 1.05679e-15
4628.48 1.03464e-15
4629.94 9.97496e-16
4631.4 9.50385e-16
4632.86 9.38072e-16
4634.32 8.9147e-16
4635.78 8.59473e-16
4637.24 8.21607e-16
4638.7 8.03715e-16
4640.16 8.09603e-16
4641.62 8.67298e-16
4643.08 8.22676e-16
4644.54 8.19494e-16
4646 8.86184e-16
4647.46 8.03259e-16
4648.92 6.55397e-16
4650.38 7.14588e-16
4651.84 7.62733e-16
4653.3 6.96849e-16
4654.76 6.92319e-16
4656.22 7.60833e-16
4657.68 7.80248e-16
4659.14 7.49847e-16
4660.6 6.92687e-16
4662.06 7.72008e-16
4663.52 7.98195e-16
4664.98 6.87207e-16
4666.44 5.67253e-16
4667.89 5.5899e-16
4669.35 6.10102e-16
4670.81 6.27237e-16
4672.27 5.48013e-16
4673.73 5.87168e-16
4675.19 7.57633e-16
4676.65 7.61255e-16
4678.11 6.42082e-16
4679.57 7.5373e-16
4681.03 8.62167e-16
4682.49 7.48548e-16
4683.95 5.8392e-16
4685.41 6.00704e-16
4686.87 7.82912e-16
4688.33 9.7307e-16
4689.79 8.2301e-16
4691.25 7.40298e-16
4692.71 8.08708e-16
4694.17 8.13719e-16
4695.63 7.8257e-16
4697.09 7.30272e-16
4698.55 6.67809e-16
4700.01 6.77561e-16
4701.47 7.34787e-16
4702.93 8.4029e-16
4704.39 8.30728e-16
4705.85 7.42892e-16
4707.31 8.48641e-16
4708.77 8.34591e-16
4710.23 8.37085e-16
4711.69 7.31389e-16
4713.15 6.34836e-16
4714.61 7.50915e-16
4716.07 7.46191e-16
4717.53 7.50835e-16
4718.99 8.2738e-16
4720.45 8.04899e-16
4721.91 6.91795e-16
4723.37 7.68859e-16
4724.83 8.62552e-16
4726.29 8.25484e-16
4727.75 9.45527e-16
4729.21 8.76251e-16
4730.67 8.65036e-16
4732.13 8.91482e-16
4733.59 8.14852e-16
4735.04 9.043e-16
4736.5 8.07511e-16
4737.96 6.79747e-16
4739.42 6.80491e-16
4740.88 7.94878e-16
4742.34 9.61676e-16
4743.8 9.13757e-16
4745.26 7.89467e-16
4746.72 8.34512e-16
4748.18 8.0151e-16
4749.64 6.0917e-16
4751.1 5.48512e-16
4752.56 7.26834e-16
4754.02 8.80683e-16
4755.48 6.83423e-16
4756.94 6.95568e-16
4758.4 8.22202e-16
4759.86 8.23403e-16
4761.32 8.44418e-16
4762.78 7.9493e-16
4764.24 7.94887e-16
4765.7 7.78404e-16
4767.16 8.05387e-16
4768.62 8.28e-16
4770.08 7.46157e-16
4771.54 7.56431e-16
4773 8.15416e-16
4774.46 7.56404e-16
4775.92 6.43891e-16
4777.38 6.98941e-16
4778.84 7.9826e-16
4780.3 8.64273e-16
4781.76 8.76146e-16
4783.22 7.90124e-16
4784.68 7.45817e-16
4786.14 8.32258e-16
4787.6 8.48517e-16
4789.06 8.3874e-16
4790.52 8.20719e-16
4791.98 7.31434e-16
4793.44 7.25101e-16
4794.9 6.91907e-16
4796.36 6.45e-16
4797.82 7.51836e-16
4799.28 8.15599e-16
4800.73 7.78293e-16
4802.19 9.0137e-16
4803.65 9.75917e-16
4805.11 8.95034e-16
4806.57 7.72339e-16
4808.03 6.83046e-16
4809.49 5.83755e-16
4810.95 6.34508e-16
4812.41 6.75893e-16
4813.87 5.60562e-16
4815.33 4.33992e-16
4816.79 5.0529e-16
4818.25 6.51086e-16
4819.71 6.9465e-16
4821.17 7.26744e-16
4822.63 7.45661e-16
4824.09 7.72064e-16
4825.55 6.73226e-16
4827.01 6.01253e-16
4828.47 6.9931e-16
4829.93 7.42098e-16
4831.39 6.58648e-16
4832.85 6.50928e-16
4834.31 7.00389e-16
4835.77 6.35451e-16
4837.23 7.03498e-16
4838.69 9.12352e-16
4840.15 8.8845e-16
4841.61 7.09279e-16
4843.07 6.25552e-16
4844.53 6.36064e-16
4845.99 6.46579e-16
4847.45 6.571e-16
4848.91 6.67622e-16
4850.37 6.78146e-16
4851.83 6.88673e-16
4853.29 6.99204e-16
4854.75 7.09738e-16
4856.21 7.20275e-16
4857.67 7.30817e-16
4859.13 7.41361e-16
4860.59 7.51907e-16
4862.05 7.62457e-16
4863.51 7.7301e-16
4864.97 7.83566e-16
4866.43 7.94126e-16
4867.88 8.04618e-16
4869.34 8.15183e-16
4870.8 8.25753e-16
4872.26 8.36324e-16
4873.72 8.46898e-16
4875.18 8.57475e-16
4876.64 8.68056e-16
4878.1 8.78639e-16
4879.56 8.89224e-16
4881.02 8.94999e-16
4882.48 9.01069e-16
4883.94 8.43253e-16
4885.4 8.41859e-16
4886.86 9.48409e-16
4888.32 8.19246e-16
4889.78 7.49133e-16
4891.24 7.35236e-16
4892.7 6.58604e-16
4894.16 6.97714e-16
4895.62 6.70953e-16
4897.08 7.51551e-16
4898.54 7.15097e-16
4900 8.17602e-16
4901.46 1.04684e-15
4902.92 1.11696e-15
4904.38 1.01724e-15
4905.84 9.19342e-16
4907.3 8.09359e-16
4908.76 8.0947e-16
4910.22 9.39953e-16
4911.68 9.36176e-16
4913.14 8.7995e-16
4914.6 8.89926e-16
4916.06 8.93156e-16
4917.52 9.01248e-16
4918.98 8.24822e-16
4920.44 7.99625e-16
4921.9 8.89434e-16
4923.36 9.79503e-16
4924.82 8.93646e-16
4926.28 8.6545e-16
4927.74 8.99095e-16
4929.2 8.8868e-16
4930.66 8.41771e-16
4932.12 7.94466e-16
4933.57 8.32921e-16
4935.03 9.09876e-16
4936.49 8.53584e-16
4937.95 8.05265e-16
4939.41 8.1438e-16
4940.87 7.32878e-16
4942.33 7.40511e-16
4943.79 7.48146e-16
4945.25 7.55782e-16
4946.71 7.6342e-16
4948.17 7.7106e-16
4949.63 7.787e-16
4951.09 7.86342e-16
4952.55 7.93986e-16
4954.01 8.01631e-16
4955.47 8.09277e-16
4956.93 8.16926e-16
4958.39 8.24575e-16
4959.85 8.32226e-16
4961.31 8.39878e-16
4962.77 8.47532e-16
4964.23 8.5521e-16
4965.69 8.62895e-16
4967.15 8.70556e-16
4968.61 8.78216e-16
4970.07 8.85877e-16
4971.53 8.93539e-16
4972.99 9.01201e-16
4974.45 9.08866e-16
4975.91 9.16531e-16
4977.37 9.24198e-16
4978.83 1.09585e-15
4980.29 1.12629e-15
4981.75 8.58277e-16
4983.21 8.71205e-16
4984.67 1.01252e-15
4986.13 1.03735e-15
4987.59 1.01594e-15
4989.05 1.05484e-15
4990.51 1.05482e-15
4991.97 1.05481e-15
4993.43 1.05479e-15
4994.89 1.05477e-15
4996.35 1.05476e-15
4997.81 1.05474e-15
4999.26 1.05472e-15
5000.72 1.0547e-15
5002.18 1.05468e-15
5003.64 1.05466e-15
5005.1 1.05464e-15
5006.56 1.05461e-15
5008.02 1.05459e-15
5009.48 1.05457e-15
5010.94 1.05454e-15
5012.4 1.05452e-15
5013.86 1.05449e-15
5015.32 1.05446e-15
5016.78 1.05444e-15
5018.24 1.05441e-15
5019.7 1.05438e-15
5021.16 1.05435e-15
5022.62 1.05432e-15
5024.08 1.05429e-15
5025.54 9.87931e-16
5027 9.4137e-16
5028.46 1.04138e-15
5029.92 1.04996e-15
5031.38 9.65496e-16
5032.84 8.42587e-16
5034.3 8.91346e-16
5035.76 1.06046e-15
5037.22 9.09935e-16
5038.68 8.39662e-16
5040.14 9.34912e-16
5041.6 1.05759e-15
5043.06 1.09548e-15
5044.52 1.06175e-15
5045.98 1.09515e-15
5047.44 1.10418e-15
5048.9 1.01903e-15
5050.36 9.58144e-16
5051.82 9.61657e-16
5053.28 1.03235e-15
5054.74 1.03228e-15
5056.2 9.9367e-16
5057.66 9.5538e-16
5059.12 9.38652e-16
5060.58 9.80812e-16
5062.04 1.02021e-15
5063.5 9.56673e-16
5064.96 9.0395e-16
5066.41 9.49722e-16
5067.87 9.96615e-16
5069.33 1.01078e-15
5070.79 9.83971e-16
5072.25 9.44152e-16
5073.71 9.42337e-16
5075.17 9.70636e-16
5076.63 1.03746e-15
5078.09 1.06785e-15
5079.55 1.02371e-15
5081.01 1.05369e-15
5082.47 1.02226e-15
5083.93 9.75398e-16
5085.39 9.87266e-16
5086.85 1.0718e-15
5088.31 1.01284e-15
5089.77 9.59721e-16
5091.23 1.05067e-15
5092.69 9.77965e-16
5094.15 8.49235e-16
5095.61 9.5662e-16
5097.07 1.11011e-15
5098.53 1.11787e-15
5099.99 1.083e-15
5101.45 1.03122e-15
5102.91 1.02932e-15
5104.37 1.11403e-15
5105.83 1.0795e-15
5107.29 9.50056e-16
5108.75 9.87099e-16
5110.21 9.8293e-16
5111.67 8.64085e-16
5113.13 8.70143e-16
5114.59 9.03397e-16
5116.05 1.04262e-15
5117.51 1.14055e-15
5118.97 1.13775e-15
5120.43 1.00788e-15
5121.89 1.01961e-15
5123.35 9.6702e-16
5124.81 8.81261e-16
5126.27 8.68321e-16
5127.73 8.80029e-16
5129.19 9.34205e-16
5130.65 1.00862e-15
5132.11 8.84045e-16
5133.57 8.01896e-16
5135.03 8.3051e-16
5136.48 8.76176e-16
5137.94 9.49483e-16
5139.4 9.47559e-16
5140.86 8.67206e-16
5142.32 1.07116e-15
5143.78 1.14484e-15
5145.24 1.03951e-15
5146.7 9.84437e-16
5148.16 8.70221e-16
5149.62 8.83854e-16
5151.08 1.01394e-15
5152.54 9.84081e-16
5154 8.705e-16
5155.46 8.97758e-16
5156.92 1.04128e-15
5158.38 1.00564e-15
5159.84 1.02291e-15
5161.3 1.08006e-15
5162.76 1.02204e-15
5164.22 9.81409e-16
5165.68 9.80805e-16
5167.14 1.03796e-15
5168.6 1.01106e-15
5170.06 1.0065e-15
5171.52 1.03739e-15
5172.98 1.02357e-15
5174.44 1.01028e-15
5175.9 1.06777e-15
5177.36 1.11222e-15
5178.82 1.10211e-15
5180.28 1.0158e-15
5181.74 9.78288e-16
5183.2 1.07205e-15
5184.66 1.09413e-15
5186.12 1.09209e-15
5187.58 1.13601e-15
5189.04 1.13487e-15
5190.5 1.01141e-15
5191.96 8.97461e-16
5193.42 8.89921e-16
5194.88 9.94264e-16
5196.34 1.088e-15
5197.8 1.13614e-15
5199.26 1.12266e-15
5200.72 1.01156e-15
5202.17 9.58814e-16
5203.63 1.0504e-15
5205.09 1.096e-15
5206.55 1.09926e-15
5208.01 1.0611e-15
5209.47 9.85477e-16
5210.93 9.53045e-16
5212.39 9.3271e-16
5213.85 9.14842e-16
5215.31 9.19873e-16
5216.77 9.21432e-16
5218.23 9.40322e-16
5219.69 1.01319e-15
5221.15 9.67764e-16
5222.61 1.00923e-15
5224.07 1.12501e-15
5225.53 1.05195e-15
5226.99 1.07168e-15
5228.45 1.10728e-15
5229.91 1.01519e-15
5231.37 1.02224e-15
5232.83 1.05374e-15
5234.29 1.02239e-15
5235.75 1.04029e-15
5237.21 9.9937e-16
5238.67 9.12619e-16
5240.13 9.33255e-16
5241.59 9.6675e-16
5243.05 9.83423e-16
5244.51 9.81242e-16
5245.97 1.04751e-15
5247.43 1.1356e-15
5248.89 1.1353e-15
5250.35 9.9697e-16
5251.81 8.49525e-16
5253.27 8.20115e-16
5254.73 8.69908e-16
5256.19 9.40907e-16
5257.65 8.39065e-16
5259.11 7.1875e-16
5260.57 7.72902e-16
5262.03 8.75281e-16
5263.49 9.2517e-16
5264.95 9.50075e-16
5266.41 9.20119e-16
5267.87 8.48654e-16
5269.32 9.0499e-16
5270.78 9.60799e-16
5272.24 9.4437e-16
5273.7 9.44493e-16
5275.16 9.3783e-16
5276.62 9.69482e-16
5278.08 9.97158e-16
5279.54 9.22231e-16
5281 8.29507e-16
5282.46 8.51759e-16
5283.92 8.75504e-16
5285.38 8.1519e-16
5286.84 8.42751e-16
5288.3 9.09011e-16
5289.76 8.2877e-16
5291.22 8.1912e-16
5292.68 9.3764e-16
5294.14 9.58586e-16
5295.6 9.2799e-16
5297.06 8.84847e-16
5298.52 8.8133e-16
5299.98 9.19449e-16
5301.44 8.43623e-16
5302.9 7.35532e-16
5304.36 7.95179e-16
5305.82 9.21032e-16
5307.28 9.02862e-16
5308.74 8.67656e-16
5310.2 8.38976e-16
5311.66 7.73501e-16
5313.12 8.25068e-16
5314.58 8.52525e-16
5316.04 8.75301e-16
5317.5 9.45861e-16
5318.96 9.30122e-16
5320.42 8.47003e-16
5321.88 7.30922e-16
5323.34 7.78001e-16
5324.8 8.75706e-16
5326.26 9.28566e-16
5327.72 9.74511e-16
5329.18 9.17434e-16
5330.64 8.37339e-16
5332.1 8.36142e-16
5333.56 8.38921e-16
5335.01 8.35813e-16
5336.47 9.61879e-16
5337.93 1.08967e-15
5339.39 1.08945e-15
5340.85 1.04573e-15
5342.31 1.00637e-15
5343.77 9.08747e-16
5345.23 8.48272e-16
5346.69 8.50779e-16
5348.15 8.45899e-16
5349.61 9.1402e-16
5351.07 9.49872e-16
5352.53 9.12103e-16
5353.99 9.53346e-16
5355.45 9.30477e-16
5356.91 7.89714e-16
5358.37 8.00537e-16
5359.83 8.92185e-16
5361.29 8.96734e-16
5362.75 8.5331e-16
5364.21 7.33328e-16
5365.67 6.79409e-16
5367.13 8.27407e-16
5368.59 9.93436e-16
5370.05 1.05883e-15
5371.51 1.02027e-15
5372.97 1.00056e-15
5374.43 9.11268e-16
5375.89 8.26836e-16
5377.35 7.94362e-16
5378.81 8.46981e-16
5380.27 9.31713e-16
5381.73 8.84926e-16
5383.19 9.11585e-16
5384.65 8.83642e-16
5386.11 8.63965e-16
5387.57 9.34037e-16
5389.03 7.88057e-16
5390.49 6.84178e-16
5391.95 7.15494e-16
5393.41 7.13607e-16
5394.87 7.7595e-16
5396.33 7.80343e-16
5397.79 7.28293e-16
5399.25 7.77981e-16
5400.7 7.42084e-16
5402.16 7.26823e-16
5403.62 8.08541e-16
5405.08 7.37384e-16
5406.54 6.69996e-16
5408 7.06543e-16
5409.46 7.42384e-16
5410.92 6.99408e-16
5412.38 7.19747e-16
5413.84 7.93562e-16
5415.3 8.22782e-16
5416.76 7.72722e-16
5418.22 7.17621e-16
5419.68 8.15746e-16
5421.14 8.24554e-16
5422.6 6.87073e-16
5424.06 6.29556e-16
5425.52 5.63544e-16
5426.98 4.77812e-16
5428.44 4.96448e-16
5429.9 6.12717e-16
5431.36 6.29228e-16
5432.82 5.16879e-16
5434.28 5.86297e-16
5435.74 6.46947e-16
5437.2 6.30345e-16
5438.66 5.98926e-16
5440.12 4.59011e-16
5441.58 4.05358e-16
5443.04 5.18598e-16
5444.5 5.48293e-16
5445.96 4.84316e-16
5447.42 5.87571e-16
5448.88 6.60715e-16
5450.34 6.0554e-16
5451.8 4.88338e-16
5453.26 4.02061e-16
5454.72 4.96714e-16
5456.18 5.76763e-16
5457.64 5.76811e-16
5459.1 6.85257e-16
5460.56 7.22747e-16
5462.02 6.07122e-16
5463.48 5.00091e-16
5464.94 5.18102e-16
5466.4 6.23835e-16
5467.85 5.95294e-16
5469.31 5.07273e-16
5470.77 5.36718e-16
5472.23 5.2937e-16
5473.69 5.56618e-16
5475.15 6.87733e-16
5476.61 6.86173e-16
5478.07 6.67708e-16
5479.53 5.82699e-16
5480.99 5.06508e-16
5482.45 5.41249e-16
5483.91 5.05721e-16
5485.37 6.83341e-16
5486.83 7.62277e-16
5488.29 6.98324e-16
5489.75 6.89254e-16
5491.21 5.80409e-16
5492.67 5.29956e-16
5494.13 6.79919e-16
5495.59 8.92215e-16
5497.05 8.61584e-16
5498.51 8.78147e-16
5499.97 9.41826e-16
5501.43 7.40787e-16
5502.89 6.61807e-16
5504.35 6.54175e-16
5505.81 6.30921e-16
5507.27 6.81827e-16
5508.73 6.89524e-16
5510.19 7.15472e-16
5511.65 6.98696e-16
5513.11 6.90736e-16
5514.57 7.09338e-16
5516.03 7.63549e-16
5517.49 7.93339e-16
5518.95 6.88628e-16
5520.41 6.69892e-16
5521.87 7.09926e-16
5523.33 6.83501e-16
5524.79 6.83927e-16
5526.25 6.95662e-16
5527.71 8.30804e-16
5529.17 9.2381e-16
5530.63 8.74454e-16
5532.09 8.24275e-16
5533.54 8.1789e-16
5535 8.21926e-16
5536.46 9.21161e-16
5537.92 1.02687e-15
5539.38 9.26664e-16
5540.84 6.99686e-16
5542.3 6.25479e-16
5543.76 7.53239e-16
5545.22 8.63695e-16
5546.68 7.86545e-16
5548.14 7.12601e-16
5549.6 7.61163e-16
5551.06 7.45788e-16
5552.52 6.92131e-16
5553.98 6.42855e-16
5555.44 5.91911e-16
5556.9 6.64995e-16
5558.36 7.44684e-16
5559.82 7.03891e-16
5561.28 7.54625e-16
5562.74 8.72193e-16
5564.2 8.75073e-16
5565.66 8.42182e-16
5567.12 8.09938e-16
5568.58 7.68261e-16
5570.04 7.68238e-16
5571.5 7.69229e-16
5572.96 7.32373e-16
5574.42 7.16168e-16
5575.88 7.48249e-16
5577.34 8.03756e-16
5578.8 8.09818e-16
5580.26 7.51194e-16
5581.72 7.71591e-16
5583.18 8.87627e-16
5584.64 8.9528e-16
5586.1 7.93471e-16
5587.56 7.42498e-16
5589.02 7.68643e-16
5590.48 8.17138e-16
5591.94 8.72184e-16
5593.4 8.92529e-16
5594.86 8.51113e-16
5596.32 8.11134e-16
5597.78 8.08991e-16
5599.24 7.88712e-16
5600.7 7.00297e-16
5602.16 6.95381e-16
5603.61 6.76269e-16
5605.07 6.5813e-16
5606.53 8.37668e-16
5607.99 9.0852e-16
5609.45 7.71858e-16
5610.91 8.28475e-16
5612.37 8.37845e-16
5613.83 7.36952e-16
5615.29 7.41304e-16
5616.75 7.4531e-16
5618.21 7.56759e-16
5619.67 7.72068e-16
5621.13 7.66293e-16
5622.59 7.54666e-16
5624.05 7.57015e-16
5625.51 7.98913e-16
5626.97 7.96612e-16
5628.43 7.37245e-16
5629.89 8.19655e-16
5631.35 9.07755e-16
5632.81 8.93353e-16
5634.27 8.2906e-16
5635.73 7.47561e-16
5637.19 7.30117e-16
5638.65 8.98772e-16
5640.11 9.35624e-16
5641.57 8.20066e-16
5643.03 8.28482e-16
5644.49 9.32165e-16
5645.95 9.35758e-16
5647.41 8.25671e-16
5648.87 7.65699e-16
5650.33 8.64274e-16
5651.79 1.01066e-15
5653.25 9.50915e-16
5654.71 7.95183e-16
5656.17 8.02641e-16
5657.63 8.43608e-16
5659.09 8.07539e-16
5660.55 7.69084e-16
5662.01 7.59016e-16
5663.47 8.18829e-16
5664.93 8.49069e-16
5666.39 8.05713e-16
5667.85 7.97948e-16
5669.31 8.45745e-16
5670.76 8.64325e-16
5672.22 8.02838e-16
5673.68 7.82745e-16
5675.14 9.21297e-16
5676.6 9.69351e-16
5678.06 8.37836e-16
5679.52 7.66076e-16
5680.98 7.51938e-16
5682.44 8.29474e-16
5683.9 8.32043e-16
5685.36 7.77723e-16
5686.82 7.76076e-16
5688.28 7.49224e-16
5689.74 7.8533e-16
5691.2 8.93605e-16
5692.66 8.6138e-16
5694.12 8.53383e-16
5695.58 8.51263e-16
5697.04 7.69939e-16
5698.5 7.61258e-16
5699.96 8.68627e-16
5701.42 8.31125e-16
5702.88 7.09852e-16
5704.34 7.6338e-16
5705.8 8.57913e-16
5707.26 7.54093e-16
5708.72 7.21712e-16
5710.18 6.8921e-16
5711.64 6.9343e-16
5713.1 8.19964e-16
5714.56 8.39811e-16
5716.02 8.01157e-16
5717.48 8.97815e-16
5718.94 9.9089e-16
5720.4 9.29427e-16
5721.86 8.91258e-16
5723.32 8.5353e-16
5724.78 8.32325e-16
5726.24 7.97654e-16
5727.7 7.93776e-16
5729.16 8.91856e-16
5730.62 9.22775e-16
5732.08 8.40728e-16
5733.54 8.3078e-16
5735 8.44236e-16
5736.45 8.51304e-16
5737.91 8.4744e-16
5739.37 8.52602e-16
5740.83 9.27994e-16
5742.29 9.69762e-16
5743.75 9.33232e-16
5745.21 8.61347e-16
5746.67 8.07837e-16
5748.13 8.97158e-16
5749.59 9.67025e-16
5751.05 9.68418e-16
5752.51 9.82545e-16
5753.97 1.05083e-15
5755.43 1.13098e-15
5756.89 1.03372e-15
5758.35 9.16247e-16
5759.81 9.34336e-16
5761.27 9.79434e-16
5762.73 8.98285e-16
5764.19 8.12945e-16
5765.65 9.20444e-16
5767.11 9.09942e-16
5768.57 7.98419e-16
5770.03 7.60915e-16
5771.49 7.66936e-16
5772.95 8.51325e-16
5774.41 9.19508e-16
5775.87 8.42466e-16
5777.33 8.02564e-16
5778.79 9.25287e-16
5780.25 9.57486e-16
5781.71 8.47448e-16
5783.17 7.84454e-16
5784.63 7.36578e-16
5786.09 7.16529e-16
5787.55 7.52743e-16
5789.01 7.01061e-16
5790.47 6.1294e-16
5791.93 7.09065e-16
5793.39 7.94618e-16
5794.85 7.33714e-16
5796.31 7.46654e-16
5797.77 7.54222e-16
5799.23 7.2211e-16
5800.69 7.61197e-16
5802.14 7.94455e-16
5803.6 8.02182e-16
5805.06 8.63991e-16
5806.52 9.22898e-16
5807.98 8.16289e-16
5809.44 7.00448e-16
5810.9 7.37136e-16
5812.36 7.4852e-16
5813.82 7.39558e-16
5815.28 7.24039e-16
5816.74 6.80006e-16
5818.2 7.02622e-16
5819.66 7.43421e-16
5821.12 7.22725e-16
5822.58 7.12448e-16
5824.04 7.99522e-16
5825.5 7.84687e-16
5826.96 6.82583e-16
5828.42 6.70766e-16
5829.88 7.95595e-16
5831.34 9.5647e-16
5832.8 9.36064e-16
5834.26 7.90729e-16
5835.72 7.42631e-16
5837.18 8.07636e-16
5838.64 8.52877e-16
5840.1 8.42081e-16
5841.56 8.14999e-16
5843.02 7.70382e-16
5844.48 6.12209e-16
5845.94 5.93675e-16
5847.4 6.83509e-16
5848.86 6.45801e-16
5850.32 6.61622e-16
5851.78 8.17722e-16
5853.24 9.11059e-16
5854.7 7.31196e-16
5856.16 6.38679e-16
5857.62 6.42311e-16
5859.08 6.92162e-16
5860.54 7.57451e-16
5862 7.617e-16
5863.46 8.04783e-16
5864.92 7.7175e-16
5866.38 7.31637e-16
5867.84 8.0534e-16
5869.29 8.39156e-16
5870.75 8.25929e-16
5872.21 7.41356e-16
5873.67 6.97464e-16
5875.13 7.50856e-16
5876.59 7.91438e-16
5878.05 8.18215e-16
5879.51 7.25186e-16
5880.97 6.84304e-16
5882.43 6.50317e-16
5883.89 6.10597e-16
5885.35 6.45567e-16
5886.81 6.94766e-16
5888.27 6.72369e-16
5889.73 6.80859e-16
5891.19 6.84611e-16
5892.65 5.56322e-16
5894.11 6.0414e-16
5895.57 7.49257e-16
5897.03 6.51722e-16
5898.49 5.41852e-16
5899.95 5.67829e-16
5901.41 6.18391e-16
5902.87 4.71516e-16
5904.33 4.8766e-16
5905.79 6.59611e-16
5907.25 6.94574e-16
5908.71 6.06366e-16
5910.17 5.10137e-16
5911.63 5.53783e-16
5913.09 6.46811e-16
5914.55 5.91909e-16
5916.01 4.47514e-16
5917.47 4.04283e-16
5918.93 4.51128e-16
5920.39 5.5101e-16
5921.85 5.8946e-16
5923.31 5.36621e-16
5924.77 4.62051e-16
5926.23 4.15567e-16
5927.69 3.74728e-16
5929.15 4.35286e-16
5930.61 4.47579e-16
5932.07 3.91478e-16
5933.53 4.38687e-16
5934.98 4.99959e-16
5936.44 4.40769e-16
5937.9 4.04786e-16
5939.36 4.66639e-16
5940.82 4.7772e-16
5942.28 4.16324e-16
5943.74 5.0194e-16
5945.2 5.47115e-16
5946.66 4.78617e-16
5948.12 4.81192e-16
5949.58 5.15978e-16
5951.04 4.87877e-16
5952.5 4.56064e-16
5953.96 4.56653e-16
5955.42 4.92414e-16
5956.88 5.66432e-16
5958.34 5.22151e-16
5959.8 5.03624e-16
5961.26 5.8123e-16
5962.72 5.06293e-16
5964.18 4.24858e-16
5965.64 4.93415e-16
5967.1 5.7026e-16
5968.56 5.61224e-16
5970.02 5.04801e-16
5971.48 5.03486e-16
5972.94 5.54353e-16
5974.4 5.08503e-16
5975.86 4.78351e-16
5977.32 5.72964e-16
5978.78 6.167e-16
5980.24 5.31781e-16
5981.7 4.92502e-16
5983.16 4.81862e-16
5984.62 3.93053e-16
5986.08 4.44034e-16
5987.54 5.47588e-16
5989 4.81894e-16
5990.46 4.55706e-16
5991.92 5.39863e-16
5993.38 5.92736e-16
5994.84 5.41346e-16
5996.3 5.00693e-16
5997.76 5.11548e-16
5999.22 4.74132e-16
6000.68 4.15202e-16
6002.13 3.7842e-16
6003.59 3.5479e-16
6005.05 3.57502e-16
6006.51 4.4229e-16
6007.97 5.03361e-16
6009.43 4.84796e-16
6010.89 5.2232e-16
6012.35 5.84896e-16
6013.81 4.98644e-16
6015.27 3.74144e-16
6016.73 4.41258e-16
6018.19 5.9065e-16
6019.65 5.7426e-16
6021.11 4.60729e-16
6022.57 4.8089e-16
6024.03 5.446e-16
6025.49 4.96757e-16
6026.95 5.72667e-16
6028.41 6.94389e-16
6029.87 6.27766e-16
6031.33 4.13465e-16
6032.79 3.41441e-16
6034.25 4.54843e-16
6035.71 5.15098e-16
6037.17 4.76573e-16
6038.63 5.39745e-16
6040.09 6.64912e-16
6041.55 6.7096e-16
6043.01 5.31323e-16
6044.47 4.54533e-16
6045.93 4.75796e-16
6047.39 4.93265e-16
6048.85 4.96296e-16
6050.31 4.71041e-16
6051.77 4.86063e-16
6053.23 5.18561e-16
6054.69 5.46527e-16
6056.15 5.78514e-16
6057.61 5.36703e-16
6059.07 5.16516e-16
6060.53 5.10834e-16
6061.99 5.22673e-16
6063.45 5.04923e-16
6064.91 5.02684e-16
6066.37 6.15691e-16
6067.83 5.80207e-16
6069.29 5.53505e-16
6070.74 6.43782e-16
6072.2 6.18112e-16
6073.66 5.70405e-16
6075.12 5.70878e-16
6076.58 4.97573e-16
6078.04 4.68281e-16
6079.5 5.17498e-16
6080.96 5.59231e-16
6082.42 5.68406e-16
6083.88 5.71699e-16
6085.34 5.7893e-16
6086.8 6.2289e-16
6088.26 6.14909e-16
6089.72 5.51658e-16
6091.18 5.62695e-16
6092.64 6.4895e-16
6094.1 6.31997e-16
6095.56 5.60699e-16
6097.02 5.6636e-16
6098.48 6.36179e-16
6099.94 6.20506e-16
6101.4 5.30205e-16
6102.86 5.18402e-16
6104.32 6.2638e-16
6105.78 6.91724e-16
6107.24 6.27638e-16
6108.7 5.25995e-16
6110.16 4.76586e-16
6111.62 4.3144e-16
6113.08 4.92657e-16
6114.54 6.44402e-16
6116 6.44947e-16
6117.46 5.8058e-16
6118.92 5.8654e-16
6120.38 4.57124e-16
6121.84 4.34438e-16
6123.3 5.07678e-16
6124.76 5.53146e-16
6126.22 6.0091e-16
6127.68 5.93686e-16
6129.14 5.96003e-16
6130.6 5.81426e-16
6132.06 5.44727e-16
6133.52 5.55434e-16
6134.98 5.81828e-16
6136.44 5.37178e-16
6137.89 5.08292e-16
6139.35 4.84474e-16
6140.81 5.07375e-16
6142.27 5.78853e-16
6143.73 5.93542e-16
6145.19 6.14039e-16
6146.65 6.57217e-16
6148.11 6.54305e-16
6149.57 5.75591e-16
6151.03 5.19749e-16
6152.49 6.03944e-16
6153.95 6.47992e-16
6155.41 6.31698e-16
6156.87 6.75907e-16
6158.33 6.10637e-16
6159.79 5.39073e-16
6161.25 5.761e-16
6162.71 5.74955e-16
6164.17 5.61331e-16
6165.63 5.82889e-16
6167.09 6.92455e-16
6168.55 7.27056e-16
6170.01 6.2674e-16
6171.47 5.93605e-16
6172.93 5.73743e-16
6174.39 4.93539e-16
6175.85 4.45453e-16
6177.31 4.60256e-16
6178.77 5.33135e-16
6180.23 5.74405e-16
6181.69 4.60182e-16
6183.15 3.47841e-16
6184.61 4.15145e-16
6186.07 5.38754e-16
6187.53 5.663e-16
6188.99 5.1081e-16
6190.45 4.97462e-16
6191.91 5.36271e-16
6193.37 5.1207e-16
6194.83 4.04361e-16
6196.29 4.1731e-16
6197.75 5.95102e-16
6199.21 6.51408e-16
6200.67 6.10331e-16
6202.13 6.03206e-16
6203.58 5.7265e-16
6205.04 5.28341e-16
6206.5 5.29192e-16
6207.96 5.8865e-16
6209.42 6.06666e-16
6210.88 5.66087e-16
6212.34 5.63591e-16
6213.8 4.97106e-16
6215.26 4.45684e-16
6216.72 4.59426e-16
6218.18 4.66249e-16
6219.64 4.84413e-16
6221.1 5.30832e-16
6222.56 5.99098e-16
6224.02 5.58695e-16
6225.48 5.15308e-16
6226.94 5.25958e-16
6228.4 5.03389e-16
6229.86 5.26656e-16
6231.32 5.6328e-16
6232.78 5.14892e-16
6234.24 4.78984e-16
6235.7 5.06856e-16
6237.16 4.88227e-16
6238.62 4.64991e-16
6240.08 4.59438e-16
6241.54 4.76766e-16
6243 5.62716e-16
6244.46 6.14346e-16
6245.92 5.75009e-16
6247.38 5.52046e-16
6248.84 5.5375e-16
6250.3 5.36433e-16
6251.76 5.39956e-16
6253.22 5.36945e-16
6254.68 6.43606e-16
6256.14 6.71166e-16
6257.6 5.80047e-16
6259.06 5.95233e-16
6260.52 5.91386e-16
6261.98 5.31641e-16
6263.44 4.92103e-16
6264.9 5.78431e-16
6266.36 5.94777e-16
6267.82 5.02953e-16
6269.28 5.46944e-16
6270.73 5.7167e-16
6272.19 5.18362e-16
6273.65 5.19687e-16
6275.11 5.40885e-16
6276.57 5.02101e-16
6278.03 4.78329e-16
6279.49 4.70826e-16
6280.95 4.88762e-16
6282.41 4.98542e-16
6283.87 4.76817e-16
6285.33 4.40453e-16
6286.79 5.02871e-16
6288.25 5.50509e-16
6289.71 5.1211e-16
6291.17 5.79695e-16
6292.63 6.20177e-16
6294.09 5.18765e-16
6295.55 5.01668e-16
6297.01 5.70597e-16
6298.47 5.6195e-16
6299.93 5.20604e-16
6301.39 5.23264e-16
6302.85 5.51327e-16
6304.31 6.3087e-16
6305.77 6.48237e-16
6307.23 5.53932e-16
6308.69 5.04589e-16
6310.15 4.62654e-16
6311.61 4.99916e-16
6313.07 6.16014e-16
6314.53 6.54911e-16
6315.99 5.95443e-16
6317.45 5.47776e-16
6318.91 5.24548e-16
6320.37 5.18535e-16
6321.83 5.44601e-16
6323.29 4.93997e-16
6324.75 4.8969e-16
6326.21 5.41566e-16
6327.67 5.10397e-16
6329.13 4.77468e-16
6330.59 4.91038e-16
6332.05 5.1487e-16
6333.51 4.85091e-16
6334.97 4.38082e-16
6336.42 4.69735e-16
6337.88 5.39409e-16
6339.34 5.7927e-16
6340.8 5.81216e-16
6342.26 6.13268e-16
6343.72 5.98571e-16
6345.18 5.03359e-16
6346.64 4.72789e-16
6348.1 5.02233e-16
6349.56 5.22948e-16
6351.02 5.18409e-16
6352.48 4.87411e-16
6353.94 4.64602e-16
6355.4 5.4787e-16
6356.86 5.83359e-16
6358.32 5.23715e-16
6359.78 5.47128e-16
6361.24 5.83952e-16
6362.7 5.84058e-16
6364.16 5.95141e-16
6365.62 6.24956e-16
6367.08 6.29939e-16
6368.54 5.92779e-16
6370 5.48076e-16
6371.46 5.32443e-16
6372.92 5.84707e-16
6374.38 6.13671e-16
6375.84 6.39527e-16
6377.3 6.67392e-16
6378.76 6.0902e-16
6380.22 6.01311e-16
6381.68 5.86594e-16
6383.14 5.37617e-16
6384.6 6.0332e-16
6386.06 6.31334e-16
6387.52 5.77755e-16
6388.98 5.65196e-16
6390.44 5.70181e-16
6391.9 5.55668e-16
6393.36 5.30324e-16
6394.82 5.63989e-16
6396.28 5.72534e-16
6397.74 5.03244e-16
6399.2 4.87351e-16
6400.66 4.99768e-16
6402.12 4.84141e-16
6403.57 4.70129e-16
6405.03 5.149e-16
6406.49 5.47151e-16
6407.95 5.31968e-16
6409.41 5.04699e-16
6410.87 5.29913e-16
6412.33 5.43764e-16
6413.79 4.85528e-16
6415.25 4.76123e-16
6416.71 5.36265e-16
6418.17 5.52294e-16
6419.63 5.52021e-16
6421.09 5.41165e-16
6422.55 4.83736e-16
6424.01 4.98914e-16
6425.47 5.09093e-16
6426.93 4.54558e-16
6428.39 4.79773e-16
6429.85 5.20497e-16
6431.31 4.69584e-16
6432.77 4.86015e-16
6434.23 5.92306e-16
6435.69 6.43389e-16
6437.15 6.35639e-16
6438.61 5.33472e-16
6440.07 4.84084e-16
6441.53 5.32537e-16
6442.99 5.54098e-16
6444.45 5.24116e-16
6445.91 5.34296e-16
6447.37 5.13239e-16
6448.83 5.01596e-16
6450.29 5.11085e-16
6451.75 4.62495e-16
6453.21 4.185e-16
6454.67 4.18308e-16
6456.13 4.55241e-16
6457.59 5.23488e-16
6459.05 5.46034e-16
6460.51 5.0605e-16
6461.97 4.31708e-16
6463.43 4.70756e-16
6464.89 5.36147e-16
6466.35 4.93996e-16
6467.81 4.76087e-16
6469.26 5.77676e-16
6470.72 6.47483e-16
6472.18 5.49318e-16
6473.64 4.74225e-16
6475.1 5.20648e-16
6476.56 5.99962e-16
6478.02 5.79275e-16
6479.48 4.86361e-16
6480.94 4.69103e-16
6482.4 4.89014e-16
6483.86 5.12495e-16
6485.32 5.33439e-16
6486.78 5.93191e-16
6488.24 5.48273e-16
6489.7 4.40831e-16
6491.16 5.06226e-16
6492.62 5.6173e-16
6494.08 5.18642e-16
6495.54 5.247e-16
6497 5.64901e-16
6498.46 5.92774e-16
6499.92 5.69314e-16
6501.38 5.32588e-16
6502.84 5.10211e-16
6504.3 4.74276e-16
6505.76 4.56975e-16
6507.22 5.09668e-16
6508.68 5.37385e-16
6510.14 5.05937e-16
6511.6 5.16728e-16
6513.06 5.11597e-16
6514.52 4.944e-16
6515.98 5.28472e-16
6517.44 5.3025e-16
6518.9 4.97184e-16
6520.36 4.43716e-16
6521.82 4.44983e-16
6523.28 4.93561e-16
6524.74 4.85584e-16
6526.2 4.80737e-16
6527.66 5.12322e-16
6529.12 5.05283e-16
6530.58 4.68981e-16
6532.04 4.67869e-16
6533.5 4.66757e-16
6534.96 4.65646e-16
6536.41 4.64543e-16
6537.87 4.63434e-16
6539.33 4.62326e-16
6540.79 4.61219e-16
6542.25 4.60113e-16
6543.71 4.59008e-16
6545.17 4.57903e-16
6546.63 4.568e-16
6548.09 4.55698e-16
6549.55 4.54596e-16
6551.01 4.53496e-16
6552.47 4.52396e-16
6553.93 4.51298e-16
6555.39 4.502e-16
6556.85 4.49103e-16
6558.31 4.48007e-16
6559.77 4.46912e-16
6561.23 4.45818e-16
6562.69 4.44725e-16
6564.15 4.43633e-16
6565.61 4.42542e-16
6567.07 4.41652e-16
6568.53 4.41023e-16
6569.99 4.40397e-16
6571.45 4.39772e-16
6572.91 4.39147e-16
6574.37 4.38522e-16
6575.83 4.37899e-16
6577.29 4.37276e-16
6578.75 4.36653e-16
6580.21 4.3603e-16
6581.67 4.35409e-16
6583.13 4.34788e-16
6584.59 4.34167e-16
6586.05 4.33546e-16
6587.51 4.32926e-16
6588.97 4.32307e-16
6590.43 4.31689e-16
6591.89 4.31071e-16
6593.35 4.30453e-16
6594.81 4.29836e-16
6596.27 4.2922e-16
6597.73 4.28604e-16
6599.19 4.27988e-16
6600.65 4.27373e-16
6602.11 4.18175e-16
6603.57 4.04002e-16
6605.02 4.4763e-16
6606.48 4.85651e-16
6607.94 4.1434e-16
6609.4 3.84531e-16
6610.86 4.30282e-16
6612.32 4.5357e-16
6613.78 4.66769e-16
6615.24 4.10157e-16
6616.7 3.75735e-16
6618.16 4.39081e-16
6619.62 4.13523e-16
6621.08 4.39244e-16
6622.54 4.91599e-16
6624 4.58489e-16
6625.46 4.7037e-16
6626.92 4.74447e-16
6628.38 4.57329e-16
6629.84 4.91927e-16
6631.3 4.54881e-16
6632.76 3.48735e-16
6634.22 3.42053e-16
6635.68 4.22984e-16
6637.14 4.41686e-16
6638.6 4.42035e-16
6640.06 4.31458e-16
6641.52 4.23881e-16
6642.98 5.0574e-16
6644.44 5.36547e-16
6645.9 4.7434e-16
6647.36 4.31051e-16
6648.82 4.48597e-16
6650.28 5.12716e-16
6651.74 4.90233e-16
6653.2 4.03199e-16
6654.66 4.02599e-16
6656.12 4.99027e-16
6657.58 5.16642e-16
6659.04 4.46011e-16
6660.5 4.18708e-16
6661.96 4.21412e-16
6663.42 4.47546e-16
6664.88 4.5543e-16
6666.34 4.21481e-16
6667.8 4.42001e-16
6669.26 4.52934e-16
6670.72 4.04169e-16
6672.17 4.2292e-16
6673.63 4.37509e-16
6675.09 4.41276e-16
6676.55 4.91329e-16
6678.01 4.8955e-16
6679.47 3.96046e-16
6680.93 4.07761e-16
6682.39 4.44845e-16
6683.85 4.2263e-16
6685.31 4.08811e-16
6686.77 3.79049e-16
6688.23 4.20636e-16
6689.69 4.90877e-16
6691.15 4.71465e-16
6692.61 4.79948e-16
6694.07 4.7407e-16
6695.53 4.41907e-16
6696.99 3.71247e-16
6698.45 3.36325e-16
6699.91 3.39459e-16
6701.37 3.42594e-16
6702.83 3.45714e-16
6704.29 3.48832e-16
6705.75 3.51947e-16
6707.21 3.55059e-16
6708.67 3.58169e-16
6710.13 3.61276e-16
6711.59 3.64381e-16
6713.05 3.67865e-16
6714.51 3.71821e-16
6715.97 3.75775e-16
6717.43 3.79724e-16
6718.89 3.83671e-16
6720.35 3.87615e-16
6721.81 3.91554e-16
6723.27 3.95491e-16
6724.73 3.99425e-16
6726.19 4.03355e-16
6727.65 4.07282e-16
6729.11 4.11206e-16
6730.57 4.15127e-16
6732.03 4.19045e-16
6733.49 4.2296e-16
6734.95 4.26872e-16
6736.41 4.30781e-16
6737.86 4.34659e-16
6739.32 4.38562e-16
6740.78 4.4246e-16
6742.24 4.46356e-16
6743.7 4.50249e-16
6745.16 4.54139e-16
6746.62 4.58026e-16
6748.08 4.61909e-16
6749.54 4.65789e-16
6751 4.74671e-16
6752.46 4.53168e-16
6753.92 4.03141e-16
6755.38 4.44736e-16
6756.84 4.91757e-16
6758.3 4.37974e-16
6759.76 4.24679e-16
6761.22 4.61388e-16
6762.68 4.71084e-16
6764.14 4.23628e-16
6765.6 3.97086e-16
6767.06 4.4575e-16
6768.52 4.77902e-16
6769.98 4.0619e-16
6771.44 3.41217e-16
6772.9 3.98156e-16
6774.36 4.61624e-16
6775.82 4.59215e-16
6777.28 4.5908e-16
6778.74 4.88625e-16
6780.2 4.85627e-16
6781.66 4.18209e-16
6783.12 3.58765e-16
6784.58 4.1081e-16
6786.04 4.4837e-16
6787.5 3.6718e-16
6788.96 3.7788e-16
6790.42 4.53372e-16
6791.88 4.57093e-16
6793.34 4.43927e-16
6794.8 4.38518e-16
6796.26 4.38513e-16
6797.72 4.20768e-16
6799.18 4.01425e-16
6800.64 4.19346e-16
6802.1 4.69037e-16
6803.56 4.86307e-16
6805.01 4.76803e-16
6806.47 4.43356e-16
6807.93 4.34925e-16
6809.39 5.09019e-16
6810.85 5.14698e-16
6812.31 4.50588e-16
6813.77 3.80634e-16
6815.23 3.84773e-16
6816.69 4.56113e-16
6818.15 4.48673e-16
6819.61 4.49572e-16
6821.07 5.05572e-16
6822.53 4.19742e-16
6823.99 3.40799e-16
6825.45 3.98578e-16
6826.91 4.56437e-16
6828.37 5.16105e-16
6829.83 5.15698e-16
6831.29 4.59593e-16
6832.75 4.48189e-16
6834.21 4.58814e-16
6835.67 4.70095e-16
6837.13 4.43835e-16
6838.59 4.15014e-16
6840.05 4.75664e-16
6841.51 4.82661e-16
6842.97 4.44504e-16
6844.43 4.5564e-16
6845.89 4.70825e-16
6847.35 5.00664e-16
6848.81 4.79102e-16
6850.27 3.67638e-16
6851.73 3.41736e-16
6853.19 4.28185e-16
6854.65 4.73486e-16
6856.11 4.48482e-16
6857.57 4.54397e-16
6859.03 4.55254e-16
6860.49 4.13145e-16
6861.95 3.78454e-16
6863.41 3.62784e-16
6864.87 3.78307e-16
6866.33 4.21961e-16
6867.79 3.82123e-16
6869.25 3.71465e-16
6870.7 4.14688e-16
6872.16 4.22114e-16
6873.62 4.4126e-16
6875.08 4.20033e-16
6876.54 3.77109e-16
6878 3.78979e-16
6879.46 4.23377e-16
6880.92 4.30952e-16
6882.38 4.51622e-16
6883.84 4.45625e-16
6885.3 4.2443e-16
6886.76 4.49556e-16
6888.22 4.61856e-16
6889.68 4.44886e-16
6891.14 4.17448e-16
6892.6 4.19588e-16
6894.06 3.89985e-16
6895.52 3.91625e-16
6896.98 4.06551e-16
6898.44 4.03141e-16
6899.9 3.81456e-16
6901.36 4.50478e-16
6902.82 5.43829e-16
6904.28 4.80314e-16
6905.74 3.774e-16
6907.2 3.63494e-16
6908.66 3.68056e-16
6910.12 3.81241e-16
6911.58 4.08283e-16
6913.04 4.29959e-16
6914.5 4.26396e-16
6915.96 4.00289e-16
6917.42 4.24851e-16
6918.88 4.52858e-16
6920.34 4.32164e-16
6921.8 4.50666e-16
6923.26 4.65092e-16
6924.72 4.51665e-16
6926.18 4.32463e-16
6927.64 4.52953e-16
6929.1 4.8754e-16
6930.56 4.64484e-16
6932.02 3.96733e-16
6933.48 3.64532e-16
6934.94 3.67052e-16
6936.4 3.90387e-16
6937.85 4.00127e-16
6939.31 3.98687e-16
6940.77 3.86532e-16
6942.23 3.74201e-16
6943.69 3.8125e-16
6945.15 3.95494e-16
6946.61 3.98953e-16
6948.07 3.84054e-16
6949.53 3.97431e-16
6950.99 4.08879e-16
6952.45 3.99673e-16
6953.91 4.15292e-16
6955.37 4.39128e-16
6956.83 3.85721e-16
6958.29 3.78147e-16
6959.75 4.12385e-16
6961.21 3.60385e-16
6962.67 3.34965e-16
6964.13 3.81547e-16
6965.59 4.37791e-16
6967.05 4.22592e-16
6968.51 3.7836e-16
6969.97 3.81599e-16
6971.43 4.36839e-16
6972.89 4.43163e-16
6974.35 4.4627e-16
6975.81 4.45093e-16
6977.27 3.72028e-16
6978.73 3.80304e-16
6980.19 4.27532e-16
6981.65 3.91988e-16
6983.11 4.0325e-16
6984.57 4.21526e-16
6986.03 4.00745e-16
6987.49 3.9652e-16
6988.95 3.98149e-16
6990.41 4.41896e-16
6991.87 4.67705e-16
6993.33 4.37842e-16
6994.79 3.8929e-16
6996.25 3.93988e-16
6997.71 4.1084e-16
6999.17 3.72028e-16
7000.63 3.42939e-16
7002.09 3.62778e-16
7003.54 3.98938e-16
7005 3.49524e-16
7006.46 3.26695e-16
7007.92 3.94941e-16
7009.38 4.23656e-16
7010.84 4.05015e-16
7012.3 3.65973e-16
7013.76 3.66403e-16
7015.22 3.94715e-16
7016.68 3.72529e-16
7018.14 3.45844e-16
7019.6 3.46147e-16
7021.06 3.49665e-16
7022.52 3.54975e-16
7023.98 3.80234e-16
7025.44 3.90709e-16
7026.9 3.58277e-16
7028.36 3.5959e-16
7029.82 3.76286e-16
7031.28 3.65218e-16
7032.74 3.81523e-16
7034.2 4.00187e-16
7035.66 4.19809e-16
7037.12 4.41214e-16
7038.58 4.03911e-16
7040.04 3.72823e-16
7041.5 3.99389e-16
7042.96 4.29463e-16
7044.42 4.32038e-16
7045.88 3.81969e-16
7047.34 3.24058e-16
7048.8 3.18614e-16
7050.26 3.37025e-16
7051.72 3.5767e-16
7053.18 3.94457e-16
7054.64 4.3502e-16
7056.1 4.56145e-16
7057.56 4.44242e-16
7059.02 4.18153e-16
7060.48 3.93967e-16
7061.94 3.69698e-16
7063.4 3.53885e-16
7064.86 3.46732e-16
7066.32 3.50594e-16
7067.78 3.33064e-16
7069.24 3.11382e-16
7070.7 3.52592e-16
7072.16 3.8889e-16
7073.61 3.96301e-16
7075.07 3.89087e-16
7076.53 3.354e-16
7077.99 3.48188e-16
7079.45 4.30172e-16
7080.91 4.45489e-16
7082.37 4.03309e-16
7083.83 3.78235e-16
7085.29 3.56279e-16
7086.75 3.20484e-16
7088.21 3.0809e-16
7089.67 2.94622e-16
7091.13 2.89615e-16
7092.59 3.46302e-16
7094.05 3.7264e-16
7095.51 3.77341e-16
7096.97 4.0787e-16
7098.43 4.01305e-16
7099.89 4.06006e-16
7101.35 4.23749e-16
7102.81 3.98002e-16
7104.27 3.42184e-16
7105.73 3.45661e-16
7107.19 3.99461e-16
7108.65 4.1451e-16
7110.11 4.30949e-16
7111.57 4.43418e-16
7113.03 3.98217e-16
7114.49 3.98267e-16
7115.95 4.09357e-16
7117.41 3.67185e-16
7118.87 3.64449e-16
7120.33 3.62509e-16
7121.79 3.55402e-16
7123.25 3.98958e-16
7124.71 4.14451e-16
7126.17 3.98662e-16
7127.63 3.9282e-16
7129.09 3.84946e-16
7130.55 4.01997e-16
7132.01 3.69456e-16
7133.47 3.30462e-16
7134.93 3.62485e-16
7136.39 3.65595e-16
7137.85 3.96313e-16
7139.3 4.23791e-16
7140.76 3.48003e-16
7142.22 3.15487e-16
7143.68 3.12371e-16
7145.14 3.38708e-16
7146.6 3.96978e-16
7148.06 4.10631e-16
7149.52 3.28363e-16
7150.98 2.80727e-16
7152.44 3.57589e-16
7153.9 3.78443e-16
7155.36 3.29878e-16
7156.82 3.21838e-16
7158.28 3.47316e-16
7159.74 3.90483e-16
7161.2 4.50438e-16
7162.66 4.25236e-16
7164.12 3.55141e-16
7165.58 3.59279e-16
7167.04 3.79986e-16
7168.5 3.52437e-16
7169.96 3.5057e-16
7171.42 3.67004e-16
7172.88 3.38061e-16
7174.34 3.40107e-16
7175.8 3.68007e-16
7177.26 3.71044e-16
7178.72 3.42747e-16
7180.18 3.26869e-16
7181.64 3.69152e-16
7183.1 3.8974e-16
7184.56 3.5015e-16
7186.02 3.2422e-16
7187.48 3.55878e-16
7188.94 4.45763e-16
7190.4 4.31361e-16
7191.86 3.26822e-16
7193.32 3.97381e-16
7194.78 4.67778e-16
7196.24 3.80852e-16
7197.7 3.51686e-16
7199.16 3.46178e-16
7200.62 3.00487e-16
7202.08 3.52048e-16
7203.54 3.97428e-16
7205 3.37713e-16
7206.45 2.98589e-16
7207.91 3.20252e-16
7209.37 3.63966e-16
7210.83 3.55078e-16
7212.29 3.15251e-16
7213.75 3.30765e-16
7215.21 3.2133e-16
7216.67 2.64076e-16
7218.13 3.22821e-16
7219.59 4.2282e-16
7221.05 4.06458e-16
7222.51 3.32186e-16
7223.97 2.95201e-16
7225.43 3.14544e-16
7226.89 3.92575e-16
7228.35 4.46247e-16
7229.81 3.97322e-16
7231.27 3.28307e-16
7232.73 3.17536e-16
7234.19 3.36607e-16
7235.65 3.0401e-16
7237.11 3.00156e-16
7238.57 2.62557e-16
7240.03 2.73313e-16
7241.49 3.28474e-16
7242.95 3.2618e-16
7244.41 2.94929e-16
7245.87 2.77959e-16
7247.33 2.97118e-16
7248.79 3.29966e-16
7250.25 3.081e-16
7251.71 2.88314e-16
7253.17 2.80718e-16
7254.63 2.79069e-16
7256.09 2.89892e-16
7257.55 2.56129e-16
7259.01 2.46264e-16
7260.47 2.15793e-16
7261.93 2.04628e-16
7263.39 2.62894e-16
7264.85 2.63285e-16
7266.31 2.70112e-16
7267.77 3.47537e-16
7269.23 3.68891e-16
7270.69 3.40801e-16
7272.14 2.57126e-16
7273.6 2.57379e-16
7275.06 3.49867e-16
7276.52 3.87697e-16
7277.98 3.48858e-16
7279.44 3.06269e-16
7280.9 2.82245e-16
7282.36 2.0996e-16
7283.82 1.63057e-16
7285.28 2.07626e-16
7286.74 2.85311e-16
7288.2 2.89273e-16
7289.66 2.53058e-16
7291.12 1.67412e-16
7292.58 1.0212e-16
7294.04 1.49376e-16
7295.5 2.11481e-16
7296.96 2.26643e-16
7298.42 2.37266e-16
7299.88 2.74623e-16
7301.34 2.83918e-16
7302.8 2.44947e-16
7304.26 2.52688e-16
7305.72 2.76738e-16
7307.18 2.65281e-16
7308.64 2.533e-16
7310.1 2.79097e-16
7311.56 3.16291e-16
7313.02 3.53017e-16
7314.48 3.53294e-16
7315.94 3.1955e-16
7317.4 2.96416e-16
7318.86 2.83805e-16
7320.32 2.67522e-16
7321.78 2.66179e-16
7323.24 2.57361e-16
7324.7 2.4421e-16
7326.16 2.66158e-16
7327.62 3.03156e-16
7329.08 3.53343e-16
7330.54 3.37609e-16
7332 3.06537e-16
7333.46 2.95867e-16
7334.92 2.51836e-16
7336.38 2.61984e-16
7337.84 2.60497e-16
7339.29 2.42519e-16
7340.75 2.10151e-16
7342.21 1.61567e-16
7343.67 1.60776e-16
7345.13 2.06884e-16
7346.59 2.47326e-16
7348.05 3.00018e-16
7349.51 2.94604e-16
7350.97 2.60518e-16
7352.43 2.84501e-16
7353.89 2.83719e-16
7355.35 2.67952e-16
7356.81 3.15771e-16
7358.27 3.17314e-16
7359.73 2.89509e-16
7361.19 0
7362.65 0
7364.11 0
7365.57 0
7367.03 0
7368.49 0
7369.95 0
