hi
i2
3454.82 6.49524e-17
3456.28 2.99522e-16
3457.74 4.02695e-16
3459.2 2.70867e-16
3460.66 2.8203e-16
3462.12 3.50229e-16
3463.58 2.35688e-16
3465.03 1.09693e-16
3466.49 4.72947e-17
3467.95 1.82118e-16
3469.41 2.16157e-16
3470.87 1.96742e-16
3472.33 1.36443e-16
3473.79 8.94342e-17
3475.25 5.48945e-17
3476.71 4.77083e-18
3478.17 2.29524e-17
3479.63 1.45359e-16
3481.09 1.68265e-16
3482.55 1.68184e-16
3484.01 2.13297e-16
3485.47 1.68652e-16
3486.93 4.05371e-17
3488.39 1.33958e-16
3489.85 4.22231e-16
3491.31 4.16301e-16
3492.77 1.80582e-16
3494.23 1.49509e-16
3495.69 2.13336e-16
3497.15 1.21398e-16
3498.61 2.17328e-17
3500.07 1.93786e-18
3501.53 -6.07223e-18
3502.99 -2.84368e-17
3504.45 1.71697e-16
3505.91 4.22832e-16
3507.37 2.9092e-16
3508.83 1.41754e-16
3510.29 6.40811e-17
3511.75 1.15513e-16
3513.21 2.72708e-16
3514.67 2.96571e-16
3516.13 2.80692e-16
3517.59 2.01214e-16
3519.05 1.66458e-16
3520.51 2.29389e-16
3521.97 1.83683e-16
3523.43 1.63791e-16
3524.89 1.64691e-16
3526.35 1.00201e-16
3527.81 2.22963e-17
3529.27 6.24485e-17
3530.72 1.50013e-16
3532.18 2.40885e-16
3533.64 2.98764e-16
3535.1 2.42846e-16
3536.56 1.94959e-16
3538.02 2.60645e-16
3539.48 2.5145e-16
3540.94 2.33106e-16
3542.4 3.17181e-16
3543.86 1.85372e-16
3545.32 -2.11833e-17
3546.78 -6.04037e-17
3548.24 1.02944e-16
3549.7 3.29813e-16
3551.16 4.36612e-16
3552.62 3.94103e-16
3554.08 2.42218e-16
3555.54 1.62913e-16
3557 2.8549e-16
3558.46 2.86291e-16
3559.92 1.51707e-16
3561.38 1.70455e-16
3562.84 1.67382e-16
3564.3 6.44625e-17
3565.76 1.11995e-16
3567.22 1.78249e-16
3568.68 1.5573e-16
3570.14 7.38998e-17
3571.6 8.8335e-17
3573.06 1.26753e-16
3574.52 1.72974e-16
3575.98 2.34603e-16
3577.44 2.06872e-16
3578.9 9.94948e-17
3580.36 -3.28065e-17
3581.82 9.28839e-18
3583.28 9.57021e-17
3584.74 3.91579e-17
3586.2 6.43645e-17
3587.66 1.81348e-16
3589.12 2.56807e-16
3590.58 1.90714e-16
3592.04 1.37758e-16
3593.5 8.66065e-17
3594.96 -2.70165e-17
3596.42 8.00259e-17
3597.87 2.27251e-16
3599.33 2.22944e-16
3600.79 2.76783e-16
3602.25 3.52231e-16
3603.71 1.60601e-16
3605.17 8.27402e-17
3606.63 9.62722e-17
3608.09 3.07505e-18
3609.55 3.03995e-17
3611.01 4.40091e-17
3612.47 2.05057e-17
3613.93 -3.41967e-17
3615.39 8.86684e-18
3616.85 3.35408e-18
3618.31 -4.37927e-17
3619.77 8.07043e-17
3621.23 1.26801e-16
3622.69 1.08883e-16
3624.15 1.64187e-16
3625.61 1.34334e-16
3627.07 1.55987e-16
3628.53 3.14847e-16
3629.99 3.31549e-16
3631.45 2.59997e-16
3632.91 2.36092e-16
3634.37 1.88151e-16
3635.83 1.00647e-16
3637.29 1.35242e-17
3638.75 -9.35348e-17
3640.21 -9.88387e-17
3641.67 9.39459e-18
3643.13 5.7678e-17
3644.59 8.72218e-17
3646.05 1.64658e-16
3647.51 2.27389e-16
3648.97 1.79629e-16
3650.43 1.66436e-16
3651.89 8.62428e-17
3653.35 -2.94458e-17
3654.81 9.53994e-17
3656.27 1.01325e-16
3657.73 -2.53644e-17
3659.19 -1.4844e-17
3660.65 3.23356e-17
3662.11 7.04486e-17
3663.57 4.5434e-17
3665.02 -4.35049e-17
3666.48 7.38289e-17
3667.94 1.12363e-16
3669.4 6.59198e-17
3670.86 6.47699e-17
3672.32 6.05911e-17
3673.78 4.28929e-17
3675.24 6.60197e-17
3676.7 5.05958e-17
3678.16 4.26983e-17
3679.62 1.2535e-16
3681.08 1.36598e-16
3682.54 6.74327e-17
3684 8.06657e-17
3685.46 5.75462e-17
3686.92 -5.38224e-18
3688.38 7.95936e-17
3689.84 5.05936e-17
3691.3 6.4929e-17
3692.76 9.12776e-17
3694.22 2.39301e-17
3695.68 -1.64267e-17
3697.14 2.18582e-17
3698.6 1.87988e-16
3700.06 3.10308e-16
3701.52 2.24018e-16
3702.98 7.49471e-17
3704.44 5.36109e-17
3705.9 1.59458e-16
3707.36 2.18373e-16
3708.82 2.13986e-16
3710.28 2.13066e-16
3711.74 2.17262e-16
3713.2 2.21462e-16
3714.66 2.25663e-16
3716.12 2.29868e-16
3717.58 2.34076e-16
3719.04 2.38287e-16
3720.5 2.42501e-16
3721.96 2.46718e-16
3723.42 2.50938e-16
3724.88 2.55161e-16
3726.34 2.59388e-16
3727.8 2.63617e-16
3729.26 2.67849e-16
3730.72 2.72084e-16
3732.17 2.76293e-16
3733.63 2.80535e-16
3735.09 2.84779e-16
3736.55 2.89027e-16
3738.01 2.93278e-16
3739.47 2.97531e-16
3740.93 3.01788e-16
3742.39 3.06048e-16
3743.85 3.10311e-16
3745.31 3.14577e-16
3746.77 3.18846e-16
3748.23 2.52569e-16
3749.69 1.09605e-16
3751.15 9.93317e-17
3752.61 1.8434e-16
3754.07 2.22778e-16
3755.53 2.31587e-16
3756.99 1.80554e-16
3758.45 8.13644e-17
3759.91 -1.57401e-17
3761.37 8.90939e-17
3762.83 1.85206e-16
3764.29 1.19901e-16
3765.75 8.71486e-17
3767.21 1.2055e-16
3768.67 1.40973e-16
3770.13 4.42659e-17
3771.59 5.21402e-17
3773.05 1.48093e-16
3774.51 2.64862e-16
3775.97 1.80664e-16
3777.43 4.0486e-17
3778.89 1.26283e-16
3780.35 2.74151e-16
3781.81 2.22392e-16
3783.27 2.2522e-16
3784.73 2.44116e-16
3786.19 1.93885e-16
3787.65 1.80645e-16
3789.11 2.02433e-16
3790.57 1.62318e-16
3792.03 1.20528e-16
3793.49 1.99976e-16
3794.95 2.61263e-16
3796.41 2.47697e-16
3797.86 2.35942e-16
3799.32 2.06218e-16
3800.78 1.81496e-16
3802.24 1.84217e-16
3803.7 9.0117e-17
3805.16 7.55174e-18
3806.62 9.40702e-17
3808.08 1.76027e-16
3809.54 1.71543e-16
3811 1.66177e-16
3812.46 2.0142e-16
3813.92 1.59708e-16
3815.38 1.2577e-16
3816.84 1.21318e-16
3818.3 1.37688e-16
3819.76 1.44975e-16
3821.22 1.52261e-16
3822.68 1.94793e-16
3824.14 2.15481e-16
3825.6 2.62534e-16
3827.06 2.87271e-16
3828.52 1.71083e-16
3829.98 8.78066e-17
3831.44 1.45568e-16
3832.9 2.10035e-16
3834.36 2.45936e-16
3835.82 2.33395e-16
3837.28 1.98972e-16
3838.74 2.21562e-16
3840.2 2.5516e-16
3841.66 2.23402e-16
3843.12 1.67021e-16
3844.58 2.60481e-16
3846.04 3.41479e-16
3847.5 2.66306e-16
3848.96 1.80526e-16
3850.42 1.26775e-16
3851.88 2.04692e-16
3853.34 3.22701e-16
3854.8 2.99491e-16
3856.26 2.76452e-16
3857.72 2.7593e-16
3859.18 2.5382e-16
3860.64 2.34483e-16
3862.1 2.96427e-16
3863.56 3.53728e-16
3865.01 3.35913e-16
3866.47 2.86214e-16
3867.93 2.5422e-16
3869.39 2.39517e-16
3870.85 3.03953e-16
3872.31 3.72086e-16
3873.77 3.18525e-16
3875.23 2.22985e-16
3876.69 2.95353e-16
3878.15 3.77638e-16
3879.61 3.70752e-16
3881.07 4.3146e-16
3882.53 4.17134e-16
3883.99 3.82891e-16
3885.45 4.54784e-16
3886.91 4.33113e-16
3888.37 3.45731e-16
3889.83 2.575e-16
3891.29 3.32453e-16
3892.75 5.31003e-16
3894.21 5.53101e-16
3895.67 5.09235e-16
3897.13 4.56731e-16
3898.59 4.11421e-16
3900.05 3.88392e-16
3901.51 3.78174e-16
3902.97 3.83164e-16
3904.43 3.64648e-16
3905.89 3.22627e-16
3907.35 3.10756e-16
3908.81 3.28752e-16
3910.27 3.44334e-16
3911.73 3.42347e-16
3913.19 3.52932e-16
3914.65 3.84078e-16
3916.11 3.01139e-16
3917.57 2.44916e-16
3919.03 3.31146e-16
3920.49 3.73746e-16
3921.95 3.23158e-16
3923.41 2.3405e-16
3924.87 2.04211e-16
3926.33 2.63165e-16
3927.79 3.45708e-16
3929.25 3.48423e-16
3930.71 2.37964e-16
3932.16 1.92376e-16
3933.62 2.53426e-16
3935.08 3.04335e-16
3936.54 3.1419e-16
3938 3.4273e-16
3939.46 3.48597e-16
3940.92 2.87319e-16
3942.38 2.69483e-16
3943.84 3.11125e-16
3945.3 3.48541e-16
3946.76 3.68676e-16
3948.22 3.2458e-16
3949.68 2.5543e-16
3951.14 2.50646e-16
3952.6 2.42291e-16
3954.06 2.7462e-16
3955.52 3.16515e-16
3956.98 3.32422e-16
3958.44 3.56456e-16
3959.9 2.95763e-16
3961.36 2.33247e-16
3962.82 2.79187e-16
3964.28 3.78517e-16
3965.74 3.36585e-16
3967.2 2.42759e-16
3968.66 2.2977e-16
3970.12 2.87838e-16
3971.58 2.74763e-16
3973.04 2.40333e-16
3974.5 2.56129e-16
3975.96 2.89549e-16
3977.42 3.07798e-16
3978.88 2.46902e-16
3980.34 2.39543e-16
3981.8 2.8249e-16
3983.26 2.77164e-16
3984.72 2.71834e-16
3986.18 2.665e-16
3987.64 2.61162e-16
3989.1 2.55819e-16
3990.56 2.50473e-16
3992.02 2.45123e-16
3993.48 2.39768e-16
3994.94 2.34409e-16
3996.4 2.29046e-16
3997.86 2.23679e-16
3999.31 2.18345e-16
4000.77 2.1297e-16
4002.23 2.0759e-16
4003.69 2.02206e-16
4005.15 1.96818e-16
4006.61 1.91426e-16
4008.07 1.8603e-16
4009.53 1.8063e-16
4010.99 1.75225e-16
4012.45 1.71993e-16
4013.91 1.69048e-16
4015.37 1.89544e-16
4016.83 2.74311e-16
4018.29 3.79105e-16
4019.75 3.64824e-16
4021.21 2.38087e-16
4022.67 2.65162e-16
4024.13 3.59974e-16
4025.59 2.92928e-16
4027.05 2.54042e-16
4028.51 3.22456e-16
4029.97 3.02246e-16
4031.43 2.48292e-16
4032.89 2.71661e-16
4034.35 3.14591e-16
4035.81 2.72205e-16
4037.27 1.88069e-16
4038.73 2.08731e-16
4040.19 3.28009e-16
4041.65 3.78754e-16
4043.11 3.48221e-16
4044.57 3.29609e-16
4046.03 3.1773e-16
4047.49 2.74279e-16
4048.95 2.27106e-16
4050.41 2.59986e-16
4051.87 2.64653e-16
4053.33 2.78142e-16
4054.79 2.67007e-16
4056.25 2.73197e-16
4057.71 2.81839e-16
4059.17 2.79132e-16
4060.63 3.27462e-16
4062.09 2.59149e-16
4063.55 2.15769e-16
4065 2.83275e-16
4066.46 2.96645e-16
4067.92 3.49365e-16
4069.38 3.42379e-16
4070.84 2.19337e-16
4072.3 1.99838e-16
4073.76 3.23308e-16
4075.22 3.71177e-16
4076.68 3.158e-16
4078.14 2.67735e-16
4079.6 1.86071e-16
4081.06 1.48361e-16
4082.52 1.75687e-16
4083.98 1.8332e-16
4085.44 2.34284e-16
4086.9 3.24131e-16
4088.36 3.06288e-16
4089.82 2.19633e-16
4091.28 2.32032e-16
4092.74 2.66656e-16
4094.2 2.66455e-16
4095.66 2.76088e-16
4097.12 3.03361e-16
4098.58 3.33197e-16
4100.04 2.65167e-16
4101.5 2.5319e-16
4102.96 2.8572e-16
4104.42 3.06535e-16
4105.88 2.84983e-16
4107.34 2.14447e-16
4108.8 2.17263e-16
4110.26 2.15505e-16
4111.72 1.98317e-16
4113.18 2.03634e-16
4114.64 1.97336e-16
4116.1 2.3357e-16
4117.56 2.03799e-16
4119.02 1.70699e-16
4120.48 2.37132e-16
4121.94 2.7436e-16
4123.4 2.74742e-16
4124.86 2.89765e-16
4126.32 3.37737e-16
4127.78 3.50935e-16
4129.24 3.0202e-16
4130.7 2.52469e-16
4132.16 2.36268e-16
4133.61 2.20681e-16
4135.07 2.20911e-16
4136.53 3.04011e-16
4137.99 3.08029e-16
4139.45 2.96809e-16
4140.91 2.79174e-16
4142.37 2.6457e-16
4143.83 2.61551e-16
4145.29 2.425e-16
4146.75 2.81094e-16
4148.21 2.92867e-16
4149.67 2.57409e-16
4151.13 2.54818e-16
4152.59 2.49618e-16
4154.05 2.27805e-16
4155.51 1.79395e-16
4156.97 1.81069e-16
4158.43 2.76422e-16
4159.89 3.16009e-16
4161.35 2.43825e-16
4162.81 1.99184e-16
4164.27 2.83679e-16
4165.73 3.37592e-16
4167.19 2.7503e-16
4168.65 2.25658e-16
4170.11 2.17132e-16
4171.57 2.02344e-16
4173.03 1.64366e-16
4174.49 2.09442e-16
4175.95 2.5782e-16
4177.41 2.69754e-16
4178.87 2.71326e-16
4180.33 2.97807e-16
4181.79 2.95814e-16
4183.25 2.72913e-16
4184.71 2.64843e-16
4186.17 1.77996e-16
4187.63 1.9336e-16
4189.09 2.82428e-16
4190.55 3.11397e-16
4192.01 3.24138e-16
4193.47 2.89589e-16
4194.93 2.29932e-16
4196.39 2.23762e-16
4197.85 2.77244e-16
4199.31 3.12261e-16
4200.76 2.98775e-16
4202.22 2.96924e-16
4203.68 3.33097e-16
4205.14 2.99842e-16
4206.6 2.45925e-16
4208.06 2.56492e-16
4209.52 2.48041e-16
4210.98 2.33335e-16
4212.44 2.32176e-16
4213.9 2.37771e-16
4215.36 3.05428e-16
4216.82 3.53652e-16
4218.28 2.98127e-16
4219.74 2.50832e-16
4221.2 2.51103e-16
4222.66 2.67065e-16
4224.12 2.73527e-16
4225.58 2.7524e-16
4227.04 2.88695e-16
4228.5 3.0619e-16
4229.96 2.36179e-16
4231.42 1.34402e-16
4232.88 1.51615e-16
4234.34 2.0433e-16
4235.8 2.02671e-16
4237.26 2.50407e-16
4238.72 2.67791e-16
4240.18 2.25536e-16
4241.64 2.19249e-16
4243.1 2.1687e-16
4244.56 2.28444e-16
4246.02 2.54622e-16
4247.48 2.53996e-16
4248.94 2.51103e-16
4250.4 2.40455e-16
4251.86 2.22143e-16
4253.32 2.1345e-16
4254.78 2.17906e-16
4256.24 2.45796e-16
4257.7 2.66825e-16
4259.16 1.79944e-16
4260.62 1.1128e-16
4262.08 1.63153e-16
4263.54 2.20442e-16
4265 2.57169e-16
4266.45 2.7799e-16
4267.91 2.95915e-16
4269.37 2.92256e-16
4270.83 2.46106e-16
4272.29 2.03294e-16
4273.75 1.86614e-16
4275.21 1.98369e-16
4276.67 2.35204e-16
4278.13 1.97808e-16
4279.59 1.81043e-16
4281.05 2.22522e-16
4282.51 1.75572e-16
4283.97 1.13967e-16
4285.43 1.52336e-16
4286.89 1.99039e-16
4288.35 2.0639e-16
4289.81 1.97667e-16
4291.27 2.30931e-16
4292.73 2.63679e-16
4294.19 2.49489e-16
4295.65 2.36452e-16
4297.11 2.60822e-16
4298.57 2.77458e-16
4300.03 2.78387e-16
4301.49 2.3941e-16
4302.95 1.91028e-16
4304.41 2.24051e-16
4305.87 2.9373e-16
4307.33 2.51006e-16
4308.79 2.45518e-16
4310.25 2.56205e-16
4311.71 2.44986e-16
4313.17 2.30593e-16
4314.63 2.36497e-16
4316.09 2.39728e-16
4317.55 2.49824e-16
4319.01 2.49601e-16
4320.47 2.44766e-16
4321.93 1.97146e-16
4323.39 1.7859e-16
4324.85 2.22218e-16
4326.31 2.45196e-16
4327.77 2.82103e-16
4329.23 2.86171e-16
4330.69 2.49046e-16
4332.15 2.95465e-16
4333.6 3.80971e-16
4335.06 4.66498e-16
4336.52 4.92943e-16
4337.98 4.04607e-16
4339.44 3.27787e-16
4340.9 2.69764e-16
4342.36 2.50557e-16
4343.82 2.64489e-16
4345.28 2.87964e-16
4346.74 2.86179e-16
4348.2 2.84393e-16
4349.66 2.82604e-16
4351.12 2.80814e-16
4352.58 2.79023e-16
4354.04 2.77229e-16
4355.5 2.75435e-16
4356.96 2.73634e-16
4358.42 2.71834e-16
4359.88 2.70037e-16
4361.34 2.68228e-16
4362.8 2.66425e-16
4364.26 2.64621e-16
4365.72 2.62815e-16
4367.18 2.61007e-16
4368.64 2.59199e-16
4370.1 2.57388e-16
4371.56 2.55576e-16
4373.02 2.53763e-16
4374.48 2.51947e-16
4375.94 2.5013e-16
4377.4 2.48311e-16
4378.86 2.46491e-16
4380.32 2.44669e-16
4381.78 2.42845e-16
4383.24 2.77653e-16
4384.7 3.68982e-16
4386.16 3.96611e-16
4387.62 3.48253e-16
4389.08 4.0068e-16
4390.54 4.75864e-16
4392 4.15888e-16
4393.46 3.62528e-16
4394.92 4.08247e-16
4396.38 4.70796e-16
4397.84 4.21314e-16
4399.29 3.14432e-16
4400.75 3.02918e-16
4402.21 3.57402e-16
4403.67 3.82415e-16
4405.13 3.93993e-16
4406.59 4.00193e-16
4408.05 3.86287e-16
4409.51 3.80006e-16
4410.97 4.16577e-16
4412.43 3.819e-16
4413.89 3.47809e-16
4415.35 4.00543e-16
4416.81 4.1153e-16
4418.27 4.6402e-16
4419.73 4.68023e-16
4421.19 4.41743e-16
4422.65 4.86143e-16
4424.11 4.29139e-16
4425.57 3.87663e-16
4427.03 4.33343e-16
4428.49 4.9034e-16
4429.95 5.19845e-16
4431.41 4.65746e-16
4432.87 4.17446e-16
4434.33 4.30437e-16
4435.79 5.08474e-16
4437.25 5.88259e-16
4438.71 5.37111e-16
4440.17 4.69915e-16
4441.63 4.8123e-16
4443.09 5.17956e-16
4444.55 5.58106e-16
4446.01 5.38736e-16
4447.47 4.79179e-16
4448.93 4.88333e-16
4450.39 5.06834e-16
4451.85 5.1735e-16
4453.31 5.09566e-16
4454.77 4.66291e-16
4456.23 4.80492e-16
4457.69 5.83801e-16
4459.15 6.26785e-16
4460.61 5.54692e-16
4462.07 4.91634e-16
4463.53 5.26285e-16
4464.99 5.89134e-16
4466.44 5.43022e-16
4467.9 5.44807e-16
4469.36 5.51649e-16
4470.82 5.17896e-16
4472.28 5.7029e-16
4473.74 5.96296e-16
4475.2 6.02746e-16
4476.66 6.62807e-16
4478.12 6.0155e-16
4479.58 5.09656e-16
4481.04 5.0581e-16
4482.5 5.34025e-16
4483.96 5.74912e-16
4485.42 6.19289e-16
4486.88 5.87748e-16
4488.34 5.38906e-16
4489.8 5.54671e-16
4491.26 5.75147e-16
4492.72 5.96669e-16
4494.18 6.0337e-16
4495.64 5.65297e-16
4497.1 5.57635e-16
4498.56 5.49369e-16
4500.02 5.32831e-16
4501.48 5.20539e-16
4502.94 5.70805e-16
4504.4 6.16955e-16
4505.86 5.63343e-16
4507.32 5.48232e-16
4508.78 5.3389e-16
4510.24 5.58297e-16
4511.7 5.53806e-16
4513.16 5.31798e-16
4514.62 5.85404e-16
4516.08 5.88678e-16
4517.54 5.7299e-16
4519 5.55198e-16
4520.46 5.20742e-16
4521.92 5.72192e-16
4523.38 5.75639e-16
4524.84 5.40356e-16
4526.3 5.77375e-16
4527.76 6.2669e-16
4529.22 6.17636e-16
4530.68 5.9616e-16
4532.13 6.09484e-16
4533.59 6.40886e-16
4535.05 6.29098e-16
4536.51 5.98621e-16
4537.97 5.66743e-16
4539.43 4.94644e-16
4540.89 4.70213e-16
4542.35 5.18952e-16
4543.81 5.48892e-16
4545.27 4.8176e-16
4546.73 4.61851e-16
4548.19 5.77325e-16
4549.65 6.08679e-16
4551.11 5.31266e-16
4552.57 4.82131e-16
4554.03 5.58282e-16
4555.49 6.38766e-16
4556.95 5.90911e-16
4558.41 5.3926e-16
4559.87 4.52312e-16
4561.33 4.13415e-16
4562.79 5.32316e-16
4564.25 6.67116e-16
4565.71 6.05794e-16
4567.17 5.42534e-16
4568.63 5.6674e-16
4570.09 6.16884e-16
4571.55 6.29392e-16
4573.01 5.96581e-16
4574.47 5.96513e-16
4575.93 5.42034e-16
4577.39 4.79989e-16
4578.85 5.1845e-16
4580.31 5.35878e-16
4581.77 5.02795e-16
4583.23 4.92211e-16
4584.69 5.00724e-16
4586.15 5.64485e-16
4587.61 6.10153e-16
4589.07 5.89266e-16
4590.53 5.56295e-16
4591.99 5.60169e-16
4593.45 5.73256e-16
4594.91 4.93076e-16
4596.37 4.88827e-16
4597.83 5.79795e-16
4599.29 5.80439e-16
4600.74 5.2216e-16
4602.2 5.46031e-16
4603.66 5.73625e-16
4605.12 5.87216e-16
4606.58 5.34904e-16
4608.04 5.48843e-16
4609.5 5.99013e-16
4610.96 5.43091e-16
4612.42 5.3378e-16
4613.88 5.3226e-16
4615.34 5.42267e-16
4616.8 5.62179e-16
4618.26 5.82397e-16
4619.72 5.68193e-16
4621.18 5.20316e-16
4622.64 5.02417e-16
4624.1 5.51259e-16
4625.56 5.63433e-16
4627.02 5.65172e-16
4628.48 5.65891e-16
4629.94 4.72232e-16
4631.4 4.62644e-16
4632.86 5.76464e-16
4634.32 5.77077e-16
4635.78 4.95894e-16
4637.24 4.81617e-16
4638.7 4.67445e-16
4640.16 4.87284e-16
4641.62 5.00389e-16
4643.08 4.7217e-16
4644.54 4.38925e-16
4646 4.94275e-16
4647.46 5.30771e-16
4648.92 4.77112e-16
4650.38 4.48144e-16
4651.84 4.69835e-16
4653.3 4.57849e-16
4654.76 4.67912e-16
4656.22 5.04809e-16
4657.68 5.2792e-16
4659.14 4.65765e-16
4660.6 4.22645e-16
4662.06 4.78616e-16
4663.52 5.07359e-16
4664.98 5.28271e-16
4666.44 5.25712e-16
4667.89 5.07376e-16
4669.35 5.65601e-16
4670.81 5.9365e-16
4672.27 5.82141e-16
4673.73 5.41301e-16
4675.19 5.41714e-16
4676.65 5.24176e-16
4678.11 5.31834e-16
4679.57 5.60166e-16
4681.03 5.85699e-16
4682.49 5.26505e-16
4683.95 5.32341e-16
4685.41 5.74179e-16
4686.87 5.27997e-16
4688.33 5.00926e-16
4689.79 4.96103e-16
4691.25 4.90956e-16
4692.71 5.83206e-16
4694.17 5.84169e-16
4695.63 5.21668e-16
4697.09 5.38687e-16
4698.55 5.35152e-16
4700.01 4.54874e-16
4701.47 4.3141e-16
4702.93 5.14435e-16
4704.39 5.71944e-16
4705.85 5.55228e-16
4707.31 5.63354e-16
4708.77 5.88696e-16
4710.23 5.29395e-16
4711.69 4.77077e-16
4713.15 4.89293e-16
4714.61 5.72808e-16
4716.07 5.55274e-16
4717.53 4.6948e-16
4718.99 4.80618e-16
4720.45 4.89794e-16
4721.91 4.80265e-16
4723.37 4.39376e-16
4724.83 4.08311e-16
4726.29 4.47466e-16
4727.75 4.70034e-16
4729.21 4.93749e-16
4730.67 4.69296e-16
4732.13 5.14209e-16
4733.59 5.07023e-16
4735.04 4.89694e-16
4736.5 5.454e-16
4737.96 5.72983e-16
4739.42 5.74062e-16
4740.88 6.10156e-16
4742.34 5.76923e-16
4743.8 5.62152e-16
4745.26 5.62249e-16
4746.72 5.27607e-16
4748.18 5.43756e-16
4749.64 4.91365e-16
4751.1 4.49983e-16
4752.56 4.75572e-16
4754.02 5.43108e-16
4755.48 5.4005e-16
4756.94 5.35727e-16
4758.4 5.44547e-16
4759.86 4.91311e-16
4761.32 4.93767e-16
4762.78 5.31489e-16
4764.24 5.41534e-16
4765.7 5.23305e-16
4767.16 5.03739e-16
4768.62 5.36483e-16
4770.08 5.282e-16
4771.54 5.04896e-16
4773 5.39917e-16
4774.46 5.90963e-16
4775.92 5.38619e-16
4777.38 5.29597e-16
4778.84 5.77483e-16
4780.3 5.3228e-16
4781.76 5.29e-16
4783.22 5.6322e-16
4784.68 4.96914e-16
4786.14 4.68933e-16
4787.6 5.20607e-16
4789.06 5.38844e-16
4790.52 5.32897e-16
4791.98 5.5542e-16
4793.44 5.64671e-16
4794.9 5.56011e-16
4796.36 5.17792e-16
4797.82 5.31887e-16
4799.28 5.49633e-16
4800.73 5.8463e-16
4802.19 5.75741e-16
4803.65 5.10311e-16
4805.11 4.74342e-16
4806.57 4.90555e-16
4808.03 5.3544e-16
4809.49 5.48557e-16
4810.95 5.24263e-16
4812.41 5.4945e-16
4813.87 5.80358e-16
4815.33 5.84608e-16
4816.79 5.8131e-16
4818.25 5.28157e-16
4819.71 5.03137e-16
4821.17 5.28962e-16
4822.63 5.44623e-16
4824.09 5.39381e-16
4825.55 5.38275e-16
4827.01 5.57928e-16
4828.47 5.39337e-16
4829.93 5.0029e-16
4831.39 5.12827e-16
4832.85 5.31044e-16
4834.31 5.4415e-16
4835.77 5.19013e-16
4837.23 5.25648e-16
4838.69 5.23519e-16
4840.15 4.95859e-16
4841.61 4.7938e-16
4843.07 5.2359e-16
4844.53 5.24701e-16
4845.99 5.25812e-16
4847.45 5.26923e-16
4848.91 5.28034e-16
4850.37 5.29146e-16
4851.83 5.30258e-16
4853.29 5.31371e-16
4854.75 5.32483e-16
4856.21 5.33596e-16
4857.67 5.34709e-16
4859.13 5.35822e-16
4860.59 5.36935e-16
4862.05 5.38049e-16
4863.51 5.39163e-16
4864.97 5.40277e-16
4866.43 5.41391e-16
4867.88 5.42498e-16
4869.34 5.43612e-16
4870.8 5.44727e-16
4872.26 5.45842e-16
4873.72 5.46957e-16
4875.18 5.48072e-16
4876.64 5.49188e-16
4878.1 5.50303e-16
4879.56 5.51419e-16
4881.02 5.58715e-16
4882.48 5.53349e-16
4883.94 5.05022e-16
4885.4 5.05339e-16
4886.86 5.60501e-16
4888.32 5.69574e-16
4889.78 5.63443e-16
4891.24 5.46104e-16
4892.7 5.94797e-16
4894.16 5.54358e-16
4895.62 4.59725e-16
4897.08 4.70862e-16
4898.54 5.16604e-16
4900 5.5692e-16
4901.46 5.39715e-16
4902.92 5.31015e-16
4904.38 5.29403e-16
4905.84 5.27216e-16
4907.3 5.7178e-16
4908.76 5.83645e-16
4910.22 5.87941e-16
4911.68 6.08208e-16
4913.14 6.48962e-16
4914.6 6.09497e-16
4916.06 5.79984e-16
4917.52 5.83582e-16
4918.98 5.73078e-16
4920.44 5.60963e-16
4921.9 6.14228e-16
4923.36 6.76651e-16
4924.82 6.35274e-16
4926.28 6.09035e-16
4927.74 6.4957e-16
4929.2 6.4645e-16
4930.66 5.93526e-16
4932.12 5.38349e-16
4933.57 5.77338e-16
4935.03 6.09844e-16
4936.49 6.02963e-16
4937.95 6.11145e-16
4939.41 5.88126e-16
4940.87 5.92299e-16
4942.33 5.95555e-16
4943.79 5.98813e-16
4945.25 6.02072e-16
4946.71 6.05332e-16
4948.17 6.08593e-16
4949.63 6.11854e-16
4951.09 6.15117e-16
4952.55 6.18381e-16
4954.01 6.21646e-16
4955.47 6.24912e-16
4956.93 6.28179e-16
4958.39 6.31446e-16
4959.85 6.34715e-16
4961.31 6.37994e-16
4962.77 6.41278e-16
4964.23 6.44551e-16
4965.69 6.47824e-16
4967.15 6.51098e-16
4968.61 6.54372e-16
4970.07 6.57648e-16
4971.53 6.60925e-16
4972.99 6.64202e-16
4974.45 6.67481e-16
4975.91 6.70759e-16
4977.37 6.74039e-16
4978.83 6.52744e-16
4980.29 6.05682e-16
4981.75 5.83436e-16
4983.21 6.02764e-16
4984.67 6.30418e-16
4986.13 5.94622e-16
4987.59 5.50341e-16
4989.05 5.37772e-16
4990.51 5.41096e-16
4991.97 5.44421e-16
4993.43 5.47748e-16
4994.89 5.51075e-16
4996.35 5.54403e-16
4997.81 5.57732e-16
4999.26 5.61039e-16
5000.72 5.6437e-16
5002.18 5.67702e-16
5003.64 5.71035e-16
5005.1 5.74369e-16
5006.56 5.77704e-16
5008.02 5.8104e-16
5009.48 5.84376e-16
5010.94 5.87713e-16
5012.4 5.9105e-16
5013.86 5.94389e-16
5015.32 5.97729e-16
5016.78 6.01069e-16
5018.24 6.0441e-16
5019.7 6.07753e-16
5021.16 6.11096e-16
5022.62 6.14439e-16
5024.08 6.17784e-16
5025.54 6.38424e-16
5027 6.81868e-16
5028.46 6.78853e-16
5029.92 6.51206e-16
5031.38 6.62505e-16
5032.84 6.64355e-16
5034.3 6.7971e-16
5035.76 7.0086e-16
5037.22 7.25424e-16
5038.68 7.24617e-16
5040.14 7.18622e-16
5041.6 6.91189e-16
5043.06 6.52629e-16
5044.52 6.5737e-16
5045.98 6.77346e-16
5047.44 7.22862e-16
5048.9 7.26024e-16
5050.36 7.0504e-16
5051.82 7.44311e-16
5053.28 7.07406e-16
5054.74 6.57588e-16
5056.2 6.2948e-16
5057.66 6.28192e-16
5059.12 6.66265e-16
5060.58 7.04202e-16
5062.04 6.93273e-16
5063.5 7.10466e-16
5064.96 7.41049e-16
5066.41 6.73068e-16
5067.87 6.41581e-16
5069.33 6.58157e-16
5070.79 7.04475e-16
5072.25 6.80188e-16
5073.71 6.86784e-16
5075.17 7.05162e-16
5076.63 6.82204e-16
5078.09 6.88838e-16
5079.55 7.00598e-16
5081.01 6.90213e-16
5082.47 6.9874e-16
5083.93 7.11792e-16
5085.39 7.29377e-16
5086.85 7.41697e-16
5088.31 7.32234e-16
5089.77 7.50047e-16
5091.23 8.03199e-16
5092.69 7.46136e-16
5094.15 7.41401e-16
5095.61 7.14391e-16
5097.07 6.95748e-16
5098.53 7.47832e-16
5099.99 7.43248e-16
5101.45 7.25845e-16
5102.91 7.17013e-16
5104.37 7.49775e-16
5105.83 7.33119e-16
5107.29 7.17317e-16
5108.75 7.04996e-16
5110.21 7.13095e-16
5111.67 7.29136e-16
5113.13 7.66687e-16
5114.59 7.26015e-16
5116.05 7.17056e-16
5117.51 7.4049e-16
5118.97 7.46278e-16
5120.43 7.80782e-16
5121.89 7.61074e-16
5123.35 7.18616e-16
5124.81 6.96497e-16
5126.27 7.36334e-16
5127.73 7.75497e-16
5129.19 7.55526e-16
5130.65 7.76786e-16
5132.11 8.47153e-16
5133.57 8.50098e-16
5135.03 7.93583e-16
5136.48 7.65028e-16
5137.94 7.70578e-16
5139.4 7.9478e-16
5140.86 7.9933e-16
5142.32 7.90439e-16
5143.78 8.15758e-16
5145.24 8.24728e-16
5146.7 7.95647e-16
5148.16 8.20287e-16
5149.62 8.05951e-16
5151.08 7.86953e-16
5152.54 7.56802e-16
5154 7.31574e-16
5155.46 8.02291e-16
5156.92 8.68839e-16
5158.38 8.34162e-16
5159.84 8.30428e-16
5161.3 8.39875e-16
5162.76 8.37769e-16
5164.22 8.60269e-16
5165.68 8.99203e-16
5167.14 8.77869e-16
5168.6 8.67152e-16
5170.06 8.8557e-16
5171.52 8.58578e-16
5172.98 8.29673e-16
5174.44 8.45492e-16
5175.9 8.79346e-16
5177.36 9.42329e-16
5178.82 9.81673e-16
5180.28 9.35011e-16
5181.74 8.91849e-16
5183.2 8.9423e-16
5184.66 9.21284e-16
5186.12 9.01691e-16
5187.58 9.09049e-16
5189.04 8.75999e-16
5190.5 8.23668e-16
5191.96 8.71322e-16
5193.42 9.15379e-16
5194.88 9.43574e-16
5196.34 9.24035e-16
5197.8 8.36605e-16
5199.26 8.54094e-16
5200.72 9.15242e-16
5202.17 9.15946e-16
5203.63 9.16641e-16
5205.09 8.65025e-16
5206.55 8.5651e-16
5208.01 9.22153e-16
5209.47 9.29455e-16
5210.93 9.20669e-16
5212.39 9.13467e-16
5213.85 8.8079e-16
5215.31 8.94038e-16
5216.77 8.74565e-16
5218.23 8.80867e-16
5219.69 9.0112e-16
5221.15 9.05893e-16
5222.61 9.48575e-16
5224.07 9.59997e-16
5225.53 9.38217e-16
5226.99 9.424e-16
5228.45 9.40051e-16
5229.91 9.21802e-16
5231.37 9.16268e-16
5232.83 9.40265e-16
5234.29 9.23632e-16
5235.75 9.02373e-16
5237.21 9.43506e-16
5238.67 9.78849e-16
5240.13 9.93354e-16
5241.59 1.00206e-15
5243.05 9.89445e-16
5244.51 9.54055e-16
5245.97 9.75805e-16
5247.43 9.93949e-16
5248.89 9.68017e-16
5250.35 9.83348e-16
5251.81 1.0302e-15
5253.27 1.02441e-15
5254.73 9.70829e-16
5256.19 9.68996e-16
5257.65 1.0054e-15
5259.11 1.01643e-15
5260.57 9.83636e-16
5262.03 9.83731e-16
5263.49 1.07026e-15
5264.95 1.11034e-15
5266.41 1.08975e-15
5267.87 1.06786e-15
5269.32 1.03545e-15
5270.78 1.01888e-15
5272.24 1.00205e-15
5273.7 1.00614e-15
5275.16 1.01337e-15
5276.62 9.8202e-16
5278.08 1.00009e-15
5279.54 1.03235e-15
5281 1.05658e-15
5282.46 1.12245e-15
5283.92 1.15527e-15
5285.38 1.11822e-15
5286.84 1.06621e-15
5288.3 1.0953e-15
5289.76 1.13409e-15
5291.22 1.08122e-15
5292.68 1.00932e-15
5294.14 1.01675e-15
5295.6 1.06141e-15
5297.06 1.06905e-15
5298.52 1.11703e-15
5299.98 1.13748e-15
5301.44 1.06535e-15
5302.9 1.01642e-15
5304.36 1.04042e-15
5305.82 1.07345e-15
5307.28 1.09047e-15
5308.74 1.09075e-15
5310.2 1.06878e-15
5311.66 1.10352e-15
5313.12 1.1004e-15
5314.58 1.06428e-15
5316.04 1.07142e-15
5317.5 1.06518e-15
5318.96 1.0881e-15
5320.42 1.15458e-15
5321.88 1.13773e-15
5323.34 1.10083e-15
5324.8 1.15203e-15
5326.26 1.12047e-15
5327.72 1.05689e-15
5329.18 1.09766e-15
5330.64 1.10914e-15
5332.1 1.13385e-15
5333.56 1.16085e-15
5335.01 1.1334e-15
5336.47 1.10734e-15
5337.93 1.06689e-15
5339.39 1.06864e-15
5340.85 1.09959e-15
5342.31 1.12237e-15
5343.77 1.14707e-15
5345.23 1.15689e-15
5346.69 1.14344e-15
5348.15 1.11209e-15
5349.61 1.10196e-15
5351.07 1.13159e-15
5352.53 1.14037e-15
5353.99 1.17976e-15
5355.45 1.20404e-15
5356.91 1.21743e-15
5358.37 1.20128e-15
5359.83 1.19588e-15
5361.29 1.18131e-15
5362.75 1.10577e-15
5364.21 1.07643e-15
5365.67 1.10639e-15
5367.13 1.18767e-15
5368.59 1.17051e-15
5370.05 1.09238e-15
5371.51 1.12219e-15
5372.97 1.1334e-15
5374.43 1.06384e-15
5375.89 1.10103e-15
5377.35 1.15467e-15
5378.81 1.17611e-15
5380.27 1.12931e-15
5381.73 1.08269e-15
5383.19 1.0901e-15
5384.65 1.07881e-15
5386.11 1.10686e-15
5387.57 1.14247e-15
5389.03 1.15664e-15
5390.49 1.16745e-15
5391.95 1.16051e-15
5393.41 1.16133e-15
5394.87 1.14013e-15
5396.33 1.09696e-15
5397.79 1.07666e-15
5399.25 1.17018e-15
5400.7 1.18178e-15
5402.16 1.14922e-15
5403.62 1.17139e-15
5405.08 1.16482e-15
5406.54 1.15803e-15
5408 1.19841e-15
5409.46 1.24956e-15
5410.92 1.29648e-15
5412.38 1.30931e-15
5413.84 1.25505e-15
5415.3 1.15506e-15
5416.76 1.14992e-15
5418.22 1.2362e-15
5419.68 1.20923e-15
5421.14 1.23101e-15
5422.6 1.26685e-15
5424.06 1.19311e-15
5425.52 1.16371e-15
5426.98 1.24658e-15
5428.44 1.24608e-15
5429.9 1.24515e-15
5431.36 1.2198e-15
5432.82 1.1836e-15
5434.28 1.2279e-15
5435.74 1.27406e-15
5437.2 1.24294e-15
5438.66 1.20858e-15
5440.12 1.18478e-15
5441.58 1.13879e-15
5443.04 1.14186e-15
5444.5 1.1789e-15
5445.96 1.19503e-15
5447.42 1.17133e-15
5448.88 1.11992e-15
5450.34 1.16427e-15
5451.8 1.20772e-15
5453.26 1.21617e-15
5454.72 1.21517e-15
5456.18 1.16901e-15
5457.64 1.13719e-15
5459.1 1.14515e-15
5460.56 1.15046e-15
5462.02 1.11197e-15
5463.48 1.0637e-15
5464.94 1.05726e-15
5466.4 1.04543e-15
5467.85 1.10633e-15
5469.31 1.09511e-15
5470.77 1.06606e-15
5472.23 1.08698e-15
5473.69 1.09791e-15
5475.15 1.09334e-15
5476.61 1.06993e-15
5478.07 1.04136e-15
5479.53 1.02677e-15
5480.99 1.0883e-15
5482.45 1.12576e-15
5483.91 1.13618e-15
5485.37 1.17399e-15
5486.83 1.09003e-15
5488.29 1.0379e-15
5489.75 1.05113e-15
5491.21 1.00924e-15
5492.67 1.00939e-15
5494.13 1.04005e-15
5495.59 1.04886e-15
5497.05 1.05424e-15
5498.51 1.0719e-15
5499.97 1.09635e-15
5501.43 1.09016e-15
5502.89 1.0696e-15
5504.35 1.03388e-15
5505.81 1.04124e-15
5507.27 1.08644e-15
5508.73 1.0886e-15
5510.19 1.11697e-15
5511.65 1.14846e-15
5513.11 1.11364e-15
5514.57 1.09474e-15
5516.03 1.115e-15
5517.49 1.0659e-15
5518.95 1.0506e-15
5520.41 1.09973e-15
5521.87 1.1181e-15
5523.33 1.11822e-15
5524.79 1.13187e-15
5526.25 1.14613e-15
5527.71 1.14976e-15
5529.17 1.08117e-15
5530.63 1.03797e-15
5532.09 1.09813e-15
5533.54 1.11178e-15
5535 1.08735e-15
5536.46 1.15372e-15
5537.92 1.2127e-15
5539.38 1.12895e-15
5540.84 1.08186e-15
5542.3 1.09317e-15
5543.76 1.06604e-15
5545.22 1.04966e-15
5546.68 1.06575e-15
5548.14 1.07558e-15
5549.6 1.04689e-15
5551.06 1.06262e-15
5552.52 1.11933e-15
5553.98 1.1001e-15
5555.44 1.06022e-15
5556.9 1.08172e-15
5558.36 1.08537e-15
5559.82 1.0442e-15
5561.28 1.06024e-15
5562.74 1.10782e-15
5564.2 1.09309e-15
5565.66 1.0927e-15
5567.12 1.1118e-15
5568.58 1.10147e-15
5570.04 1.11381e-15
5571.5 1.10302e-15
5572.96 1.05551e-15
5574.42 1.04466e-15
5575.88 1.07956e-15
5577.34 1.1356e-15
5578.8 1.10492e-15
5580.26 1.05213e-15
5581.72 1.08008e-15
5583.18 1.0379e-15
5584.64 9.96914e-16
5586.1 1.04143e-15
5587.56 1.02713e-15
5589.02 1.0195e-15
5590.48 1.07389e-15
5591.94 1.03769e-15
5593.4 9.63244e-16
5594.86 1.01462e-15
5596.32 1.02249e-15
5597.78 9.98855e-16
5599.24 9.91533e-16
5600.7 9.63577e-16
5602.16 9.72551e-16
5603.61 9.86792e-16
5605.07 1.009e-15
5606.53 1.0129e-15
5607.99 9.87593e-16
5609.45 9.99234e-16
5610.91 1.00747e-15
5612.37 1.0298e-15
5613.83 1.0496e-15
5615.29 9.91563e-16
5616.75 9.75321e-16
5618.21 9.9703e-16
5619.67 1.02022e-15
5621.13 1.02027e-15
5622.59 1.0355e-15
5624.05 1.0352e-15
5625.51 1.02046e-15
5626.97 1.05143e-15
5628.43 1.10394e-15
5629.89 1.08268e-15
5631.35 1.0068e-15
5632.81 1.0128e-15
5634.27 1.07436e-15
5635.73 1.05724e-15
5637.19 1.03556e-15
5638.65 1.01295e-15
5640.11 9.67331e-16
5641.57 9.7983e-16
5643.03 9.76773e-16
5644.49 9.51317e-16
5645.95 9.98439e-16
5647.41 1.06375e-15
5648.87 1.05524e-15
5650.33 1.00906e-15
5651.79 1.05756e-15
5653.25 1.03542e-15
5654.71 9.88445e-16
5656.17 9.76646e-16
5657.63 9.7459e-16
5659.09 9.67255e-16
5660.55 9.76338e-16
5662.01 1.00475e-15
5663.47 1.00257e-15
5664.93 1.02677e-15
5666.39 1.05186e-15
5667.85 1.06461e-15
5669.31 1.07952e-15
5670.76 1.07655e-15
5672.22 1.04803e-15
5673.68 1.02745e-15
5675.14 1.04588e-15
5676.6 1.05334e-15
5678.06 1.07829e-15
5679.52 1.09584e-15
5680.98 1.05804e-15
5682.44 1.08227e-15
5683.9 1.11262e-15
5685.36 1.1101e-15
5686.82 1.10027e-15
5688.28 1.0836e-15
5689.74 1.09585e-15
5691.2 1.11033e-15
5692.66 1.12258e-15
5694.12 1.11405e-15
5695.58 1.0902e-15
5697.04 1.06631e-15
5698.5 1.10796e-15
5699.96 1.15599e-15
5701.42 1.15142e-15
5702.88 1.1405e-15
5704.34 1.13196e-15
5705.8 1.1384e-15
5707.26 1.10331e-15
5708.72 1.12957e-15
5710.18 1.17334e-15
5711.64 1.15461e-15
5713.1 1.19276e-15
5714.56 1.23922e-15
5716.02 1.22068e-15
5717.48 1.20101e-15
5718.94 1.25389e-15
5720.4 1.26346e-15
5721.86 1.2164e-15
5723.32 1.21047e-15
5724.78 1.27869e-15
5726.24 1.32151e-15
5727.7 1.26853e-15
5729.16 1.23305e-15
5730.62 1.20762e-15
5732.08 1.18968e-15
5733.54 1.19901e-15
5735 1.21576e-15
5736.45 1.24268e-15
5737.91 1.31002e-15
5739.37 1.35528e-15
5740.83 1.32948e-15
5742.29 1.32885e-15
5743.75 1.35181e-15
5745.21 1.35594e-15
5746.67 1.38517e-15
5748.13 1.33902e-15
5749.59 1.30717e-15
5751.05 1.36179e-15
5752.51 1.35189e-15
5753.97 1.29474e-15
5755.43 1.3108e-15
5756.89 1.35364e-15
5758.35 1.39706e-15
5759.81 1.45762e-15
5761.27 1.44759e-15
5762.73 1.42784e-15
5764.19 1.44596e-15
5765.65 1.38714e-15
5767.11 1.38685e-15
5768.57 1.47529e-15
5770.03 1.51649e-15
5771.49 1.52178e-15
5772.95 1.44904e-15
5774.41 1.36788e-15
5775.87 1.36362e-15
5777.33 1.42131e-15
5778.79 1.47884e-15
5780.25 1.47585e-15
5781.71 1.47453e-15
5783.17 1.47751e-15
5784.63 1.44696e-15
5786.09 1.44608e-15
5787.55 1.44409e-15
5789.01 1.41811e-15
5790.47 1.4406e-15
5791.93 1.46882e-15
5793.39 1.50764e-15
5794.85 1.50019e-15
5796.31 1.43629e-15
5797.77 1.44553e-15
5799.23 1.4701e-15
5800.69 1.463e-15
5802.14 1.50601e-15
5803.6 1.53916e-15
5805.06 1.50709e-15
5806.52 1.50897e-15
5807.98 1.50403e-15
5809.44 1.47819e-15
5810.9 1.48895e-15
5812.36 1.52365e-15
5813.82 1.52837e-15
5815.28 1.47204e-15
5816.74 1.43623e-15
5818.2 1.46796e-15
5819.66 1.49897e-15
5821.12 1.49204e-15
5822.58 1.50388e-15
5824.04 1.51606e-15
5825.5 1.49459e-15
5826.96 1.52682e-15
5828.42 1.53265e-15
5829.88 1.47604e-15
5831.34 1.45348e-15
5832.8 1.46912e-15
5834.26 1.50876e-15
5835.72 1.51198e-15
5837.18 1.53193e-15
5838.64 1.54239e-15
5840.1 1.53398e-15
5841.56 1.51292e-15
5843.02 1.46613e-15
5844.48 1.41032e-15
5845.94 1.38026e-15
5847.4 1.47547e-15
5848.86 1.48364e-15
5850.32 1.39994e-15
5851.78 1.42893e-15
5853.24 1.47493e-15
5854.7 1.46711e-15
5856.16 1.44492e-15
5857.62 1.50829e-15
5859.08 1.54818e-15
5860.54 1.48433e-15
5862 1.43344e-15
5863.46 1.48808e-15
5864.92 1.57314e-15
5866.38 1.58533e-15
5867.84 1.57465e-15
5869.29 1.60121e-15
5870.75 1.6331e-15
5872.21 1.57641e-15
5873.67 1.48596e-15
5875.13 1.47674e-15
5876.59 1.4872e-15
5878.05 1.41875e-15
5879.51 1.43759e-15
5880.97 1.52456e-15
5882.43 1.48085e-15
5883.89 1.44206e-15
5885.35 1.43107e-15
5886.81 1.42221e-15
5888.27 1.44614e-15
5889.73 1.40993e-15
5891.19 1.39784e-15
5892.65 1.43096e-15
5894.11 1.42927e-15
5895.57 1.44399e-15
5897.03 1.47565e-15
5898.49 1.49614e-15
5899.95 1.49306e-15
5901.41 1.4818e-15
5902.87 1.46613e-15
5904.33 1.42995e-15
5905.79 1.4155e-15
5907.25 1.46105e-15
5908.71 1.4385e-15
5910.17 1.44984e-15
5911.63 1.51497e-15
5913.09 1.48699e-15
5914.55 1.46375e-15
5916.01 1.44314e-15
5917.47 1.40926e-15
5918.93 1.38715e-15
5920.39 1.38433e-15
5921.85 1.40273e-15
5923.31 1.42212e-15
5924.77 1.42131e-15
5926.23 1.40975e-15
5927.69 1.38363e-15
5929.15 1.36887e-15
5930.61 1.37857e-15
5932.07 1.35606e-15
5933.53 1.36467e-15
5934.98 1.35935e-15
5936.44 1.35458e-15
5937.9 1.3532e-15
5939.36 1.31881e-15
5940.82 1.30446e-15
5942.28 1.31902e-15
5943.74 1.35114e-15
5945.2 1.3499e-15
5946.66 1.30162e-15
5948.12 1.29858e-15
5949.58 1.29598e-15
5951.04 1.26712e-15
5952.5 1.29778e-15
5953.96 1.33437e-15
5955.42 1.30679e-15
5956.88 1.28807e-15
5958.34 1.29303e-15
5959.8 1.26886e-15
5961.26 1.25264e-15
5962.72 1.2607e-15
5964.18 1.25028e-15
5965.64 1.24371e-15
5967.1 1.23889e-15
5968.56 1.25758e-15
5970.02 1.30433e-15
5971.48 1.29137e-15
5972.94 1.25242e-15
5974.4 1.22921e-15
5975.86 1.23392e-15
5977.32 1.25555e-15
5978.78 1.26836e-15
5980.24 1.29024e-15
5981.7 1.27917e-15
5983.16 1.23748e-15
5984.62 1.21441e-15
5986.08 1.23892e-15
5987.54 1.24687e-15
5989 1.21538e-15
5990.46 1.19475e-15
5991.92 1.17386e-15
5993.38 1.1827e-15
5994.84 1.2033e-15
5996.3 1.17772e-15
5997.76 1.13013e-15
5999.22 1.15521e-15
6000.68 1.19829e-15
6002.13 1.21483e-15
6003.59 1.217e-15
6005.05 1.17815e-15
6006.51 1.15545e-15
6007.97 1.12525e-15
6009.43 1.12769e-15
6010.89 1.1783e-15
6012.35 1.22177e-15
6013.81 1.20991e-15
6015.27 1.14772e-15
6016.73 1.09349e-15
6018.19 1.08493e-15
6019.65 1.1053e-15
6021.11 1.09715e-15
6022.57 1.08395e-15
6024.03 1.12502e-15
6025.49 1.13161e-15
6026.95 1.12328e-15
6028.41 1.10347e-15
6029.87 1.09043e-15
6031.33 1.11218e-15
6032.79 1.15789e-15
6034.25 1.16769e-15
6035.71 1.13717e-15
6037.17 1.13305e-15
6038.63 1.12422e-15
6040.09 1.09279e-15
6041.55 1.08077e-15
6043.01 1.07648e-15
6044.47 1.06245e-15
6045.93 1.04399e-15
6047.39 1.06863e-15
6048.85 1.09522e-15
6050.31 1.12047e-15
6051.77 1.10649e-15
6053.23 1.07905e-15
6054.69 1.06535e-15
6056.15 1.0847e-15
6057.61 1.09793e-15
6059.07 1.11427e-15
6060.53 1.07377e-15
6061.99 1.05151e-15
6063.45 1.04161e-15
6064.91 1.06417e-15
6066.37 1.09945e-15
6067.83 1.10798e-15
6069.29 1.04255e-15
6070.74 1.00859e-15
6072.2 1.02711e-15
6073.66 1.04864e-15
6075.12 1.07099e-15
6076.58 1.07223e-15
6078.04 1.05769e-15
6079.5 1.01745e-15
6080.96 9.88329e-16
6082.42 9.75624e-16
6083.88 9.91032e-16
6085.34 9.61623e-16
6086.8 9.84634e-16
6088.26 1.01597e-15
6089.72 9.90208e-16
6091.18 9.66202e-16
6092.64 9.64658e-16
6094.1 9.63302e-16
6095.56 9.77094e-16
6097.02 9.69449e-16
6098.48 9.93082e-16
6099.94 1.00321e-15
6101.4 1.00521e-15
6102.86 9.67952e-16
6104.32 9.6956e-16
6105.78 1.02428e-15
6107.24 1.00062e-15
6108.7 9.34837e-16
6110.16 8.85603e-16
6111.62 8.85127e-16
6113.08 9.26709e-16
6114.54 9.55317e-16
6116 9.45636e-16
6117.46 9.11824e-16
6118.92 8.88087e-16
6120.38 9.02803e-16
6121.84 9.01336e-16
6123.3 8.77517e-16
6124.76 9.11401e-16
6126.22 9.30944e-16
6127.68 8.94148e-16
6129.14 8.88705e-16
6130.6 9.29133e-16
6132.06 9.2964e-16
6133.52 8.94046e-16
6134.98 9.00935e-16
6136.44 8.97708e-16
6137.89 8.69831e-16
6139.35 8.53489e-16
6140.81 8.65848e-16
6142.27 8.62207e-16
6143.73 8.44965e-16
6145.19 8.52683e-16
6146.65 8.67152e-16
6148.11 8.38955e-16
6149.57 7.99112e-16
6151.03 7.87892e-16
6152.49 7.74187e-16
6153.95 7.9472e-16
6155.41 8.14899e-16
6156.87 8.0202e-16
6158.33 8.14979e-16
6159.79 8.45625e-16
6161.25 8.31016e-16
6162.71 8.17906e-16
6164.17 8.29782e-16
6165.63 8.41489e-16
6167.09 8.75452e-16
6168.55 8.88282e-16
6170.01 8.58302e-16
6171.47 8.43095e-16
6172.93 8.7361e-16
6174.39 9.23106e-16
6175.85 9.0469e-16
6177.31 8.5311e-16
6178.77 8.26706e-16
6180.23 7.86735e-16
6181.69 7.83122e-16
6183.15 8.16064e-16
6184.61 8.26897e-16
6186.07 8.3232e-16
6187.53 8.54495e-16
6188.99 8.52975e-16
6190.45 8.50636e-16
6191.91 8.8441e-16
6193.37 8.86194e-16
6194.83 8.21835e-16
6196.29 7.89891e-16
6197.75 7.72297e-16
6199.21 7.63835e-16
6200.67 8.10143e-16
6202.13 8.16968e-16
6203.58 7.91793e-16
6205.04 8.07436e-16
6206.5 8.29205e-16
6207.96 8.39704e-16
6209.42 8.42846e-16
6210.88 8.3202e-16
6212.34 8.03549e-16
6213.8 8.03748e-16
6215.26 8.05181e-16
6216.72 7.89326e-16
6218.18 7.95753e-16
6219.64 8.45692e-16
6221.1 8.79672e-16
6222.56 8.52503e-16
6224.02 8.05158e-16
6225.48 7.96191e-16
6226.94 7.96948e-16
6228.4 7.96268e-16
6229.86 8.16507e-16
6231.32 8.15345e-16
6232.78 7.85608e-16
6234.24 8.16079e-16
6235.7 8.53015e-16
6237.16 8.36301e-16
6238.62 8.11035e-16
6240.08 8.13234e-16
6241.54 7.89273e-16
6243 7.96221e-16
6244.46 8.22873e-16
6245.92 8.28274e-16
6247.38 8.34168e-16
6248.84 8.30358e-16
6250.3 8.20116e-16
6251.76 8.4169e-16
6253.22 8.27456e-16
6254.68 8.2419e-16
6256.14 8.47747e-16
6257.6 8.74215e-16
6259.06 8.33397e-16
6260.52 8.32509e-16
6261.98 8.45034e-16
6263.44 8.1011e-16
6264.9 7.72076e-16
6266.36 7.70545e-16
6267.82 8.01901e-16
6269.28 7.97475e-16
6270.73 7.91727e-16
6272.19 8.02113e-16
6273.65 7.93807e-16
6275.11 7.72719e-16
6276.57 7.73576e-16
6278.03 7.94967e-16
6279.49 8.0046e-16
6280.95 7.97972e-16
6282.41 8.11695e-16
6283.87 8.32053e-16
6285.33 8.60548e-16
6286.79 8.50891e-16
6288.25 8.51047e-16
6289.71 8.39163e-16
6291.17 8.07987e-16
6292.63 8.16476e-16
6294.09 8.36116e-16
6295.55 8.57669e-16
6297.01 8.7689e-16
6298.47 8.53286e-16
6299.93 8.01494e-16
6301.39 8.29114e-16
6302.85 8.59482e-16
6304.31 8.67053e-16
6305.77 8.74978e-16
6307.23 8.50799e-16
6308.69 8.21383e-16
6310.15 7.858e-16
6311.61 7.68895e-16
6313.07 8.12489e-16
6314.53 8.34172e-16
6315.99 8.33314e-16
6317.45 8.27853e-16
6318.91 8.4334e-16
6320.37 8.3151e-16
6321.83 7.70926e-16
6323.29 7.89988e-16
6324.75 7.96545e-16
6326.21 7.80818e-16
6327.67 8.11137e-16
6329.13 8.4394e-16
6330.59 8.56011e-16
6332.05 8.76065e-16
6333.51 8.53941e-16
6334.97 7.83124e-16
6336.42 7.76449e-16
6337.88 7.85581e-16
6339.34 7.85681e-16
6340.8 7.91469e-16
6342.26 7.67747e-16
6343.72 7.83306e-16
6345.18 8.19416e-16
6346.64 8.37796e-16
6348.1 8.4266e-16
6349.56 8.29818e-16
6351.02 8.14524e-16
6352.48 7.90192e-16
6353.94 7.58065e-16
6355.4 7.88267e-16
6356.86 8.49817e-16
6358.32 8.26065e-16
6359.78 7.86961e-16
6361.24 8.09598e-16
6362.7 8.4025e-16
6364.16 8.45843e-16
6365.62 8.29546e-16
6367.08 8.25834e-16
6368.54 8.25034e-16
6370 7.97941e-16
6371.46 7.86789e-16
6372.92 8.1028e-16
6374.38 8.17723e-16
6375.84 8.28537e-16
6377.3 8.54228e-16
6378.76 8.40676e-16
6380.22 8.24376e-16
6381.68 8.13027e-16
6383.14 8.2764e-16
6384.6 8.5151e-16
6386.06 8.67471e-16
6387.52 8.82467e-16
6388.98 8.68806e-16
6390.44 8.28821e-16
6391.9 8.11092e-16
6393.36 8.31435e-16
6394.82 8.37599e-16
6396.28 8.23392e-16
6397.74 8.11348e-16
6399.2 8.16232e-16
6400.66 8.41204e-16
6402.12 8.3604e-16
6403.57 8.3035e-16
6405.03 8.58676e-16
6406.49 8.30735e-16
6407.95 7.9999e-16
6409.41 8.15631e-16
6410.87 8.29149e-16
6412.33 8.56223e-16
6413.79 8.70203e-16
6415.25 8.39307e-16
6416.71 8.2638e-16
6418.17 8.2312e-16
6419.63 8.69801e-16
6421.09 9.1488e-16
6422.55 9.33846e-16
6424.01 9.10422e-16
6425.47 8.32279e-16
6426.93 8.08804e-16
6428.39 8.50704e-16
6429.85 8.50385e-16
6431.31 8.25153e-16
6432.77 8.56716e-16
6434.23 8.73244e-16
6435.69 8.50051e-16
6437.15 8.55344e-16
6438.61 8.80799e-16
6440.07 8.62508e-16
6441.53 8.6298e-16
6442.99 9.1193e-16
6444.45 8.89637e-16
6445.91 8.49381e-16
6447.37 8.40409e-16
6448.83 8.31181e-16
6450.29 8.31212e-16
6451.75 8.34539e-16
6453.21 8.37429e-16
6454.67 8.79071e-16
6456.13 9.08105e-16
6457.59 8.95143e-16
6459.05 8.86283e-16
6460.51 8.69043e-16
6461.97 8.76767e-16
6463.43 8.95469e-16
6464.89 9.15688e-16
6466.35 9.48666e-16
6467.81 9.52847e-16
6469.26 9.22378e-16
6470.72 9.32317e-16
6472.18 9.09493e-16
6473.64 9.12849e-16
6475.1 9.29446e-16
6476.56 9.57824e-16
6478.02 9.42569e-16
6479.48 9.41518e-16
6480.94 9.48932e-16
6482.4 9.31519e-16
6483.86 9.19077e-16
6485.32 9.22927e-16
6486.78 9.12226e-16
6488.24 9.10998e-16
6489.7 9.40527e-16
6491.16 9.37836e-16
6492.62 9.09958e-16
6494.08 9.38953e-16
6495.54 9.48825e-16
6497 9.15112e-16
6498.46 9.11782e-16
6499.92 9.46487e-16
6501.38 9.66599e-16
6502.84 9.64704e-16
6504.3 9.35064e-16
6505.76 9.13064e-16
6507.22 9.6028e-16
6508.68 9.75765e-16
6510.14 9.54393e-16
6511.6 9.6265e-16
6513.06 9.78334e-16
6514.52 9.84801e-16
6515.98 9.63674e-16
6517.44 9.55044e-16
6518.9 9.74471e-16
6520.36 1.00107e-15
6521.82 1.00501e-15
6523.28 9.82674e-16
6524.74 9.79422e-16
6526.2 9.86387e-16
6527.66 9.847e-16
6529.12 9.5923e-16
6530.58 9.36465e-16
6532.04 9.39668e-16
6533.5 9.42867e-16
6534.96 9.46065e-16
6536.41 9.49238e-16
6537.87 9.52431e-16
6539.33 9.55622e-16
6540.79 9.58811e-16
6542.25 9.61996e-16
6543.71 9.6518e-16
6545.17 9.68361e-16
6546.63 9.7154e-16
6548.09 9.74717e-16
6549.55 9.77891e-16
6551.01 9.81064e-16
6552.47 9.84235e-16
6553.93 9.87402e-16
6555.39 9.90567e-16
6556.85 9.93731e-16
6558.31 9.96891e-16
6559.77 1.00005e-15
6561.23 1.00321e-15
6562.69 1.00637e-15
6564.15 1.00953e-15
6565.61 1.01268e-15
6567.07 1.01545e-15
6568.53 1.01766e-15
6569.99 1.01987e-15
6571.45 1.02208e-15
6572.91 1.02429e-15
6574.37 1.0265e-15
6575.83 1.0287e-15
6577.29 1.03091e-15
6578.75 1.03311e-15
6580.21 1.03531e-15
6581.67 1.03751e-15
6583.13 1.03971e-15
6584.59 1.0419e-15
6586.05 1.0441e-15
6587.51 1.04629e-15
6588.97 1.04848e-15
6590.43 1.05067e-15
6591.89 1.05286e-15
6593.35 1.05505e-15
6594.81 1.05723e-15
6596.27 1.05941e-15
6597.73 1.06159e-15
6599.19 1.06377e-15
6600.65 1.06595e-15
6602.11 1.05409e-15
6603.57 1.04132e-15
6605.02 1.06166e-15
6606.48 1.06408e-15
6607.94 1.03695e-15
6609.4 1.02388e-15
6610.86 1.00738e-15
6612.32 9.91476e-16
6613.78 9.87162e-16
6615.24 9.92954e-16
6616.7 1.02854e-15
6618.16 1.0451e-15
6619.62 1.04864e-15
6621.08 1.0506e-15
6622.54 1.04443e-15
6624 1.04173e-15
6625.46 1.02758e-15
6626.92 9.98098e-16
6628.38 9.9736e-16
6629.84 1.02688e-15
6631.3 1.01767e-15
6632.76 9.84602e-16
6634.22 9.81266e-16
6635.68 1.02414e-15
6637.14 1.04225e-15
6638.6 1.01489e-15
6640.06 1.00639e-15
6641.52 1.03451e-15
6642.98 1.05593e-15
6644.44 1.04727e-15
6645.9 1.01924e-15
6647.36 9.9949e-16
6648.82 9.87512e-16
6650.28 9.63814e-16
6651.74 9.2929e-16
6653.2 9.28436e-16
6654.66 9.16703e-16
6656.12 9.44226e-16
6657.58 9.65951e-16
6659.04 9.73786e-16
6660.5 9.84285e-16
6661.96 9.75716e-16
6663.42 9.74779e-16
6664.88 9.81899e-16
6666.34 9.90275e-16
6667.8 9.78804e-16
6669.26 9.85204e-16
6670.72 9.95214e-16
6672.17 9.92636e-16
6673.63 9.82352e-16
6675.09 9.92319e-16
6676.55 9.64566e-16
6678.01 9.84424e-16
6679.47 1.00898e-15
6680.93 9.71879e-16
6682.39 9.56973e-16
6683.85 9.60011e-16
6685.31 9.58248e-16
6686.77 9.55158e-16
6688.23 9.56168e-16
6689.69 9.89477e-16
6691.15 1.01509e-15
6692.61 9.8134e-16
6694.07 9.29553e-16
6695.53 9.30172e-16
6696.99 9.74624e-16
6698.45 9.88599e-16
6699.91 9.86241e-16
6701.37 9.83886e-16
6702.83 9.81533e-16
6704.29 9.79181e-16
6705.75 9.76831e-16
6707.21 9.74483e-16
6708.67 9.72136e-16
6710.13 9.69792e-16
6711.59 9.67448e-16
6713.05 9.64653e-16
6714.51 9.61191e-16
6715.97 9.57732e-16
6717.43 9.54275e-16
6718.89 9.50821e-16
6720.35 9.4737e-16
6721.81 9.43921e-16
6723.27 9.40474e-16
6724.73 9.3703e-16
6726.19 9.33588e-16
6727.65 9.3015e-16
6729.11 9.26713e-16
6730.57 9.2328e-16
6732.03 9.19848e-16
6733.49 9.16419e-16
6734.95 9.12992e-16
6736.41 9.09567e-16
6737.86 9.06169e-16
6739.32 9.02751e-16
6740.78 8.99334e-16
6742.24 8.95921e-16
6743.7 8.92509e-16
6745.16 8.891e-16
6746.62 8.85693e-16
6748.08 8.82289e-16
6749.54 8.93508e-16
6751 9.02463e-16
6752.46 8.62635e-16
6753.92 8.32394e-16
6755.38 8.53073e-16
6756.84 8.75673e-16
6758.3 8.70634e-16
6759.76 8.47742e-16
6761.22 8.35774e-16
6762.68 8.49795e-16
6764.14 8.42788e-16
6765.6 8.17162e-16
6767.06 8.16212e-16
6768.52 8.36454e-16
6769.98 8.61542e-16
6771.44 8.73275e-16
6772.9 8.71624e-16
6774.36 8.40304e-16
6775.82 8.2457e-16
6777.28 8.65737e-16
6778.74 8.61457e-16
6780.2 7.96803e-16
6781.66 8.08457e-16
6783.12 8.53793e-16
6784.58 8.22734e-16
6786.04 7.93926e-16
6787.5 8.36154e-16
6788.96 8.66478e-16
6790.42 8.40607e-16
6791.88 8.26753e-16
6793.34 8.23047e-16
6794.8 8.16892e-16
6796.26 8.19309e-16
6797.72 8.28123e-16
6799.18 8.14942e-16
6800.64 7.89421e-16
6802.1 7.8817e-16
6803.56 7.88709e-16
6805.01 8.08695e-16
6806.47 8.45576e-16
6807.93 8.43847e-16
6809.39 8.32186e-16
6810.85 8.18009e-16
6812.31 7.7349e-16
6813.77 7.67636e-16
6815.23 8.15837e-16
6816.69 8.69692e-16
6818.15 8.64646e-16
6819.61 8.15849e-16
6821.07 7.92329e-16
6822.53 7.89575e-16
6823.99 8.02683e-16
6825.45 7.87878e-16
6826.91 7.68601e-16
6828.37 7.88366e-16
6829.83 8.09963e-16
6831.29 8.0582e-16
6832.75 7.97523e-16
6834.21 7.85331e-16
6835.67 7.8987e-16
6837.13 7.89377e-16
6838.59 7.93126e-16
6840.05 8.07824e-16
6841.51 8.3188e-16
6842.97 8.21266e-16
6844.43 8.08525e-16
6845.89 8.10716e-16
6847.35 8.1664e-16
6848.81 8.26514e-16
6850.27 8.25859e-16
6851.73 8.28987e-16
6853.19 8.35017e-16
6854.65 8.60019e-16
6856.11 8.51287e-16
6857.57 7.96323e-16
6859.03 7.70006e-16
6860.49 8.17493e-16
6861.95 8.73031e-16
6863.41 8.6693e-16
6864.87 8.54724e-16
6866.33 8.73582e-16
6867.79 8.58554e-16
6869.25 8.52707e-16
6870.7 8.39643e-16
6872.16 8.40644e-16
6873.62 8.56915e-16
6875.08 8.7248e-16
6876.54 8.77887e-16
6878 8.92506e-16
6879.46 8.90437e-16
6880.92 8.35765e-16
6882.38 8.13765e-16
6883.84 8.58693e-16
6885.3 8.79453e-16
6886.76 8.8406e-16
6888.22 8.78809e-16
6889.68 8.97876e-16
6891.14 9.30226e-16
6892.6 9.25189e-16
6894.06 8.8727e-16
6895.52 8.84019e-16
6896.98 9.23679e-16
6898.44 9.55868e-16
6899.9 9.49116e-16
6901.36 9.37271e-16
6902.82 9.54589e-16
6904.28 9.45504e-16
6905.74 9.02907e-16
6907.2 9.09223e-16
6908.66 9.2761e-16
6910.12 9.37163e-16
6911.58 9.51406e-16
6913.04 9.3974e-16
6914.5 9.22372e-16
6915.96 9.23865e-16
6917.42 9.02933e-16
6918.88 9.05815e-16
6920.34 9.03867e-16
6921.8 9.22449e-16
6923.26 9.44722e-16
6924.72 9.18319e-16
6926.18 9.10159e-16
6927.64 9.5193e-16
6929.1 9.34727e-16
6930.56 8.95777e-16
6932.02 9.11399e-16
6933.48 9.67352e-16
6934.94 9.58538e-16
6936.4 9.3199e-16
6937.85 9.26379e-16
6939.31 9.29211e-16
6940.77 9.15367e-16
6942.23 9.47613e-16
6943.69 9.78623e-16
6945.15 9.78569e-16
6946.61 9.5639e-16
6948.07 9.26115e-16
6949.53 9.3965e-16
6950.99 9.21932e-16
6952.45 9.20898e-16
6953.91 9.52227e-16
6955.37 9.50393e-16
6956.83 9.36387e-16
6958.29 9.55613e-16
6959.75 9.3482e-16
6961.21 9.21091e-16
6962.67 9.48558e-16
6964.13 9.81332e-16
6965.59 9.97014e-16
6967.05 9.48827e-16
6968.51 9.16834e-16
6969.97 9.3388e-16
6971.43 9.16357e-16
6972.89 9.03458e-16
6974.35 9.31934e-16
6975.81 9.36666e-16
6977.27 9.17677e-16
6978.73 8.87527e-16
6980.19 8.9167e-16
6981.65 9.34986e-16
6983.11 9.34847e-16
6984.57 9.32688e-16
6986.03 9.36064e-16
6987.49 9.28366e-16
6988.95 9.29349e-16
6990.41 9.21332e-16
6991.87 8.89769e-16
6993.33 8.96913e-16
6994.79 9.32042e-16
6996.25 9.15153e-16
6997.71 8.46397e-16
6999.17 8.39631e-16
7000.63 8.84028e-16
7002.09 8.90668e-16
7003.54 8.70921e-16
7005 8.63163e-16
7006.46 9.06859e-16
7007.92 9.27038e-16
7009.38 8.81872e-16
7010.84 8.61532e-16
7012.3 8.78734e-16
7013.76 8.88005e-16
7015.22 8.77804e-16
7016.68 8.7178e-16
7018.14 8.70092e-16
7019.6 8.75375e-16
7021.06 8.82086e-16
7022.52 8.87977e-16
7023.98 8.83102e-16
7025.44 8.66851e-16
7026.9 8.75638e-16
7028.36 9.01403e-16
7029.82 9.22979e-16
7031.28 9.12508e-16
7032.74 8.93001e-16
7034.2 8.93626e-16
7035.66 9.00446e-16
7037.12 9.11672e-16
7038.58 9.09771e-16
7040.04 9.01232e-16
7041.5 8.86207e-16
7042.96 8.48117e-16
7044.42 8.46438e-16
7045.88 8.86569e-16
7047.34 9.0347e-16
7048.8 8.853e-16
7050.26 8.7139e-16
7051.72 9.1104e-16
7053.18 9.39989e-16
7054.64 8.92597e-16
7056.1 8.76998e-16
7057.56 9.40205e-16
7059.02 9.5761e-16
7060.48 8.95288e-16
7061.94 8.48367e-16
7063.4 8.69535e-16
7064.86 8.72955e-16
7066.32 8.27548e-16
7067.78 8.17062e-16
7069.24 8.24483e-16
7070.7 8.29847e-16
7072.16 8.57358e-16
7073.61 8.77482e-16
7075.07 8.75784e-16
7076.53 8.72408e-16
7077.99 8.90706e-16
7079.45 9.10865e-16
7080.91 8.93748e-16
7082.37 8.86476e-16
7083.83 9.00524e-16
7085.29 9.0719e-16
7086.75 9.24008e-16
7088.21 9.01745e-16
7089.67 8.6382e-16
7091.13 8.79897e-16
7092.59 8.98735e-16
7094.05 8.84403e-16
7095.51 8.5425e-16
7096.97 8.79971e-16
7098.43 9.06929e-16
7099.89 8.68751e-16
7101.35 8.41717e-16
7102.81 8.45048e-16
7104.27 8.61778e-16
7105.73 8.77967e-16
7107.19 8.8406e-16
7108.65 8.52338e-16
7110.11 8.0492e-16
7111.57 8.16846e-16
7113.03 8.55585e-16
7114.49 8.6006e-16
7115.95 8.82588e-16
7117.41 9.0811e-16
7118.87 9.01291e-16
7120.33 8.8831e-16
7121.79 8.70253e-16
7123.25 8.53265e-16
7124.71 8.49662e-16
7126.17 8.58691e-16
7127.63 8.69393e-16
7129.09 8.8632e-16
7130.55 9.21688e-16
7132.01 9.08905e-16
7133.47 8.84998e-16
7134.93 8.88906e-16
7136.39 8.89468e-16
7137.85 8.73938e-16
7139.3 8.63597e-16
7140.76 8.68036e-16
7142.22 8.64751e-16
7143.68 8.67322e-16
7145.14 8.6963e-16
7146.6 8.3283e-16
7148.06 8.34125e-16
7149.52 8.6558e-16
7150.98 8.39367e-16
7152.44 8.30052e-16
7153.9 8.60473e-16
7155.36 8.56572e-16
7156.82 8.4176e-16
7158.28 8.68745e-16
7159.74 8.82677e-16
7161.2 8.47926e-16
7162.66 8.03238e-16
7164.12 8.10661e-16
7165.58 8.50755e-16
7167.04 8.47149e-16
7168.5 8.01426e-16
7169.96 8.04835e-16
7171.42 8.29276e-16
7172.88 8.30819e-16
7174.34 8.35188e-16
7175.8 8.27408e-16
7177.26 8.57519e-16
7178.72 8.79658e-16
7180.18 8.51051e-16
7181.64 8.36687e-16
7183.1 8.52857e-16
7184.56 8.45138e-16
7186.02 8.20806e-16
7187.48 8.22563e-16
7188.94 8.64488e-16
7190.4 9.00856e-16
7191.86 8.7677e-16
7193.32 8.62628e-16
7194.78 9.08161e-16
7196.24 8.73711e-16
7197.7 8.20635e-16
7199.16 8.44362e-16
7200.62 8.63588e-16
7202.08 8.5784e-16
7203.54 8.62182e-16
7205 8.31747e-16
7206.45 7.91192e-16
7207.91 8.27621e-16
7209.37 8.48043e-16
7210.83 8.04263e-16
7212.29 7.76451e-16
7213.75 7.74714e-16
7215.21 7.59201e-16
7216.67 7.56471e-16
7218.13 7.61255e-16
7219.59 7.84131e-16
7221.05 7.82111e-16
7222.51 7.62101e-16
7223.97 7.61078e-16
7225.43 7.86451e-16
7226.89 7.93945e-16
7228.35 7.905e-16
7229.81 8.19506e-16
7231.27 8.53908e-16
7232.73 8.44295e-16
7234.19 8.29803e-16
7235.65 8.01741e-16
7237.11 7.58849e-16
7238.57 7.30862e-16
7240.03 7.51058e-16
7241.49 8.11544e-16
7242.95 8.29675e-16
7244.41 7.72984e-16
7245.87 7.42985e-16
7247.33 7.40873e-16
7248.79 7.35351e-16
7250.25 7.1707e-16
7251.71 7.3244e-16
7253.17 7.49709e-16
7254.63 7.44013e-16
7256.09 7.44586e-16
7257.55 7.50652e-16
7259.01 7.63643e-16
7260.47 7.94506e-16
7261.93 8.06291e-16
7263.39 7.78397e-16
7264.85 7.57706e-16
7266.31 7.74828e-16
7267.77 7.70165e-16
7269.23 7.548e-16
7270.69 7.80944e-16
7272.14 7.78787e-16
7273.6 7.59562e-16
7275.06 7.74918e-16
7276.52 7.85638e-16
7277.98 7.75477e-16
7279.44 7.4191e-16
7280.9 7.3348e-16
7282.36 7.47281e-16
7283.82 7.44956e-16
7285.28 7.18558e-16
7286.74 6.85909e-16
7288.2 6.93534e-16
7289.66 6.82877e-16
7291.12 6.63511e-16
7292.58 6.97613e-16
7294.04 7.22028e-16
7295.5 7.14937e-16
7296.96 7.16144e-16
7298.42 6.94446e-16
7299.88 6.51611e-16
7301.34 6.68535e-16
7302.8 7.00186e-16
7304.26 6.70665e-16
7305.72 6.72996e-16
7307.18 7.09641e-16
7308.64 7.26682e-16
7310.1 7.20985e-16
7311.56 7.10136e-16
7313.02 7.27329e-16
7314.48 7.46728e-16
7315.94 7.54377e-16
7317.4 7.63306e-16
7318.86 7.09137e-16
7320.32 6.58701e-16
7321.78 6.62498e-16
7323.24 6.81237e-16
7324.7 7.06216e-16
7326.16 7.23627e-16
7327.62 7.23666e-16
7329.08 7.00694e-16
7330.54 6.94756e-16
7332 6.97182e-16
7333.46 6.99811e-16
7334.92 7.16328e-16
7336.38 7.00253e-16
7337.84 6.7161e-16
7339.29 6.69803e-16
7340.75 6.45858e-16
7342.21 6.27228e-16
7343.67 6.63056e-16
7345.13 6.86405e-16
7346.59 6.59138e-16
7348.05 6.46009e-16
7349.51 6.88164e-16
7350.97 7.37723e-16
7352.43 7.33091e-16
7353.89 7.13047e-16
7355.35 6.82532e-16
7356.81 6.67628e-16
7358.27 6.63555e-16
7359.73 6.34908e-16
7361.19 6.48645e-16
7362.65 6.41942e-16
7364.11 0
7365.57 0
7367.03 0
7368.49 0
7369.95 0
