       3475.0000     -0.18789528
       3476.4700     -0.13322397
       3477.9399      0.29840931
       3479.4099    -0.015898464
       3480.8799     0.013340943
       3482.3501     0.014447674
       3483.8201    -0.090685330
       3485.2900     -0.13104226
       3486.7600     0.031345733
       3488.2300     0.068237469
       3489.7000     0.091494404
       3491.1699     0.064398743
       3492.6399      0.14111343
       3494.1101      0.49182701
       3495.5801      0.10033642
       3497.0500     -0.12220270
       3498.5200     -0.15792774
       3499.9900      0.12265049
       3501.4600      0.27622706
       3502.9299    -0.097526044
       3504.3999     -0.11896182
       3505.8701    -0.073132515
       3507.3401    -0.075971201
       3508.8101      0.36675501
       3510.2800      0.58703488
       3511.7500      0.35348451
       3513.2200      0.34843206
       3514.6899      0.51159734
       3516.1599      0.25821790
       3517.6299    -0.020428147
       3519.1001      0.22067195
       3520.5701   0.00088289793
       3522.0400     -0.10842622
       3523.5100     -0.13205698
       3524.9800     0.098463528
       3526.4500      0.35013941
       3527.9199      0.38756406
       3529.3899      0.47695249
       3530.8601     0.078788690
       3532.3301      0.15217189
       3533.8000      0.11812685
       3535.2700     0.020980898
       3536.7400      0.27247089
       3538.2100      0.34195688
       3539.6799      0.14903654
       3541.1499     -0.17662792
       3542.6201    -0.011778194
       3544.0901     -0.12664866
       3545.5601    -0.070174217
       3547.0300    -0.051285207
       3548.5000     0.017424317
       3549.9700     0.056338940
       3551.4399     -0.23983884
       3552.9099     -0.57360959
       3554.3799     0.078092039
       3555.8501      0.17972165
       3557.3201    -0.069230072
       3558.7900      0.17147519
       3560.2600     0.020526862
       3561.7300     0.072816886
       3563.2000     0.022433730
       3564.6699     0.049893595
       3566.1399      0.30776998
       3567.6101     0.088277102
       3569.0801     -0.20778131
       3570.5500      0.10375190
       3572.0200      0.33811200
       3573.4900     0.055825997
       3574.9600      0.20122747
       3576.4299      0.41974652
       3577.8999    -0.032390352
       3579.3701      0.18708090
       3580.8401      0.48880869
       3582.3101      0.56677908
       3583.7800      0.69978660
       3585.2500      0.23571356
       3586.7200     0.078011006
       3588.1899   -0.0069552613
       3589.6599   -0.0021658570
       3591.1299     -0.10693771
       3592.6001      0.21379605
       3594.0701      0.16403690
       3595.5400     -0.13476723
       3597.0100    0.0052648182
       3598.4800      0.18255407
       3599.9500      0.22293055
       3601.4199      0.30711374
       3602.8899      0.17736012
       3604.3601      0.35251403
       3605.8301      0.36631349
       3607.3000     0.062125675
       3608.7700      0.15495999
       3610.2400      0.46740076
       3611.7100      0.32201707
       3613.1799      0.34376785
       3614.6499      0.14574973
       3616.1201     -0.10014251
       3617.5901      0.21495904
       3619.0601      0.34449574
       3620.5300      0.50924116
       3622.0000      0.37138885
       3623.4700      0.39606640
       3624.9399      0.29192090
       3626.4099    -0.070976421
       3627.8799      0.17306449
       3629.3501      0.23953819
       3630.8201    -0.078840405
       3632.2900     0.072782673
       3633.7600      0.36471340
       3635.2300      0.45472148
       3636.7000      0.35627469
       3638.1699      0.28816777
       3639.6399      0.13161340
       3641.1101     -0.16093278
       3642.5801      0.17508908
       3644.0500      0.49228954
       3645.5200      0.37983319
       3646.9900      0.19271818
       3648.4600      0.16819377
       3649.9299      0.26534587
       3651.3999      0.22872029
       3652.8701      0.18598455
       3654.3401     0.025069028
       3655.8101      0.20753174
       3657.2800      0.19624420
       3658.7500      0.10525250
       3660.2200     0.060836405
       3661.6899      0.24323042
       3663.1599      0.43997678
       3664.6299      0.18152414
       3666.1001      0.17946197
       3667.5701      0.12702718
       3669.0400      0.27889815
       3670.5100      0.27485824
       3671.9800      0.11451115
       3673.4500    -0.011818049
       3674.9199      0.23374555
       3676.3899     0.097209200
       3677.8601      0.17951816
       3679.3301      0.23554283
       3680.8000      0.42126837
       3682.2700     0.064492904
       3683.7400    0.0033858637
       3685.2100      0.31265154
       3686.6799     0.037001718
       3688.1499     0.042441897
       3689.6201     -0.17165944
       3691.0901     0.092796966
       3692.5601      0.28625646
       3694.0300      0.16279399
       3695.5000     0.074106798
       3696.9700      0.17153014
       3698.4399      0.28375828
       3699.9099      0.12520865
       3701.3799     0.067555957
       3702.8501     0.038757745
       3704.3201    -0.027812583
       3705.7900      0.14552118
       3707.2600      0.19059603
       3708.7300      0.13097298
       3710.2000      0.17041281
       3711.6699      0.29766515
       3713.1399      0.10186297
       3714.6101     0.038405400
       3716.0801      0.20346360
       3717.5500     0.086552396
       3719.0200     -0.12754495
       3720.4900     -0.13139038
       3721.9600      0.16920540
       3723.4299      0.13686220
       3724.8999    -0.021737231
       3726.3701   -0.0025775768
       3727.8401      0.20784329
       3729.3101      0.35263440
       3730.7800      0.21960840
       3732.2500     -0.11255411
       3733.7200     -0.11622071
       3735.1899     -0.11537673
       3736.6599     -0.11453288
       3738.1299     -0.10962163
       3739.6001     -0.10470957
       3741.0701    -0.099798314
       3742.5400    -0.094887070
       3744.0100    -0.089975819
       3745.4800    -0.085063756
       3746.9500    -0.080152504
       3748.4199    -0.075241253
       3749.8899    -0.070330009
       3751.3601    -0.065417945
       3752.8301    -0.060506694
       3754.3000    -0.055595446
       3755.7700    -0.050683379
       3757.2400    -0.045772128
       3758.7100    -0.040860884
       3760.1799    -0.035949633
       3761.6499    -0.031038389
       3763.1201    -0.026126325
       3764.5901    -0.021215074
       3766.0601    -0.016303003
       3767.5300    -0.011391759
       3769.0000   -0.0064805076
       3770.4700   -0.0015692636
       3771.9399    0.0033419877
       3773.4099    0.0082532307
       3774.8799     0.064858213
       3776.3501      0.17183357
       3777.8201     0.011034938
       3779.2900      0.27710479
       3780.7600      0.27222261
       3782.2300      0.11409320
       3783.7000      0.18018846
       3785.1699      0.15084851
       3786.6399      0.22547978
       3788.1101      0.17300788
       3789.5801      0.21511862
       3791.0500      0.16121830
       3792.5200      0.21595934
       3793.9900      0.10842196
       3795.4600      0.20322281
       3796.9299     0.062478192
       3798.3999     0.084741890
       3799.8701     0.090346262
       3801.3401     0.062996589
       3802.8101      0.31152901
       3804.2800      0.34249911
       3805.7500     0.097399339
       3807.2200    -0.035826813
       3808.6899      0.18737605
       3810.1599      0.30588457
       3811.6299      0.10963517
       3813.1001    -0.053485826
       3814.5701    0.0031556629
       3816.0400    0.0081239799
       3817.5100      0.15668552
       3818.9800     0.095982164
       3820.4500      0.20726639
       3821.9199      0.29489544
       3823.3899     0.096146196
       3824.8601     0.064680003
       3826.3301     0.015231166
       3827.8000      0.12025671
       3829.2700     0.076398849
       3830.7400      0.17469110
       3832.2100      0.19455479
       3833.6799      0.15929817
       3835.1499      0.16700476
       3836.6201      0.18920980
       3838.0901      0.17740673
       3839.5601      0.31895232
       3841.0300      0.42569119
       3842.5000      0.19561009
       3843.9700      0.21506113
       3845.4399      0.18069004
       3846.9099     0.064746931
       3848.3799      0.13221569
       3849.8501      0.12051968
       3851.3201     0.049967043
       3852.7900      0.11989554
       3854.2600      0.24842933
       3855.7300      0.25824627
       3857.2000      0.21543862
       3858.6699      0.21287584
       3860.1399      0.21283635
       3861.6101     0.068349548
       3863.0801      0.25440773
       3864.5500      0.16717167
       3866.0200      0.17572425
       3867.4900      0.17518763
       3868.9600      0.18309310
       3870.4299     0.093807615
       3871.8999      0.11491453
       3873.3701      0.25123471
       3874.8401      0.19076107
       3876.3101      0.22327831
       3877.7800      0.25925744
       3879.2500      0.14521007
       3880.7200      0.29563603
       3882.1899      0.26448917
       3883.6599      0.17663862
       3885.1299      0.17847209
       3886.6001      0.10421584
       3888.0701      0.21038070
       3889.5400      0.29607454
       3891.0100      0.31023917
       3892.4800      0.30136660
       3893.9500      0.25091437
       3895.4199      0.26682568
       3896.8899      0.20405209
       3898.3601      0.26304471
       3899.8301      0.27207223
       3901.3000      0.27429554
       3902.7700      0.20783475
       3904.2400      0.16547725
       3905.7100      0.26283777
       3907.1799      0.20927985
       3908.6499      0.29196432
       3910.1201      0.18010986
       3911.5901     0.087912232
       3913.0601      0.18490824
       3914.5300     0.096025698
       3916.0000      0.15997714
       3917.4700      0.17549101
       3918.9399      0.25031009
       3920.4099      0.27565277
       3921.8799      0.26693493
       3923.3501      0.27818096
       3924.8201      0.13814449
       3926.2900      0.13119529
       3927.7600      0.34507641
       3929.2300      0.28090081
       3930.7000      0.18579243
       3932.1699      0.20075002
       3933.6399      0.28254712
       3935.1101      0.14688207
       3936.5801      0.14743988
       3938.0500      0.24031591
       3939.5200      0.24836206
       3940.9900      0.30675516
       3942.4600      0.22024679
       3943.9299      0.27782628
       3945.3999      0.26149514
       3946.8701      0.19341807
       3948.3401      0.18469976
       3949.8101      0.15383862
       3951.2800      0.11797962
       3952.7500      0.22041930
       3954.2200      0.14054450
       3955.6899      0.12093010
       3957.1599      0.22972392
       3958.6299      0.30314514
       3960.1001      0.27441412
       3961.5701      0.20826539
       3963.0400      0.26047111
       3964.5100      0.21569718
       3965.9800      0.22353119
       3967.4500      0.28803620
       3968.9199      0.18016680
       3970.3899      0.20056921
       3971.8601      0.27571768
       3973.3301      0.32167557
       3974.8000      0.22405979
       3976.2700      0.12413175
       3977.7400      0.21587321
       3979.2100      0.12980667
       3980.6799      0.11879464
       3982.1499      0.13191344
       3983.6201      0.29057238
       3985.0901      0.22608623
       3986.5601      0.16484553
       3988.0300      0.24760905
       3989.5000      0.22404814
       3990.9700      0.11103930
       3992.4399     0.060502663
       3993.9099      0.27624258
       3995.3799      0.16020024
       3996.8501      0.22818615
       3998.3201      0.21541849
       3999.7900      0.18666221
       4001.2600      0.26373211
       4002.7300      0.16935834
       4004.2000      0.10387993
       4005.6699      0.24389757
       4007.1399      0.23061734
       4008.6101      0.24618866
       4010.0801      0.20516512
       4011.5500      0.18512543
       4013.0200      0.22755824
       4014.4900      0.29931399
       4015.9600      0.21575952
       4017.4299      0.20675732
       4018.8999      0.20420082
       4020.3701      0.16830878
       4021.8401      0.21688201
       4023.3101      0.29642361
       4024.7800      0.23578702
       4026.2500      0.13844569
       4027.7200      0.22911011
       4029.1899      0.18616615
       4030.6599      0.20947129
       4032.1299      0.26299456
       4033.6001      0.16800176
       4035.0701      0.22058469
       4036.5400      0.12940302
       4038.0100      0.17917120
       4039.4800      0.31342891
       4040.9500      0.26444289
       4042.4199      0.18908343
       4043.8899      0.19887260
       4045.3601      0.23741600
       4046.8301      0.28418493
       4048.3000      0.18868376
       4049.7700      0.11098949
       4051.2400      0.24643536
       4052.7100      0.24005456
       4054.1799      0.30036530
       4055.6499      0.27343088
       4057.1201      0.19300151
       4058.5901      0.21181484
       4060.0601      0.23940834
       4061.5300      0.27270260
       4063.0000      0.18696983
       4064.4700      0.10865642
       4065.9399      0.16455126
       4067.4099     0.099828213
       4068.8799      0.20063475
       4070.3501      0.16186577
       4071.8201      0.19867326
       4073.2900      0.25745589
       4074.7600      0.13896815
       4076.2300      0.19560291
       4077.7000      0.16869621
       4079.1699      0.16685270
       4080.6399      0.20436181
       4082.1101      0.22866124
       4083.5801      0.34296873
       4085.0500      0.19805415
       4086.5200      0.12154744
       4087.9900      0.22933772
       4089.4600      0.18288279
       4090.9299      0.20299265
       4092.3999      0.24966918
       4093.8701      0.22416769
       4095.3401      0.21957609
       4096.8101      0.20953780
       4098.2798      0.23742945
       4099.7500      0.13687027
       4101.2202      0.18167631
       4102.6899      0.22640304
       4104.1602      0.21882892
       4105.6299      0.20004901
       4107.1001      0.17832227
       4108.5698      0.19770938
       4110.0400      0.14035599
       4111.5098      0.15441227
       4112.9800      0.25418109
       4114.4502      0.19008902
       4115.9199      0.15531056
       4117.3901      0.16467538
       4118.8599      0.16936293
       4120.3301      0.13388155
       4121.7998      0.14356545
       4123.2700      0.25252077
       4124.7402      0.29995567
       4126.2100      0.20053725
       4127.6802      0.18414603
       4129.1499      0.16651051
       4130.6201      0.13824272
       4132.0898      0.18467426
       4133.5601      0.15026632
       4135.0298      0.13459635
       4136.5000      0.13349476
       4137.9702      0.16048262
       4139.4399     0.061860882
       4140.9102     0.020579820
       4142.3799     0.087682731
       4143.8501      0.19300058
       4145.3198      0.17245349
       4146.7900      0.12318525
       4148.2598      0.10764205
       4149.7300      0.19241253
       4151.2002      0.15860040
       4152.6699      0.18827370
       4154.1401      0.15119942
       4155.6099     0.099493608
       4157.0801      0.19750692
       4158.5498     0.086690530
       4160.0200      0.14929166
       4161.4902      0.18460748
       4162.9600      0.12292510
       4164.4302      0.15939265
       4165.8999      0.23213200
       4167.3701      0.21781594
       4168.8398      0.17035124
       4170.3101      0.24293943
       4171.7798      0.20488010
       4173.2500      0.19080873
       4174.7202      0.11880034
       4176.1899      0.14795975
       4177.6602      0.10372645
       4179.1299     0.065851755
       4180.6001      0.18682030
       4182.0698      0.12251288
       4183.5400      0.13082595
       4185.0098      0.12069164
       4186.4800     0.069776215
       4187.9502     0.085847571
       4189.4199      0.12013573
       4190.8901      0.22112612
       4192.3599      0.21637689
       4193.8301      0.17974186
       4195.2998      0.14592090
       4196.7700      0.13130078
       4198.2402      0.21119905
       4199.7100      0.16172044
       4201.1802      0.13377771
       4202.6499      0.17577523
       4204.1201      0.21081731
       4205.5898      0.18911810
       4207.0601      0.16681652
       4208.5298      0.19435653
       4210.0000      0.16426253
       4211.4702      0.16297993
       4212.9399      0.18618001
       4214.4102      0.19959967
       4215.8799      0.16713154
       4217.3501      0.13325244
       4218.8198      0.17676049
       4220.2900      0.14417362
       4221.7598      0.15063471
       4223.2300      0.18705559
       4224.7002      0.21288073
       4226.1699      0.22891073
       4227.6401      0.17544484
       4229.1099      0.14842059
       4230.5801      0.14062461
       4232.0498      0.15037136
       4233.5200      0.19954987
       4234.9902      0.20425503
       4236.4600      0.10777669
       4237.9302      0.19525294
       4239.3999      0.20435184
       4240.8701      0.13079116
       4242.3398      0.20173234
       4243.8101      0.21553333
       4245.2798      0.15277463
       4246.7500      0.10732403
       4248.2202      0.11236837
       4249.6899      0.16271432
       4251.1602      0.14855526
       4252.6299      0.15037088
       4254.1001      0.15605052
       4255.5698      0.22827840
       4257.0400      0.18768840
       4258.5098      0.11436085
       4259.9800      0.10347659
       4261.4502      0.19226810
       4262.9199      0.15857954
       4264.3901      0.12535812
       4265.8599      0.16059338
       4267.3301      0.12537566
       4268.7998      0.11847199
       4270.2700      0.19155593
       4271.7402      0.19777194
       4273.2100      0.10049315
       4274.6802      0.14707997
       4276.1499      0.21814220
       4277.6201      0.20821273
       4279.0898      0.18144280
       4280.5601      0.14411570
       4282.0298      0.12272195
       4283.5000      0.15941194
       4284.9702      0.14830990
       4286.4399      0.15454304
       4287.9102      0.16553730
       4289.3799      0.15266062
       4290.8501      0.16413943
       4292.3198      0.16215560
       4293.7900      0.16914392
       4295.2598      0.15886956
       4296.7300      0.16627860
       4298.2002      0.18554309
       4299.6699      0.18195793
       4301.1401      0.11934853
       4302.6099      0.16237377
       4304.0801      0.19504651
       4305.5498      0.23422536
       4307.0200      0.19698763
       4308.4902      0.10968576
       4309.9600      0.15964770
       4311.4302      0.15187013
       4312.8999      0.18976173
       4314.3701      0.14196120
       4315.8398      0.11819261
       4317.3101      0.10639244
       4318.7798      0.19581740
       4320.2500      0.22593379
       4321.7202      0.19702797
       4323.1899      0.15905134
       4324.6602      0.22919844
       4326.1299      0.20603640
       4327.6001      0.21753050
       4329.0698      0.11019893
       4330.5400      0.12438034
       4332.0098      0.16673507
       4333.4800      0.20589337
       4334.9502      0.17627515
       4336.4199      0.13223465
       4337.8901      0.17526598
       4339.3599      0.20512037
       4340.8301      0.20793392
       4342.2998      0.14367327
       4343.7700      0.18170999
       4345.2402      0.23831503
       4346.7100      0.19693060
       4348.1802      0.12276872
       4349.6499      0.16211957
       4351.1201      0.18104015
       4352.5898      0.19747449
       4354.0601      0.14625917
       4355.5298      0.10136208
       4357.0000      0.16673689
       4358.4702      0.16656494
       4359.9399      0.16700931
       4361.4102      0.18652260
       4362.8799      0.27812824
       4364.3501      0.35794976
       4365.8198      0.29438853
       4367.2900      0.25576550
       4368.7598      0.24209885
       4370.2300      0.17617998
       4371.7002      0.19546211
       4373.1699      0.17465366
       4374.6401      0.12516329
       4376.1099      0.12611730
       4377.5801      0.12707196
       4379.0498      0.12802599
       4380.5200      0.12898032
       4381.9902      0.12993467
       4383.4600      0.13088869
       4384.9302      0.13184303
       4386.3999      0.13279705
       4387.8701      0.13375139
       4389.3398      0.13470541
       4390.8101      0.13565975
       4392.2798      0.13661377
       4393.7500      0.13756812
       4395.2202      0.13852246
       4396.6899      0.13947648
       4398.1602      0.14043114
       4399.6299      0.14138515
       4401.1001      0.14233950
       4402.5698      0.14329351
       4404.0400      0.14424786
       4405.5098      0.14520188
       4406.9800      0.14615622
       4408.4502      0.14711057
       4409.9199      0.14806458
       4411.3901      0.14901893
       4412.8599      0.14997295
       4414.3301      0.18689148
       4415.7998      0.26064104
       4417.2700      0.21591616
       4418.7402      0.13089254
       4420.2100      0.21754384
       4421.6802      0.18030816
       4423.1499      0.16484302
       4424.6201      0.26217124
       4426.0898      0.26459399
       4427.5601      0.20562069
       4429.0298      0.23957464
       4430.5000      0.19255999
       4431.9702      0.14776002
       4433.4399      0.23257196
       4434.9102      0.25975165
       4436.3799      0.23274089
       4437.8501      0.18780708
       4439.3198      0.14618069
       4440.7900      0.19011346
       4442.2598      0.21972513
       4443.7300      0.20630111
       4445.2002      0.26701215
       4446.6699      0.24534892
       4448.1401      0.15458933
       4449.6099      0.19312388
       4451.0801      0.17448269
       4452.5498      0.24742533
       4454.0200      0.29556042
       4455.4902      0.28069001
       4456.9600      0.26476237
       4458.4302      0.22293362
       4459.8999      0.20301417
       4461.3701      0.23781072
       4462.8398      0.23865883
       4464.3101      0.20915578
       4465.7798      0.15049513
       4467.2500      0.14892194
       4468.7202      0.16798694
       4470.1899      0.17624301
       4471.6602      0.27952379
       4473.1299      0.27873784
       4474.6001      0.20904811
       4476.0698      0.22942658
       4477.5400      0.26005057
       4479.0098      0.27449140
       4480.4800      0.27821845
       4481.9502      0.20678598
       4483.4199      0.26147681
       4484.8901      0.27658728
       4486.3599      0.20821753
       4487.8301      0.21605289
       4489.2998      0.27246144
       4490.7700      0.27502343
       4492.2402      0.20752740
       4493.7100      0.13691719
       4495.1802      0.18420205
       4496.6499      0.25248301
       4498.1201      0.24949372
       4499.5898      0.20554815
       4501.0601      0.22985473
       4502.5298      0.28218114
       4504.0000      0.37099370
       4505.4702      0.35347286
       4506.9399      0.21361443
       4508.4102      0.28696609
       4509.8799      0.22448568
       4511.3501      0.18907313
       4512.8198      0.22446863
       4514.2900      0.25188923
       4515.7598      0.33215034
       4517.2300      0.31619614
       4518.7002      0.22535512
       4520.1699      0.18198955
       4521.6401      0.28475702
       4523.1099      0.25918797
       4524.5801      0.31528684
       4526.0498      0.28299904
       4527.5200      0.23190333
       4528.9902      0.27977642
       4530.4600      0.31663594
       4531.9302      0.33551162
       4533.3999      0.22321981
       4534.8701      0.19515941
       4536.3398      0.34214041
       4537.8101      0.36091501
       4539.2798      0.29068160
       4540.7500      0.29737502
       4542.2202      0.25446039
       4543.6899      0.27800027
       4545.1602      0.19379754
       4546.6299      0.25355807
       4548.1001      0.23382655
       4549.5698      0.23468964
       4551.0400      0.29773134
       4552.5098      0.18158017
       4553.9800      0.22728162
       4555.4502      0.18307129
       4556.9199      0.21663779
       4558.3901      0.24145378
       4559.8599      0.43620360
       4561.3301      0.37402591
       4562.7998      0.26923057
       4564.2700      0.23309925
       4565.7402      0.26462594
       4567.2100      0.20921394
       4568.6802      0.30516887
       4570.1499      0.24699804
       4571.6201      0.25735521
       4573.0898      0.22369558
       4574.5601      0.24906468
       4576.0298      0.28948581
       4577.5000      0.33962873
       4578.9702      0.29375598
       4580.4399      0.30616835
       4581.9102      0.30845147
       4583.3799      0.39403978
       4584.8501      0.35889739
       4586.3198      0.41373014
       4587.7900      0.31101033
       4589.2598      0.31507018
       4590.7300      0.34827954
       4592.2002      0.40573546
       4593.6699      0.27700168
       4595.1401      0.26804444
       4596.6099      0.32687876
       4598.0801      0.35501662
       4599.5498      0.24434698
       4601.0200      0.26765770
       4602.4902      0.39394587
       4603.9600      0.38399178
       4605.4302      0.30860695
       4606.8999      0.24504775
       4608.3701      0.32651454
       4609.8398      0.24441625
       4611.3101      0.25102249
       4612.7798      0.24088329
       4614.2500      0.29310524
       4615.7202      0.35029703
       4617.1899      0.35771993
       4618.6602      0.37808418
       4620.1299      0.31076199
       4621.6001      0.31396526
       4623.0698      0.32709336
       4624.5400      0.25503653
       4626.0098      0.20838305
       4627.4800      0.31290674
       4628.9502      0.38625753
       4630.4199      0.27962983
       4631.8901      0.25226793
       4633.3599      0.28067356
       4634.8301      0.22495992
       4636.2998      0.27513096
       4637.7700      0.25658792
       4639.2402      0.22662768
       4640.7100      0.29979837
       4642.1802      0.22548105
       4643.6499      0.27807441
       4645.1201      0.28079256
       4646.5898      0.25186011
       4648.0601      0.31250149
       4649.5298      0.35887849
       4651.0000      0.29708368
       4652.4702      0.36091697
       4653.9399      0.29416287
       4655.4102      0.28834295
       4656.8799      0.24914770
       4658.3501      0.28377178
       4659.8198      0.31026405
       4661.2900      0.29769099
       4662.7598      0.24471922
       4664.2300      0.20543399
       4665.7002      0.26559895
       4667.1699      0.30307323
       4668.6401      0.25154841
       4670.1099      0.26309711
       4671.5801      0.23916483
       4673.0498      0.24886009
       4674.5200      0.19840764
       4675.9902      0.27325919
       4677.4600      0.32228962
       4678.9302      0.30326104
       4680.3999      0.27523133
       4681.8701      0.25671011
       4683.3398      0.23300211
       4684.8101      0.23896135
       4686.2798      0.26585245
       4687.7500      0.33535883
       4689.2202      0.35112816
       4690.6899      0.33614793
       4692.1602      0.30657151
       4693.6299      0.29068905
       4695.1001      0.34182388
       4696.5698      0.30490515
       4698.0400      0.26308328
       4699.5098      0.24978694
       4700.9800      0.25803706
       4702.4502      0.24925253
       4703.9199      0.25775373
       4705.3901      0.33891812
       4706.8599      0.32228562
       4708.3301      0.27188849
       4709.7998      0.29478925
       4711.2700      0.23397207
       4712.7402      0.15403378
       4714.2100      0.22064735
       4715.6802      0.27396008
       4717.1499      0.23174503
       4718.6201      0.26013204
       4720.0898      0.25483504
       4721.5601      0.23336239
       4723.0298      0.23531610
       4724.5000      0.24857222
       4725.9702      0.26470324
       4727.4399      0.23175435
       4728.9102      0.21090110
       4730.3799      0.23167199
       4731.8501      0.23645276
       4733.3198      0.23004608
       4734.7900      0.21176597
       4736.2598      0.24277556
       4737.7300      0.24917217
       4739.2002      0.26557469
       4740.6699      0.24792834
       4742.1401      0.23573443
       4743.6099      0.25750896
       4745.0801      0.29693061
       4746.5498      0.22016263
       4748.0200      0.26834396
       4749.4902      0.29554358
       4750.9600      0.20987912
       4752.4302      0.13783079
       4753.8999      0.29176971
       4755.3701      0.35940313
       4756.8398      0.25503197
       4758.3101      0.26179445
       4759.7798      0.24038808
       4761.2500      0.21631214
       4762.7202      0.23504145
       4764.1899      0.28075972
       4765.6602      0.23477198
       4767.1299      0.18587920
       4768.6001      0.22910018
       4770.0698      0.25039965
       4771.5400      0.27211440
       4773.0098      0.20774569
       4774.4800      0.19282338
       4775.9502      0.24978624
       4777.4199      0.22556990
       4778.8901      0.20143324
       4780.3599      0.19276211
       4781.8301      0.29459405
       4783.2998      0.28897023
       4784.7700      0.23017947
       4786.2402      0.21932244
       4787.7100      0.20193213
       4789.1802      0.18848909
       4790.6499      0.22641687
       4792.1201      0.21369566
       4793.5898      0.22478263
       4795.0601      0.23868068
       4796.5298      0.23188965
       4798.0000      0.20775940
       4799.4702      0.21585050
       4800.9399      0.15722577
       4802.4102      0.19153157
       4803.8799      0.26535481
       4805.3501      0.26374403
       4806.8198      0.26066545
       4808.2900      0.21700339
       4809.7598      0.20391816
       4811.2300      0.23295818
       4812.7002      0.28390479
       4814.1699      0.23582508
       4815.6401      0.19297571
       4817.1099      0.24369647
       4818.5801      0.19902205
       4820.0498      0.17837381
       4821.5200      0.19494376
       4822.9902      0.16152830
       4824.4600      0.23777810
       4825.9302      0.25951001
       4827.3999      0.21640784
       4828.8701      0.22181681
       4830.3398      0.27156582
       4831.8101      0.30933291
       4833.2798      0.25772202
       4834.7500      0.31341749
       4836.2202      0.28748989
       4837.6899      0.26466328
       4839.1602      0.25992915
       4840.6299      0.19774044
       4842.1001      0.18807201
       4843.5698      0.18092458
       4845.0400      0.20077667
       4846.5098      0.16476814
       4847.9800      0.19622515
       4849.4502      0.18881497
       4850.9199      0.19352101
       4852.3901      0.20242672
       4853.8599      0.17034882
       4855.3301      0.18696128
       4856.7998      0.25207910
       4858.2700      0.26475540
       4859.7402      0.20804830
       4861.2100      0.22544545
       4862.6802      0.21447368
       4864.1499      0.25342274
       4865.6201      0.24936436
       4867.0898      0.24374995
       4868.5601      0.24286853
       4870.0298      0.23523471
       4871.5000      0.25276554
       4872.9702      0.25989982
       4874.4399      0.25157842
       4875.9102      0.20067415
       4877.3799      0.20078148
       4878.8501      0.20088884
       4880.3198      0.20099618
       4881.7900      0.20110354
       4883.2598      0.20121090
       4884.7300      0.20131826
       4886.2002      0.20142564
       4887.6699      0.20153296
       4889.1401      0.20164034
       4890.6099      0.20174766
       4892.0801      0.20185503
       4893.5498      0.20196235
       4895.0200      0.20206973
       4896.4902      0.20217709
       4897.9600      0.20228441
       4899.4302      0.20239179
       4900.8999      0.20249911
       4902.3701      0.20260648
       4903.8398      0.20271385
       4905.3101      0.20282121
       4906.7798      0.20292854
       4908.2500      0.20303591
       4909.7202      0.20314327
       4911.1899      0.20325060
       4912.6602      0.20335796
       4914.1299      0.20346530
       4915.6001      0.24722137
       4917.0698      0.30024883
       4918.5400      0.29398176
       4920.0098      0.30461702
       4921.4800      0.28286856
       4922.9502      0.24090879
       4924.4199      0.24038759
       4925.8901      0.27003902
       4927.3599      0.25135309
       4928.8301      0.20150793
       4930.2998      0.27233988
       4931.7700      0.26382324
       4933.2402      0.25533810
       4934.7100      0.29302478
       4936.1802      0.26036698
       4937.6499      0.24900331
       4939.1201      0.26392740
       4940.5898      0.19763553
       4942.0601      0.22460286
       4943.5298      0.28276655
       4945.0000      0.27742651
       4946.4702      0.23912682
       4947.9399      0.28196970
       4949.4102      0.28489080
       4950.8799      0.26028469
       4952.3501      0.21355957
       4953.8198      0.21841802
       4955.2900      0.23737308
       4956.7598      0.23894511
       4958.2300      0.26934683
       4959.7002      0.27251890
       4961.1699      0.23202804
       4962.6401      0.24082489
       4964.1099      0.23334116
       4965.5801      0.25113061
       4967.0498      0.27873477
       4968.5200      0.31064987
       4969.9902      0.29648605
       4971.4600      0.25556338
       4972.9302      0.27554211
       4974.3999      0.27420366
       4975.8701      0.27507323
       4977.3398      0.27594250
       4978.8101      0.27681208
       4980.2798      0.27768135
       4981.7500      0.27855092
       4983.2202      0.27942050
       4984.6899      0.28029004
       4986.1602      0.28115961
       4987.6299      0.28202888
       4989.1001      0.28289846
       4990.5698      0.28376773
       4992.0400      0.28463730
       4993.5098      0.28550658
       4994.9800      0.28637615
       4996.4502      0.28724572
       4997.9199      0.28811499
       4999.3901      0.28898457
       5000.8599      0.28985384
       5002.3301      0.29072341
       5003.7998      0.29159269
       5005.2700      0.29246253
       5006.7402      0.29333210
       5008.2100      0.29420137
       5009.6802      0.29507095
       5011.1499      0.29594022
       5012.6201      0.29680979
       5014.0898      0.26678169
       5015.5601      0.25548559
       5017.0298      0.30013761
       5018.5000      0.31412637
       5019.9702      0.22627695
       5021.4399      0.23558763
       5022.9102      0.22872095
       5024.3799      0.23015444
       5025.8501      0.23158793
       5027.3198      0.23302095
       5028.7900      0.23445444
       5030.2598      0.23588745
       5031.7300      0.23732094
       5033.2002      0.23875444
       5034.6699      0.24018745
       5036.1401      0.24162094
       5037.6099      0.24305396
       5039.0801      0.24448745
       5040.5498      0.24592046
       5042.0200      0.24735397
       5043.4902      0.24878746
       5044.9600      0.25022095
       5046.4302      0.25165445
       5047.8999      0.25308746
       5049.3701      0.25452095
       5050.8398      0.25595397
       5052.3101      0.25738746
       5053.7798      0.25882047
       5055.2500      0.26025397
       5056.7202      0.26168746
       5058.1899      0.26312047
       5059.6602      0.26455396
       5061.1299      0.26598698
       5062.6001      0.25871000
       5064.0698      0.20103811
       5065.5400      0.24656561
       5067.0098      0.29471210
       5068.4800      0.32555273
       5069.9502      0.27997792
       5071.4199      0.25209615
       5072.8901      0.23785266
       5074.3599      0.26277256
       5075.8301      0.30881634
       5077.2998      0.30808175
       5078.7700      0.28108945
       5080.2402      0.20884641
       5081.7100      0.24876988
       5083.1802      0.29155040
       5084.6499      0.31513351
       5086.1201      0.31124341
       5087.5898      0.26993069
       5089.0601      0.22001709
       5090.5298      0.29300281
       5092.0000      0.25893304
       5093.4702      0.28940454
       5094.9399      0.31110275
       5096.4102      0.27111810
       5097.8799      0.25465703
       5099.3501      0.25301072
       5100.8198      0.27510050
       5102.2900      0.31194472
       5103.7598      0.27922854
       5105.2300      0.25604782
       5106.7002      0.26439422
       5108.1699      0.26815960
       5109.6401      0.27918673
       5111.1099      0.27280554
       5112.5801      0.24699660
       5114.0498      0.27320087
       5115.5200      0.19855200
       5116.9902      0.15449910
       5118.4600      0.22354093
       5119.9302      0.19449021
       5121.3999      0.25008464
       5122.8701      0.33836651
       5124.3398      0.28227538
       5125.8101      0.28757223
       5127.2798      0.30272630
       5128.7500      0.28003779
       5130.2202      0.29113927
       5131.6899      0.29317105
       5133.1602      0.26899126
       5134.6299      0.26432255
       5136.1001      0.29684713
       5137.5698      0.27179408
       5139.0400      0.21656489
       5140.5098      0.24223052
       5141.9800      0.21253718
       5143.4502      0.24177949
       5144.9199      0.25300354
       5146.3901      0.30018491
       5147.8599      0.29003060
       5149.3301      0.27837595
       5150.7998      0.23554647
       5152.2700      0.27730274
       5153.7402      0.27223253
       5155.2100      0.28385890
       5156.6802      0.26378778
       5158.1499      0.33526680
       5159.6201      0.39132300
       5161.0898      0.28076753
       5162.5601      0.25173119
       5164.0298      0.19867423
       5165.5000      0.24690914
       5166.9702      0.31077638
       5168.4399      0.25472718
       5169.9102      0.22725990
       5171.3799      0.28943112
       5172.8501      0.28657651
       5174.3198      0.28192604
       5175.7900      0.26158404
       5177.2598      0.27531615
       5178.7300      0.29816121
       5180.2002      0.27937147
       5181.6699      0.28409144
       5183.1401      0.30887684
       5184.6099      0.28883138
       5186.0801      0.23920627
       5187.5498      0.20111443
       5189.0200      0.25469917
       5190.4902      0.29895756
       5191.9600      0.23932713
       5193.4302      0.23985848
       5194.8999      0.25982356
       5196.3701      0.28043115
       5197.8398      0.29041439
       5199.3101      0.27280483
       5200.7798      0.26972130
       5202.2500      0.25808513
       5203.7202      0.28055704
       5205.1899      0.26692945
       5206.6602      0.29483554
       5208.1299      0.25213593
       5209.6001      0.18724559
       5211.0698      0.24480057
       5212.5400      0.28221545
       5214.0098      0.26114076
       5215.4800      0.26686922
       5216.9502      0.27418262
       5218.4199      0.26916265
       5219.8901      0.22943765
       5221.3599      0.27087158
       5222.8301      0.29047793
       5224.2998      0.25732678
       5225.7700      0.28193751
       5227.2402      0.28068435
       5228.7100      0.23994344
       5230.1802      0.30431128
       5231.6499      0.29294613
       5233.1201      0.26696023
       5234.5898      0.26184586
       5236.0601      0.25852844
       5237.5298      0.23959617
       5239.0000      0.26471591
       5240.4702      0.27864617
       5241.9399      0.26556757
       5243.4102      0.28172463
       5244.8799      0.29375848
       5246.3501      0.31184143
       5247.8198      0.25822985
       5249.2900      0.25523058
       5250.7598      0.26251709
       5252.2300      0.28983083
       5253.7002      0.28620028
       5255.1699      0.25758997
       5256.6401      0.23331347
       5258.1099      0.26189059
       5259.5801      0.27015215
       5261.0498      0.25986359
       5262.5200      0.30758408
       5263.9902      0.31592485
       5265.4600      0.29071090
       5266.9302      0.27597007
       5268.3999      0.25906885
       5269.8701      0.28123170
       5271.3398      0.30969381
       5272.8101      0.32759941
       5274.2798      0.29288051
       5275.7500      0.28844231
       5277.2202      0.27884778
       5278.6899      0.27909106
       5280.1602      0.28095305
       5281.6299      0.29110470
       5283.1001      0.24625596
       5284.5698      0.25340840
       5286.0400      0.30901259
       5287.5098      0.31472859
       5288.9800      0.28142968
       5290.4502      0.33310157
       5291.9199      0.36260697
       5293.3901      0.35868987
       5294.8599      0.36675292
       5296.3301      0.37412837
       5297.7998      0.37062880
       5299.2700      0.36261347
       5300.7402      0.33463550
       5302.2100      0.25909531
       5303.6802      0.28535557
       5305.1499      0.36191186
       5306.6201      0.34385189
       5308.0898      0.32746235
       5309.5601      0.33655727
       5311.0298      0.32732531
       5312.5000      0.33668476
       5313.9702      0.31619099
       5315.4399      0.29122591
       5316.9102      0.30737346
       5318.3799      0.34280780
       5319.8501      0.32739618
       5321.3198      0.31474465
       5322.7900      0.34949911
       5324.2598      0.35063940
       5325.7300      0.30784476
       5327.2002      0.31855392
       5328.6699      0.33927709
       5330.1401      0.32780197
       5331.6099      0.27859443
       5333.0801      0.23682185
       5334.5498      0.30787984
       5336.0200      0.35311046
       5337.4902      0.33424488
       5338.9600      0.36257249
       5340.4302      0.37823108
       5341.8999      0.38302976
       5343.3701      0.40854502
       5344.8398      0.40216422
       5346.3101      0.37593934
       5347.7798      0.32837209
       5349.2500      0.33494413
       5350.7202      0.37363487
       5352.1899      0.34078783
       5353.6602      0.34200475
       5355.1299      0.34636003
       5356.6001      0.35223269
       5358.0698      0.38380867
       5359.5400      0.37988272
       5361.0098      0.36296308
       5362.4800      0.32207406
       5363.9502      0.32069018
       5365.4199      0.36675188
       5366.8901      0.39253545
       5368.3599      0.36823568
       5369.8301      0.34211099
       5371.2998      0.33578768
       5372.7700      0.31690729
       5374.2402      0.32276383
       5375.7100      0.35811743
       5377.1802      0.37737447
       5378.6499      0.38783830
       5380.1201      0.36658740
       5381.5898      0.31145951
       5383.0601      0.31296679
       5384.5298      0.35860401
       5386.0000      0.37984970
       5387.4702      0.37132627
       5388.9399      0.32326433
       5390.4102      0.31239143
       5391.8799      0.32643563
       5393.3501      0.34459063
       5394.8198      0.33139086
       5396.2900      0.35010564
       5397.7598      0.34646881
       5399.2300      0.33910054
       5400.7002      0.36423612
       5402.1699      0.44393504
       5403.6401      0.39216399
       5405.1099      0.31581706
       5406.5801      0.33374223
       5408.0498      0.40470093
       5409.5200      0.41605902
       5410.9902      0.35414171
       5412.4600      0.38642481
       5413.9302      0.38980383
       5415.3999      0.35935882
       5416.8701      0.30444482
       5418.3398      0.32812604
       5419.8101      0.34011814
       5421.2798      0.36533627
       5422.7500      0.35660663
       5424.2202      0.30453327
       5425.6899      0.37010267
       5427.1602      0.37540710
       5428.6299      0.29138649
       5430.1001      0.28048390
       5431.5698      0.35858715
       5433.0400      0.37416664
       5434.5098      0.33383989
       5435.9800      0.32529074
       5437.4502      0.32919669
       5438.9199      0.34140033
       5440.3901      0.33059892
       5441.8599      0.34936976
       5443.3301      0.37129417
       5444.7998      0.30957726
       5446.2700      0.36484534
       5447.7402      0.39596456
       5449.2100      0.36568040
       5450.6802      0.37969488
       5452.1499      0.36983532
       5453.6201      0.41846836
       5455.0898      0.42101428
       5456.5601      0.44025388
       5458.0298      0.44213596
       5459.5000      0.39676556
       5460.9702      0.34235156
       5462.4399      0.36792389
       5463.9102      0.39235449
       5465.3799      0.35922039
       5466.8501      0.33243421
       5468.3198      0.37900060
       5469.7900      0.41865307
       5471.2598      0.34961933
       5472.7300      0.31786853
       5474.2002      0.36087784
       5475.6699      0.38807487
       5477.1401      0.41434810
       5478.6099      0.41900137
       5480.0801      0.37814015
       5481.5498      0.43035096
       5483.0200      0.43815753
       5484.4902      0.39859417
       5485.9600      0.33337468
       5487.4302      0.35321406
       5488.8999      0.44743517
       5490.3701      0.43678430
       5491.8398      0.40470576
       5493.3101      0.45769283
       5494.7798      0.47100431
       5496.2500      0.41979197
       5497.7202      0.37987587
       5499.1899      0.41562840
       5500.6602      0.43074551
       5502.1299      0.40529332
       5503.6001      0.40161949
       5505.0698      0.42511421
       5506.5400      0.46620864
       5508.0098      0.45692727
       5509.4800      0.43793613
       5510.9502      0.43288529
       5512.4199      0.40510866
       5513.8901      0.43055084
       5515.3599      0.45993292
       5516.8301      0.38488090
       5518.2998      0.34477836
       5519.7700      0.39295283
       5521.2402      0.43878433
       5522.7100      0.44945648
       5524.1802      0.45011395
       5525.6499      0.42253837
       5527.1201      0.43022811
       5528.5898      0.37804782
       5530.0601      0.37184721
       5531.5298      0.35364553
       5533.0000      0.38703310
       5534.4702      0.40909380
       5535.9399      0.38237986
       5537.4102      0.35419387
       5538.8799      0.38302964
       5540.3501      0.44415885
       5541.8198      0.39321822
       5543.2900      0.41281742
       5544.7598      0.37331888
       5546.2300      0.35991549
       5547.7002      0.34404689
       5549.1699      0.40216836
       5550.6401      0.39386222
       5552.1099      0.35004294
       5553.5801      0.36302984
       5555.0498      0.38259453
       5556.5200      0.36521411
       5557.9902      0.35522366
       5559.4600      0.40043882
       5560.9302      0.38727710
       5562.3999      0.39573914
       5563.8701      0.40239981
       5565.3398      0.36610958
       5566.8101      0.34668246
       5568.2798      0.34939605
       5569.7500      0.35210967
       5571.2202      0.35482329
       5572.6899      0.35753688
       5574.1602      0.36025050
       5575.6299      0.36296409
       5577.1001      0.36567771
       5578.5698      0.36839131
       5580.0400      0.37110490
       5581.5098      0.37381852
       5582.9800      0.37653211
       5584.4502      0.37924573
       5585.9199      0.38195932
       5587.3901      0.38467294
       5588.8599      0.38738656
       5590.3301      0.39010015
       5591.7998      0.39010015
       5593.2700      0.36553869
       5594.7402      0.34540713
       5596.2100      0.38365895
       5597.6802      0.37443095
       5599.1499      0.37540242
       5600.6201      0.35040733
       5602.0898      0.33182174
       5603.5601      0.34728730
       5605.0298      0.34047237
       5606.5000      0.36212534
       5607.9702      0.35572818
       5609.4399      0.35168394
       5610.9102      0.37123370
       5612.3799      0.35464057
       5613.8501      0.35005003
       5615.3198      0.32728049
       5616.7900      0.31166348
       5618.2598      0.33560708
       5619.7300      0.28226730
       5621.2002      0.24844411
       5622.6699      0.31018537
       5624.1401      0.29347762
       5625.6099      0.22908489
       5627.0801      0.27742365
       5628.5498      0.30805823
       5630.0200      0.27658671
       5631.4902      0.31278476
       5632.9600      0.32989997
       5634.4302      0.32792690
       5635.8999      0.31205863
       5637.3701      0.26527935
       5638.8398      0.28135240
       5640.3101      0.30445608
       5641.7798      0.30182210
       5643.2500      0.28519166
       5644.7202      0.25633141
       5646.1899      0.27317011
       5647.6602      0.31562683
       5649.1299      0.31571585
       5650.6001      0.28554925
       5652.0698      0.29119694
       5653.5400      0.31731695
       5655.0098      0.31138474
       5656.4800      0.32015491
       5657.9502      0.33212632
       5659.4199      0.29532868
       5660.8901      0.24555202
       5662.3599      0.23095593
       5663.8301      0.25512081
       5665.2998      0.26638076
       5666.7700      0.27217558
       5668.2402      0.27986601
       5669.7100      0.28452623
       5671.1802      0.28731474
       5672.6499      0.30963242
       5674.1201      0.26383299
       5675.5898      0.22062926
       5677.0601      0.31711572
       5678.5298      0.31093636
       5680.0000      0.24658225
       5681.4702      0.27617234
       5682.9399      0.27166307
       5684.4102      0.24795198
       5685.8799      0.22777751
       5687.3501      0.24653713
       5688.8198      0.29831979
       5690.2900      0.25812611
       5691.7598      0.26067546
       5693.2300      0.25433818
       5694.7002      0.23332968
       5696.1699      0.26439518
       5697.6401      0.32278457
       5699.1099      0.28752160
       5700.5801      0.21460950
       5702.0498      0.25194806
       5703.5200      0.30735180
       5704.9902      0.27017495
       5706.4600      0.24127616
       5707.9302      0.31601149
       5709.3999      0.29330251
       5710.8701      0.25881764
       5712.3398      0.28019977
       5713.8101      0.27843517
       5715.2798      0.30231366
       5716.7500      0.33760074
       5718.2202      0.28239667
       5719.6899      0.23531251
       5721.1602      0.24927422
       5722.6299      0.26651901
       5724.1001      0.29121304
       5725.5698      0.27603909
       5727.0400      0.25751850
       5728.5098      0.23235922
       5729.9800      0.25195527
       5731.4502      0.28582519
       5732.9199      0.27900130
       5734.3901      0.31900615
       5735.8599      0.30725238
       5737.3301      0.26083791
       5738.7998      0.27666813
       5740.2700      0.24821894
       5741.7402      0.24170324
       5743.2100      0.25080657
       5744.6802      0.29056755
       5746.1499      0.32140264
       5747.6201      0.33281025
       5749.0898      0.31196338
       5750.5601      0.31234452
       5752.0298      0.33373904
       5753.5000      0.28525445
       5754.9702      0.27155754
       5756.4399      0.29896235
       5757.9102      0.29313388
       5759.3799      0.29441488
       5760.8501      0.34132120
       5762.3198      0.31891155
       5763.7900      0.28410229
       5765.2598      0.31224433
       5766.7300      0.29710817
       5768.2002      0.28838223
       5769.6699      0.31080291
       5771.1401      0.28089973
       5772.6099      0.27112815
       5774.0801      0.32254750
       5775.5498      0.32377848
       5777.0200      0.31617048
       5778.4902      0.32983899
       5779.9600      0.28840056
       5781.4302      0.25714982
       5782.8999      0.30652168
       5784.3701      0.34428421
       5785.8398      0.30044791
       5787.3101      0.27026105
       5788.7798      0.29440659
       5790.2500      0.32866096
       5791.7202      0.36752188
       5793.1899      0.36232975
       5794.6602      0.32830521
       5796.1299      0.33716437
       5797.6001      0.35686973
       5799.0698      0.35187554
       5800.5400      0.27941534
       5802.0098      0.23963612
       5803.4800      0.29676089
       5804.9502      0.32268709
       5806.4199      0.31175852
       5807.8901      0.30631658
       5809.3599      0.32841662
       5810.8301      0.34710160
       5812.2998      0.34324768
       5813.7700      0.36274263
       5815.2402      0.37838906
       5816.7100      0.36969352
       5818.1802      0.34687272
       5819.6499      0.35877645
       5821.1201      0.36541787
       5822.5898      0.37847561
       5824.0601      0.39926213
       5825.5298      0.39402527
       5827.0000      0.32922614
       5828.4702      0.35284346
       5829.9399      0.43417338
       5831.4102      0.41970420
       5832.8799      0.37233773
       5834.3501      0.39404845
       5835.8198      0.42097041
       5837.2900      0.39609754
       5838.7598      0.40398827
       5840.2300      0.42543301
       5841.7002      0.37372327
       5843.1699      0.32930696
       5844.6401      0.40430641
       5846.1099      0.47409767
       5847.5801      0.43592361
       5849.0498      0.40015489
       5850.5200      0.37118554
       5851.9902      0.36933666
       5853.4600      0.40183374
       5854.9302      0.41658002
       5856.3999      0.45073357
       5857.8701      0.42485303
       5859.3398      0.39383444
       5860.8101      0.40649322
       5862.2798      0.38364676
       5863.7500      0.41284454
       5865.2202      0.46736407
       5866.6899      0.38870856
       5868.1602      0.32986724
       5869.6299      0.45151713
       5871.1001      0.47352508
       5872.5698      0.38592556
       5874.0400      0.38494009
       5875.5098      0.43396935
       5876.9800      0.44084668
       5878.4502      0.42435163
       5879.9199      0.43710601
       5881.3901      0.43467501
       5882.8599      0.44511378
       5884.3301      0.41895741
       5885.7998      0.41312018
       5887.2700      0.40665719
       5888.7402      0.41872805
       5890.2100      0.45306432
       5891.6802      0.40684244
       5893.1499      0.42534509
       5894.6201      0.47251499
       5896.0898      0.43696582
       5897.5601      0.42742437
       5899.0298      0.44023114
       5900.5000      0.48946252
       5901.9702      0.50585771
       5903.4399      0.46438587
       5904.9102      0.47043103
       5906.3799      0.49716640
       5907.8501      0.46237245
       5909.3198      0.51257676
       5910.7900      0.53189135
       5912.2598      0.50447488
       5913.7300      0.51919657
       5915.2002      0.52072763
       5916.6699      0.49193487
       5918.1401      0.44190744
       5919.6099      0.45042071
       5921.0801      0.44716603
       5922.5498      0.43991053
       5924.0200      0.47567970
       5925.4902      0.47503659
       5926.9600      0.47174659
       5928.4302      0.45942512
       5929.8999      0.47816816
       5931.3701      0.48829246
       5932.8398      0.48630261
       5934.3101      0.48495495
       5935.7798      0.47662896
       5937.2500      0.48795971
       5938.7202      0.50723511
       5940.1899      0.48565310
       5941.6602      0.48779279
       5943.1299      0.53050661
       5944.6001      0.50290734
       5946.0698      0.49110028
       5947.5400      0.52718276
       5949.0098      0.51230925
       5950.4800      0.41235510
       5951.9502      0.43736497
       5953.4199      0.49206215
       5954.8901      0.44811389
       5956.3599      0.48567790
       5957.8301      0.50585711
       5959.2998      0.50808984
       5960.7700      0.47981086
       5962.2402      0.45433244
       5963.7100      0.46238849
       5965.1802      0.49615920
       5966.6499      0.46736437
       5968.1201      0.44852817
       5969.5898      0.46559355
       5971.0601      0.47218364
       5972.5298      0.42449722
       5974.0000      0.41968966
       5975.4702      0.47816825
       5976.9399      0.46711805
       5978.4102      0.46847278
       5979.8799      0.49677083
       5981.3501      0.45611814
       5982.8198      0.42395210
       5984.2900      0.43653145
       5985.7598      0.47233889
       5987.2300      0.47184804
       5988.7002      0.43645340
       5990.1699      0.49367145
       5991.6401      0.51257777
       5993.1099      0.43135911
       5994.5801      0.41459668
       5996.0498      0.46210101
       5997.5200      0.39054376
       5998.9902      0.34707698
       6000.4600      0.38599360
       6001.9302      0.36744753
       6003.3999      0.34295169
       6004.8701      0.39470726
       6006.3398      0.41878608
       6007.8101      0.41893253
       6009.2798      0.45292401
       6010.7500      0.42124298
       6012.2202      0.37090841
       6013.6899      0.42144445
       6015.1602      0.38587847
       6016.6299      0.32198191
       6018.1001      0.36637941
       6019.5698      0.40367380
       6021.0400      0.43410313
       6022.5098      0.44370285
       6023.9800      0.41233355
       6025.4502      0.38317302
       6026.9199      0.40300709
       6028.3901      0.45043713
       6029.8599      0.43422014
       6031.3301      0.36356515
       6032.7998      0.33460599
       6034.2700      0.36440319
       6035.7402      0.41991329
       6037.2100      0.38514057
       6038.6802      0.31696621
       6040.1499      0.34041211
       6041.6201      0.37974077
       6043.0898      0.38618341
       6044.5601      0.37633476
       6046.0298      0.36507204
       6047.5000      0.31670043
       6048.9702      0.29125720
       6050.4399      0.34110397
       6051.9102      0.39903361
       6053.3799      0.38397601
       6054.8501      0.35358304
       6056.3198      0.37068015
       6057.7900      0.38811585
       6059.2598      0.40055922
       6060.7300      0.36605594
       6062.2002      0.33597943
       6063.6699      0.36618182
       6065.1401      0.36953557
       6066.6099      0.32794520
       6068.0801      0.31025776
       6069.5498      0.32723361
       6071.0200      0.30732852
       6072.4902      0.30802080
       6073.9600      0.36734548
       6075.4302      0.38881248
       6076.8999      0.35996634
       6078.3701      0.36045283
       6079.8398      0.38834772
       6081.3101      0.35234919
       6082.7798      0.34575096
       6084.2500      0.39401427
       6085.7202      0.38216785
       6087.1899      0.34379619
       6088.6602      0.37572807
       6090.1299      0.35776791
       6091.6001      0.29997689
       6093.0698      0.28753239
       6094.5400      0.25699601
       6096.0098      0.29065746
       6097.4800      0.37655240
       6098.9502      0.35868976
       6100.4199      0.33253404
       6101.8901      0.39997822
       6103.3599      0.36816397
       6104.8301      0.31840044
       6106.2998      0.32518899
       6107.7700      0.35397455
       6109.2402      0.34909832
       6110.7100      0.34103519
       6112.1802      0.32446685
       6113.6499      0.28936079
       6115.1201      0.28815752
       6116.5898      0.31755951
       6118.0601      0.32775995
       6119.5298      0.29996789
       6121.0000      0.29662174
       6122.4702      0.32377046
       6123.9399      0.33653063
       6125.4102      0.29074878
       6126.8799      0.31163493
       6128.3501      0.35031909
       6129.8198      0.34548992
       6131.2900      0.30372387
       6132.7598      0.27106023
       6134.2300      0.34027719
       6135.7002      0.34188640
       6137.1699      0.29401535
       6138.6401      0.30280751
       6140.1099      0.32978046
       6141.5801      0.35218298
       6143.0498      0.28693476
       6144.5200      0.30893049
       6145.9902      0.36560288
       6147.4600      0.32849032
       6148.9302      0.32930428
       6150.3999      0.38085192
       6151.8701      0.43252236
       6153.3398      0.34091625
       6154.8101      0.29635996
       6156.2798      0.33622450
       6157.7500      0.37547576
       6159.2202      0.40907258
       6160.6899      0.40221980
       6162.1602      0.35785303
       6163.6299      0.33364308
       6165.1001      0.35194787
       6166.5698      0.34249216
       6168.0400      0.32499167
       6169.5098      0.35380375
       6170.9800      0.37745166
       6172.4502      0.29572043
       6173.9199      0.29691535
       6175.3901      0.35633031
       6176.8599      0.37082177
       6178.3301      0.36290216
       6179.7998      0.34251994
       6181.2700      0.33135349
       6182.7402      0.34255853
       6184.2100      0.36690682
       6185.6802      0.37656254
       6187.1499      0.38801202
       6188.6201      0.40197188
       6190.0898      0.35812354
       6191.5601      0.34446341
       6193.0298      0.38647959
       6194.5000      0.40169686
       6195.9702      0.42099288
       6197.4399      0.43646535
       6198.9102      0.41982648
       6200.3799      0.35656166
       6201.8501      0.36208710
       6203.3198      0.42751512
       6204.7900      0.43739244
       6206.2598      0.38022214
       6207.7300      0.37357852
       6209.2002      0.36835092
       6210.6699      0.35139433
       6212.1401      0.38109136
       6213.6099      0.38188347
       6215.0801      0.34214041
       6216.5498      0.35266963
       6218.0200      0.37749752
       6219.4902      0.36163533
       6220.9600      0.36381581
       6222.4302      0.38612106
       6223.8999      0.39013439
       6225.3701      0.37590098
       6226.8398      0.39185563
       6228.3101      0.38040429
       6229.7798      0.36681312
       6231.2500      0.39720616
       6232.7202      0.39454725
       6234.1899      0.33968773
       6235.6602      0.28853753
       6237.1299      0.31253308
       6238.6001      0.37438872
       6240.0698      0.36024463
       6241.5400      0.34746030
       6243.0098      0.37418053
       6244.4800      0.33604133
       6245.9502      0.32211447
       6247.4199      0.36931384
       6248.8901      0.40202627
       6250.3599      0.37376037
       6251.8301      0.33545861
       6253.2998      0.34716013
       6254.7700      0.36574477
       6256.2402      0.38290861
       6257.7100      0.37905481
       6259.1802      0.36133277
       6260.6499      0.34779313
       6262.1201      0.34887061
       6263.5898      0.37082323
       6265.0601      0.38964006
       6266.5298      0.39791077
       6268.0000      0.37751609
       6269.4702      0.37394288
       6270.9399      0.37493500
       6272.4102      0.31989273
       6273.8799      0.29192084
       6275.3501      0.36131293
       6276.8198      0.41608906
       6278.2900      0.36074829
       6279.7598      0.33264622
       6281.2300      0.35211039
       6282.7002      0.35141250
       6284.1699      0.35276568
       6285.6401      0.36537236
       6287.1099      0.38124067
       6288.5801      0.39054796
       6290.0498      0.41448501
       6291.5200      0.39255735
       6292.9902      0.39465180
       6294.4600      0.40468979
       6295.9302      0.36532086
       6297.3999      0.37292683
       6298.8701      0.34740219
       6300.3398      0.33639738
       6301.8101      0.36876690
       6303.2798      0.36334610
       6304.7500      0.33885565
       6306.2202      0.33706006
       6307.6899      0.33507147
       6309.1602      0.32213229
       6310.6299      0.31341973
       6312.1001      0.32124293
       6313.5698      0.34020755
       6315.0400      0.34085307
       6316.5098      0.31177005
       6317.9800      0.34005129
       6319.4502      0.41089335
       6320.9199      0.40951821
       6322.3901      0.37607962
       6323.8599      0.34901080
       6325.3301      0.34898505
       6326.7998      0.35629746
       6328.2700      0.34263673
       6329.7402      0.37376788
       6331.2100      0.36713311
       6332.6802      0.34944716
       6334.1499      0.39317188
       6335.6201      0.36803508
       6337.0898      0.34873849
       6338.5601      0.40258363
       6340.0298      0.42038888
       6341.5000      0.42353931
       6342.9702      0.40624630
       6344.4399      0.34079328
       6345.9102      0.35316730
       6347.3799      0.40448540
       6348.8501      0.38257140
       6350.3198      0.37993178
       6351.7900      0.39501718
       6353.2598      0.37720037
       6354.7300      0.37946698
       6356.2002      0.37642866
       6357.6699      0.36665988
       6359.1401      0.35844594
       6360.6099      0.35156837
       6362.0801      0.36474454
       6363.5498      0.38815176
       6365.0200      0.42416725
       6366.4902      0.42027593
       6367.9600      0.37379423
       6369.4302      0.36903965
       6370.8999      0.34735996
       6372.3701      0.28915071
       6373.8398      0.29075792
       6375.3101      0.34891814
       6376.7798      0.40233731
       6378.2500      0.40668347
       6379.7202      0.37451428
       6381.1899      0.36595610
       6382.6602      0.33842167
       6384.1299      0.33417282
       6385.6001      0.37938648
       6387.0698      0.35838884
       6388.5400      0.31995592
       6390.0098      0.31982064
       6391.4800      0.34914055
       6392.9502      0.38085064
       6394.4199      0.38250107
       6395.8901      0.40584129
       6397.3599      0.41168416
       6398.8301      0.39909214
       6400.2998      0.38449356
       6401.7700      0.42077008
       6403.2402      0.48504037
       6404.7100      0.47120148
       6406.1802      0.41866127
       6407.6499      0.41012451
       6409.1201      0.39769748
       6410.5898      0.37542427
       6412.0601      0.43448293
       6413.5298      0.44764957
       6415.0000      0.37965584
       6416.4702      0.37728384
       6417.9399      0.39830399
       6419.4102      0.38181514
       6420.8799      0.37433758
       6422.3501      0.36608630
       6423.8198      0.36395919
       6425.2900      0.36396328
       6426.7598      0.39163902
       6428.2300      0.40650803
       6429.7002      0.39340949
       6431.1699      0.42570418
       6432.6401      0.42248341
       6434.1099      0.40301538
       6435.5801      0.42005491
       6437.0498      0.39356425
       6438.5200      0.36793187
       6439.9902      0.39110056
       6441.4600      0.41600177
       6442.9302      0.40569246
       6444.3999      0.39766780
       6445.8701      0.39435673
       6447.3398      0.34745425
       6448.8101      0.33861551
       6450.2798      0.35620669
       6451.7500      0.37643456
       6453.2202      0.39240929
       6454.6899      0.37405568
       6456.1602      0.37683326
       6457.6299      0.36127144
       6459.1001      0.32867038
       6460.5698      0.35899070
       6462.0400      0.40105096
       6463.5098      0.40230671
       6464.9800      0.38274711
       6466.4502      0.35441723
       6467.9199      0.36549890
       6469.3901      0.37795377
       6470.8599      0.38302472
       6472.3301      0.40351906
       6473.7998      0.43725449
       6475.2700      0.47477299
       6476.7402      0.43514231
       6478.2100      0.40343162
       6479.6802      0.41263458
       6481.1499      0.39008099
       6482.6201      0.38361767
       6484.0898      0.37712166
       6485.5601      0.38743031
       6487.0298      0.39033282
       6488.5000      0.33017093
       6489.9702      0.32140896
       6491.4399      0.33156177
       6492.9102      0.33919582
       6494.3799      0.36410415
       6495.8501      0.38409314
       6497.3198      0.39176139
       6498.7900      0.38081825
       6500.2598      0.35873300
       6501.7300      0.37308708
       6503.2002      0.40464312
       6504.6699      0.39551592
       6506.1401      0.38717932
       6507.6099      0.40632474
       6509.0801      0.39840183
       6510.5498      0.38515693
       6512.0200      0.42640489
       6513.4902      0.37435049
       6514.9600      0.29285288
       6516.4302      0.35809603
       6517.8999      0.39394310
       6519.3701      0.35735255
       6520.8398      0.36373302
       6522.3101      0.36209375
       6523.7798      0.36299920
       6525.2500      0.41599992
       6526.7202      0.43440571
       6528.1899      0.38760111
       6529.6602      0.38939679
       6531.1299      0.40034568
       6532.6001      0.35602847
       6534.0698      0.35515150
       6535.5400      0.38436583
       6537.0098      0.37875396
       6538.4800      0.38826609
       6539.9502      0.39858788
       6541.4199      0.41535789
       6542.8901      0.39387628
       6544.3599      0.31611934
       6545.8301      0.33708656
       6547.2998      0.42898756
       6548.7700      0.44958472
       6550.2402      0.46222767
       6551.7100      0.41255283
       6553.1802      0.35449994
       6554.6499      0.39108911
       6556.1201      0.40161711
       6557.5898      0.36879933
       6559.0601      0.33385846
       6560.5298      0.37219980
       6562.0000      0.40524462
       6563.4702      0.38727626
       6564.9399      0.41167369
       6566.4102      0.37755996
       6567.8799      0.34803018
       6569.3501      0.39462993
       6570.8198      0.40181541
       6572.2900      0.38440174
       6573.7598      0.39558837
       6575.2300      0.38073483
       6576.7002      0.37864766
       6578.1699      0.37656116
       6579.6401      0.37447396
       6581.1099      0.37238747
       6582.5801      0.37029961
       6584.0498      0.36821312
       6585.5200      0.36612591
       6586.9902      0.36403874
       6588.4600      0.36195225
       6589.9302      0.35986507
       6591.3999      0.35777858
       6592.8701      0.35569140
       6594.3398      0.35360491
       6595.8101      0.35151771
       6597.2798      0.34943122
       6598.7500      0.34734404
       6600.2202      0.34525687
       6601.6899      0.34317037
       6603.1602      0.34108248
       6604.6299      0.33899599
       6606.1001      0.33690882
       6607.5698      0.33482233
       6609.0400      0.33273515
       6610.5098      0.33064866
       6611.9800      0.32856146
       6613.4502      0.32647428
       6614.9199      0.33089766
       6616.3901      0.33532250
       6617.8599      0.33974585
       6619.3301      0.34417072
       6620.7998      0.34859407
       6622.2700      0.35301891
       6623.7402      0.35744524
       6625.2100      0.36186862
       6626.6802      0.36629346
       6628.1499      0.37071681
       6629.6201      0.37514165
       6631.0898      0.37956503
       6632.5601      0.38398987
       6634.0298      0.38841325
       6635.5000      0.39283806
       6636.9702      0.39726293
       6638.4399      0.40168628
       6639.9102      0.40611112
       6641.3799      0.41053450
       6642.8501      0.41495934
       6644.3198      0.41938418
       6645.7900      0.42380905
       6647.2598      0.42823240
       6648.7300      0.43265724
       6650.2002      0.43463552
       6651.6699      0.38859794
       6653.1401      0.35945970
       6654.6099      0.36710384
       6656.0801      0.38968468
       6657.5498      0.37081218
       6659.0200      0.38033724
       6660.4902      0.41929978
       6661.9600      0.37432119
       6663.4302      0.36732504
       6664.8999      0.41050386
       6666.3701      0.34365490
       6667.8398      0.29455796
       6669.3101      0.33867931
       6670.7798      0.36704308
       6672.2500      0.41407803
       6673.7202      0.42996687
       6675.1899      0.42139676
       6676.6602      0.43238333
       6678.1299      0.41225806
       6679.6001      0.39880186
       6681.0698      0.37156180
       6682.5400      0.34827828
       6684.0098      0.36246777
       6685.4800      0.34996715
       6686.9502      0.37727654
       6688.4199      0.45376289
       6689.8901      0.46069157
       6691.3599      0.42397276
       6692.8301      0.40756238
       6694.2998      0.38913497
       6695.7700      0.39159745
       6697.2402      0.42244732
       6698.7100      0.41026974
       6700.1802      0.40861627
       6701.6499      0.43082047
       6703.1201      0.41775811
       6704.5898      0.40949690
       6706.0601      0.39560249
       6707.5298      0.36335263
       6709.0000      0.38295022
       6710.4702      0.40176192
       6711.9399      0.41183606
       6713.4102      0.44013396
       6714.8799      0.43479896
       6716.3501      0.42767173
       6717.8198      0.42135301
       6719.2900      0.38624212
       6720.7598      0.38985160
       6722.2300      0.40857378
       6723.7002      0.37282011
       6725.1699      0.36648786
       6726.6401      0.39097211
       6728.1099      0.41500720
       6729.5801      0.41116908
       6731.0498      0.37729248
       6732.5200      0.41040319
       6733.9902      0.43253121
       6735.4600      0.39994738
       6736.9302      0.38082719
       6738.3999      0.40138242
       6739.8701      0.42323837
       6741.3398      0.42631370
       6742.8101      0.38323212
       6744.2798      0.34411857
       6745.7500      0.34147918
       6747.2202      0.33883977
       6748.6899      0.33620128
       6750.1602      0.33356187
       6751.6299      0.33092335
       6753.1001      0.32828397
       6754.5698      0.32564545
       6756.0400      0.32300606
       6757.5098      0.32036754
       6758.9800      0.31772816
       6760.4502      0.31871226
       6761.9199      0.31969601
       6763.3901      0.32068011
       6764.8599      0.32166418
       6766.3301      0.32264829
       6767.7998      0.32363203
       6769.2700      0.32461613
       6770.7402      0.32560021
       6772.2100      0.32658398
       6773.6802      0.32756805
       6775.1499      0.32855183
       6776.6201      0.32953590
       6778.0898      0.33051968
       6779.5601      0.33150375
       6781.0298      0.33248749
       6782.5000      0.33347160
       6783.9702      0.33445567
       6785.4399      0.33543977
       6786.9102      0.33642387
       6788.3799      0.33740762
       6789.8501      0.33839172
       6791.3198      0.33937547
       6792.7900      0.34035957
       6794.2598      0.34134331
       6795.7300      0.34232742
       6797.2002      0.34331149
       6798.6699      0.28812024
       6800.1401      0.25544497
       6801.6099      0.28728685
       6803.0801      0.27007461
       6804.5498      0.29707104
       6806.0200      0.33026695
       6807.4902      0.37345654
       6808.9600      0.35234505
       6810.4302      0.26738349
       6811.8999      0.29385599
       6813.3701      0.32624412
       6814.8398      0.30167055
       6816.3101      0.28084469
       6817.7798      0.27692747
       6819.2500      0.28109032
       6820.7202      0.32386807
       6822.1899      0.35731360
       6823.6602      0.33621010
       6825.1299      0.28247502
       6826.6001      0.26036236
       6828.0698      0.28681177
       6829.5400      0.26727194
       6831.0098      0.26788974
       6832.4800      0.28512028
       6833.9502      0.27654946
       6835.4199      0.32092801
       6836.8901      0.34203431
       6838.3599      0.33513480
       6839.8301      0.35304314
       6841.2998      0.29940802
       6842.7700      0.24484628
       6844.2402      0.23083681
       6845.7100      0.26642460
       6847.1802      0.30502170
       6848.6499      0.28140330
       6850.1201      0.26975462
       6851.5898      0.30437911
       6853.0601      0.27961758
       6854.5298      0.24637695
       6856.0000      0.30322799
       6857.4702      0.33132058
       6858.9399      0.29722843
       6860.4102      0.27224717
       6861.8799      0.25406530
       6863.3501      0.27713266
       6864.8198      0.24805167
       6866.2900      0.22716449
       6867.7598      0.29268327
       6869.2300      0.25859571
       6870.7002      0.16668439
       6872.1699      0.16115555
       6873.6401      0.20412748
       6875.1099      0.24418643
       6876.5801      0.31472483
       6878.0498      0.30465731
       6879.5200      0.25324818
       6880.9902      0.26830351
       6882.4600      0.29423040
       6883.9302      0.29146761
       6885.3999      0.30685022
       6886.8701      0.31264758
       6888.3398      0.29098791
       6889.8101      0.28523520
       6891.2798      0.28611290
       6892.7500      0.29913631
       6894.2202      0.30584827
       6895.6899      0.31123686
       6897.1602      0.30892339
       6898.6299      0.22751153
       6900.1001      0.20263354
       6901.5698      0.30927259
       6903.0400      0.32703063
       6904.5098      0.25381777
       6905.9800      0.25794342
       6907.4502      0.26453131
       6908.9199      0.24376102
       6910.3901      0.25275344
       6911.8599      0.30306044
       6913.3301      0.34402049
       6914.7998      0.30817831
       6916.2700      0.29582557
       6917.7402      0.30060950
       6919.2100      0.30448148
       6920.6802      0.31835917
       6922.1499      0.26196432
       6923.6201      0.24777697
       6925.0898      0.31022468
       6926.5601      0.31048512
       6928.0298      0.30520898
       6929.5000      0.31446189
       6930.9702      0.31025088
       6932.4399      0.32235077
       6933.9102      0.31209189
       6935.3799      0.34533772
       6936.8501      0.33946016
       6938.3198      0.28021786
       6939.7900      0.31286126
       6941.2598      0.31323820
       6942.7300      0.25092399
       6944.2002      0.26277667
       6945.6699      0.33745235
       6947.1401      0.31295568
       6948.6099      0.23684455
       6950.0801      0.28539711
       6951.5498      0.35140616
       6953.0200      0.33269733
       6954.4902      0.35472530
       6955.9600      0.34770095
       6957.4302      0.30493668
       6958.8999      0.32057253
       6960.3701      0.37059993
       6961.8398      0.35690999
       6963.3101      0.34672120
       6964.7798      0.39712739
       6966.2500      0.39459717
       6967.7202      0.36846262
       6969.1899      0.35558957
       6970.6602      0.36923602
       6972.1299      0.38019365
       6973.6001      0.36713606
       6975.0698      0.36928591
       6976.5400      0.34750301
       6978.0098      0.32191372
       6979.4800      0.36875242
       6980.9502      0.37332484
       6982.4199      0.34816930
       6983.8901      0.40697917
       6985.3599      0.40383384
       6986.8301      0.35063300
       6988.2998      0.37425384
       6989.7700      0.42663684
       6991.2402      0.41294116
       6992.7100      0.43361989
       6994.1802      0.41964343
       6995.6499      0.35836422
       6997.1201      0.39466983
       6998.5898      0.43412697
       7000.0601      0.38965151
       7001.5298      0.37051687
       7003.0000      0.35438353
       7004.4702      0.35125464
       7005.9399      0.38030946
       7007.4102      0.38811567
       7008.8799      0.41930836
       7010.3501      0.42326537
       7011.8198      0.37496963
       7013.2900      0.35167366
       7014.7598      0.41498619
       7016.2300      0.39442486
       7017.7002      0.36244813
       7019.1699      0.39978033
       7020.6401      0.41022724
       7022.1099      0.37283880
       7023.5801      0.37226707
       7025.0498      0.38326117
       7026.5200      0.36673549
       7027.9902      0.39863020
       7029.4600      0.43500745
       7030.9302      0.39052936
       7032.3999      0.37122405
       7033.8701      0.41944206
       7035.3398      0.39917842
       7036.8101      0.37931821
       7038.2798      0.36294419
       7039.7500      0.39707965
       7041.2202      0.40448990
       7042.6899      0.31440899
       7044.1602      0.36523461
       7045.6299      0.40608162
       7047.1001      0.37967610
       7048.5698      0.40357867
       7050.0400      0.42578009
       7051.5098      0.35335883
       7052.9800      0.37414902
       7054.4502      0.44114378
       7055.9199      0.43761533
       7057.3901      0.41224211
       7058.8599      0.43433109
       7060.3301      0.45306265
       7061.7998      0.48810786
       7063.2700      0.50373769
       7064.7402      0.47102681
       7066.2100      0.42119747
       7067.6802      0.41616338
       7069.1499      0.42155695
       7070.6201      0.43748230
       7072.0898      0.49706203
       7073.5601      0.43217900
       7075.0298      0.43645447
       7076.5000      0.51845205
       7077.9702      0.49198526
       7079.4399      0.52093208
       7080.9102      0.51363891
       7082.3799      0.50279027
       7083.8501      0.45531034
       7085.3198      0.45787528
       7086.7900      0.54374850
       7088.2598      0.51186800
       7089.7300      0.46663556
       7091.2002      0.44090819
       7092.6699      0.45314947
       7094.1401      0.51532125
       7095.6099      0.49560735
       7097.0801      0.43591118
       7098.5498      0.45756984
       7100.0200      0.50561035
       7101.4902      0.47304443
       7102.9600      0.44963941
       7104.4302      0.42934024
       7105.8999      0.44502750
       7107.3701      0.47579789
       7108.8398      0.46587148
       7110.3101      0.46194050
       7111.7798      0.48489407
       7113.2500      0.46127504
       7114.7202      0.47806618
       7116.1899      0.46381360
       7117.6602      0.43608654
       7119.1299      0.45009354
       7120.6001      0.48088899
       7122.0698      0.39840102
       7123.5400      0.38249260
       7125.0098      0.40530542
       7126.4800      0.46604210
       7127.9502      0.44442543
       7129.4199      0.37070683
       7130.8901      0.42231968
       7132.3599      0.43999478
       7133.8301      0.43212733
       7135.2998      0.43884790
       7136.7700      0.41224673
       7138.2402      0.40292251
       7139.7100      0.42618558
       7141.1802      0.40883473
       7142.6499      0.38298264
       7144.1201      0.39369869
       7145.5898      0.39131144
       7147.0601      0.39957592
       7148.5298      0.43468952
       7150.0000      0.45231605
       7151.4702      0.42050976
       7152.9399      0.40830994
       7154.4102      0.43877205
       7155.8799      0.44250929
       7157.3501      0.41782609
       7158.8198      0.41501161
       7160.2900      0.39894682
       7161.7598      0.36504409
       7163.2300      0.37438774
       7164.7002      0.40871564
       7166.1699      0.44782606
       7167.6401      0.43369031
       7169.1099      0.35755578
       7170.5801      0.34366199
       7172.0498      0.39819077
       7173.5200      0.44814736
       7174.9902      0.44517449
       7176.4600      0.41277316
       7177.9302      0.42467979
       7179.3999      0.44859254
       7180.8701      0.44216737
       7182.3398      0.43902001
       7183.8101      0.42646003
       7185.2798      0.41544229
       7186.7500      0.38604948
       7188.2202      0.37140670
       7189.6899      0.41356209
       7191.1602      0.43008912
       7192.6299      0.39590275
       7194.1001      0.34336647
       7195.5698      0.34376314
       7197.0400      0.35770306
       7198.5098      0.40912822
       7199.9800      0.47408059
       7201.4502      0.45050794
       7202.9199      0.43755218
       7204.3901      0.41959751
       7205.8599      0.37977761
       7207.3301      0.37372890
       7208.7998      0.38825884
       7210.2700      0.38278913
       7211.7402      0.40532246
       7213.2100      0.37090129
       7214.6802      0.29977334
       7216.1499      0.34761435
       7217.6201      0.39295298
       7219.0898      0.39700541
       7220.5601      0.39746830
       7222.0298      0.36314756
       7223.5000      0.38097399
       7224.9702      0.46053833
       7226.4399      0.44506833
       7227.9102      0.36914894
       7229.3799      0.32973510
       7230.8501      0.40791193
       7232.3198      0.48136634
       7233.7900      0.44278285
       7235.2598      0.47637007
       7236.7300      0.45461556
       7238.2002      0.35204554
       7239.6699      0.41601941
       7241.1401      0.47861475
       7242.6099      0.42528394
       7244.0801      0.39755124
       7245.5498      0.39210919
       7247.0200      0.40237799
       7248.4902      0.45923305
       7249.9600      0.44616538
       7251.4302      0.38535798
       7252.8999      0.38956627
       7254.3701      0.47103044
       7255.8398      0.47441724
       7257.3101      0.42290908
       7258.7798      0.44569793
       7260.2500      0.47139391
       7261.7202      0.41354042
       7263.1899      0.44466838
       7264.6602      0.49475428
       7266.1299      0.44481343
       7267.6001      0.39666027
       7269.0698      0.40227845
       7270.5400      0.43157575
       7272.0098      0.41032720
       7273.4800      0.48632514
       7274.9502      0.57013202
       7276.4199      0.47032478
       7277.8901      0.40593174
       7279.3599      0.42176980
       7280.8301      0.39395458
       7282.2998      0.42642266
       7283.7700      0.42405397
       7285.2402      0.44161794
       7286.7100      0.42884526
       7288.1802      0.35923237
       7289.6499      0.36047748
       7291.1201      0.38362795
       7292.5898      0.44264415
       7294.0601      0.42008719
       7295.5298      0.38352549
       7297.0000      0.34556296
       7298.4702      0.37729141
       7299.9399      0.41749555
       7301.4102      0.43843609
       7302.8799      0.36144382
       7304.3501      0.39133415
       7305.8198      0.38877988
       7307.2900      0.42011335
       7308.7598      0.43603644
       7310.2300      0.35559344
       7311.7002      0.37206608
       7313.1699      0.43948588
       7314.6401      0.41100881
       7316.1099      0.31916258
       7317.5801      0.37776950
       7319.0498      0.34962362
       7320.5200      0.40043911
       7321.9902      0.39177734
       7323.4600      0.39251602
       7324.9302      0.43228045
       7326.3999      0.42147514
       7327.8701      0.43733945
       7329.3398      0.43441004
       7330.8101      0.39587814
       7332.2798      0.38769895
       7333.7500      0.38531053
       7335.2202      0.38724005
       7336.6899      0.43400306
       7338.1602      0.47040939
       7339.6299      0.38155219
       7341.1001      0.33507627
       7342.5698      0.40950698
       7344.0400      0.42454913
       7345.5098      0.41410691
       7346.9800      0.39558405
       7348.4502      0.37043777
       7349.9199      0.41589504
       7351.3901      0.41844973
       7352.8599      0.40930167
       7354.3301      0.39365453
       7355.7998      0.38598466
       7357.2700      0.37968093
       7358.7402      0.41411722
       7360.2100      0.39238629
       7361.6802      0.40981075
       7363.1499      0.41844335
       7364.6201      0.41182682
       7366.0898      0.44308728
       7367.5601      0.50726205
       7369.0298      0.45142013
       7370.5000      0.40265733
       7371.9702      0.38953415
       7373.4399      0.39235160
       7374.9102      0.37644926
       7376.3799      0.38422301
       7377.8501      0.38453600
       7379.3198      0.39377639
       7380.7900      0.40846959
       7382.2598      0.39680880
       7383.7300      0.43467084
       7385.2002      0.41897473
       7386.6699      0.35491437
       7388.1401      0.36424583
       7389.6099      0.41118547
       7391.0801      0.38122499
       7392.5498      0.38117570
       7394.0200      0.32625872
       7395.4902      0.35921490
       7396.9600      0.39440942
       7398.4302      0.35091671
       7399.8999      0.43875694
       7401.3701      0.43352658
       7402.8398      0.40400296
       7404.3101      0.36376747
       7405.7798      0.34005958
       7407.2500      0.37896037
       7408.7202      0.37463328
       7410.1899      0.39838615
       7411.6602      0.38505891
       7413.1299      0.34722883
       7414.6001      0.28950852
       7416.0698      0.33707944
       7417.5400      0.35676289
