       3475.0000       1.2429348
       3476.4700       1.2313620
       3477.9399       1.0803232
       3479.4099       1.1483487
       3480.8799       1.2609878
       3482.3501       1.1383414
       3483.8201       1.1434388
       3485.2900       1.1167110
       3486.7600       1.2364780
       3488.2300       1.1776973
       3489.7000       1.1524800
       3491.1699       1.2191927
       3492.6399       1.1701025
       3494.1101       1.0908158
       3495.5801       1.1324115
       3497.0500       1.1036959
       3498.5200       1.2334346
       3499.9900       1.3074735
       3501.4600       1.2044051
       3502.9299       1.1777729
       3504.3999       1.3012761
       3505.8701       1.2043809
       3507.3401       1.1045686
       3508.8101       1.1246464
       3510.2800       1.2592236
       3511.7500       1.2209429
       3513.2200       1.0766326
       3514.6899       1.1924840
       3516.1599       1.2783340
       3517.6299       1.2058367
       3519.1001       1.1952525
       3520.5701       1.2898314
       3522.0400       1.2597463
       3523.5100       1.3283261
       3524.9800       1.1176637
       3526.4500       1.1666926
       3527.9199       1.3971263
       3529.3899       1.2605180
       3530.8601       1.1886632
       3532.3301       1.2796783
       3533.8000       1.2623770
       3535.2700       1.2043049
       3536.7400       1.3047749
       3538.2100       1.1828797
       3539.6799       1.1642771
       3541.1499       1.1926717
       3542.6201       1.4096525
       3544.0901       1.3496156
       3545.5601       1.2312104
       3547.0300       1.0894244
       3548.5000       1.1689730
       3549.9700       1.0794029
       3551.4399       1.2036003
       3552.9099       1.2423313
       3554.3799       1.3912128
       3555.8501       1.2466863
       3557.3201       1.0031517
       3558.7900       1.0500395
       3560.2600       1.2391418
       3561.7300       1.4085702
       3563.2000       1.1610725
       3564.6699       1.0883775
       3566.1399       1.1226276
       3567.6101       1.2511268
       3569.0801       1.1707840
       3570.5500       1.0368569
       3572.0200       1.1295949
       3573.4900       1.2125134
       3574.9600       1.2967805
       3576.4299       1.2700723
       3577.8999       1.1752769
       3579.3701       1.3358179
       3580.8401       1.3661634
       3582.3101       1.2123065
       3583.7800       1.0983009
       3585.2500       1.0263004
       3586.7200       1.2195179
       3588.1899       1.2977705
       3589.6599       1.2741175
       3591.1299       1.0518363
       3592.6001       1.1735373
       3594.0701       1.3075624
       3595.5400       1.3443830
       3597.0100       1.3310943
       3598.4800       1.4349167
       3599.9500       1.3074255
       3601.4199       1.1946487
       3602.8899       1.1242406
       3604.3601       1.1497670
       3605.8301       1.1346771
       3607.3000       1.1998627
       3608.7700       1.1549711
       3610.2400       1.2660338
       3611.7100       1.2455975
       3613.1799       1.3013918
       3614.6499       1.1949673
       3616.1201       1.3637013
       3617.5901       1.3795769
       3619.0601       1.3429990
       3620.5300       1.1621288
       3622.0000       1.1587597
       3623.4700       1.1326067
       3624.9399       1.1521372
       3626.4099       1.2422155
       3627.8799       1.1326947
       3629.3501       1.1212512
       3630.8201       1.2106825
       3632.2900       1.3009053
       3633.7600       1.2885112
       3635.2300       1.1912458
       3636.7000       1.0899862
       3638.1699       1.0689138
       3639.6399       1.1189075
       3641.1101       1.1110220
       3642.5801       1.0699152
       3644.0500      0.92939764
       3645.5200      0.89681387
       3646.9900       1.0024477
       3648.4600       1.0313389
       3649.9299       1.1135603
       3651.3999       1.0507990
       3652.8701      0.97906280
       3654.3401       1.0534141
       3655.8101      0.95809489
       3657.2800      0.87192130
       3658.7500      0.92449039
       3660.2200      0.99584043
       3661.6899      0.85638493
       3663.1599       1.0361195
       3664.6299      0.93205237
       3666.1001      0.95949763
       3667.5701       1.0316039
       3669.0400      0.84439820
       3670.5100      0.89751619
       3671.9800      0.99452424
       3673.4500      0.86864966
       3674.9199      0.89722556
       3676.3899      0.87666875
       3677.8601      0.83739072
       3679.3301      0.72255486
       3680.8000      0.76881129
       3682.2700      0.89249027
       3683.7400      0.91354090
       3685.2100      0.88475621
       3686.6799      0.90708905
       3688.1499      0.86155820
       3689.6201      0.82975936
       3691.0901      0.78195411
       3692.5601      0.84707123
       3694.0300      0.84194154
       3695.5000      0.76682442
       3696.9700      0.73468298
       3698.4399      0.67466080
       3699.9099      0.81223857
       3701.3799      0.78495139
       3702.8501      0.73938930
       3704.3201      0.71693921
       3705.7900      0.65014547
       3707.2600      0.74635047
       3708.7300      0.73465097
       3710.2000      0.70649457
       3711.6699      0.72743201
       3713.1399      0.73649025
       3714.6101      0.67031384
       3716.0801      0.66067785
       3717.5500      0.76335704
       3719.0200      0.76137406
       3720.4900      0.66504085
       3721.9600      0.72573870
       3723.4299      0.79089534
       3724.8999      0.73550290
       3726.3701      0.73373044
       3727.8401      0.85643655
       3729.3101      0.77863497
       3730.7800      0.84798485
       3732.2500      0.76835978
       3733.7200      0.72334456
       3735.1899      0.72372830
       3736.6599      0.72411191
       3738.1299      0.72817749
       3739.6001      0.73224378
       3741.0701      0.73630935
       3742.5400      0.74037492
       3744.0100      0.74444056
       3745.4800      0.74850678
       3746.9500      0.75257236
       3748.4199      0.75663799
       3749.8899      0.76070356
       3751.3601      0.76476979
       3752.8301      0.76883543
       3754.3000      0.77290100
       3755.7700      0.77696729
       3757.2400      0.78103286
       3758.7100      0.78509843
       3760.1799      0.78916401
       3761.6499      0.79322958
       3763.1201      0.79729587
       3764.5901      0.80136144
       3766.0601      0.80542773
       3767.5300      0.80949330
       3769.0000      0.81355888
       3770.4700      0.81762451
       3771.9399      0.82169008
       3773.4099      0.82575566
       3774.8799      0.77142930
       3776.3501      0.76228398
       3777.8201      0.83806473
       3779.2900      0.81207931
       3780.7600      0.80488664
       3782.2300      0.73104829
       3783.7000      0.77803099
       3785.1699      0.80620825
       3786.6399      0.72040200
       3788.1101      0.78433752
       3789.5801      0.82015765
       3791.0500      0.81521934
       3792.5200      0.89389688
       3793.9900      0.97168374
       3795.4600      0.85942501
       3796.9299      0.86057490
       3798.3999      0.98680866
       3799.8701      0.89105374
       3801.3401      0.89217842
       3802.8101      0.97063804
       3804.2800       1.0196551
       3805.7500       1.0280726
       3807.2200      0.94459260
       3808.6899      0.99870729
       3810.1599      0.99283880
       3811.6299       1.0355759
       3813.1001       1.0488566
       3814.5701       1.0772631
       3816.0400       1.1190177
       3817.5100       1.0859450
       3818.9800       1.0692323
       3820.4500       1.2062689
       3821.9199       1.2806627
       3823.3899       1.2010696
       3824.8601       1.2872593
       3826.3301       1.3203874
       3827.8000       1.3347418
       3829.2700       1.3992931
       3830.7400       1.3315943
       3832.2100       1.3576220
       3833.6799       1.4623049
       3835.1499       1.5874419
       3836.6201       1.5525542
       3838.0901       1.4474633
       3839.5601       1.5400480
       3841.0300       1.5918323
       3842.5000       1.5957528
       3843.9700       1.6593500
       3845.4399       1.6441140
       3846.9099       1.6325914
       3848.3799       1.6002001
       3849.8501       1.5835469
       3851.3201       1.6080723
       3852.7900       1.7222428
       3854.2600       1.7872918
       3855.7300       1.7658340
       3857.2000       1.7334428
       3858.6699       1.7118403
       3860.1399       1.7220937
       3861.6101       1.7342532
       3863.0801       1.9725147
       3864.5500       1.8548592
       3866.0200       1.8862721
       3867.4900       1.8676478
       3868.9600       1.8983305
       3870.4299       1.9021754
       3871.8999       1.9547102
       3873.3701       1.8967680
       3874.8401       2.0042255
       3876.3101       1.9972297
       3877.7800       1.9653280
       3879.2500       1.9774133
       3880.7200       2.0307829
       3882.1899       1.8998010
       3883.6599       1.9018250
       3885.1299       1.9081715
       3886.6001       1.7997493
       3888.0701       1.7508898
       3889.5400       1.8069433
       3891.0100       1.8830023
       3892.4800       1.7804397
       3893.9500       1.7518655
       3895.4199       1.8872908
       3896.8899       1.9665804
       3898.3601       1.8610098
       3899.8301       1.8122348
       3901.3000       1.7804002
       3902.7700       1.8071417
       3904.2400       1.7560097
       3905.7100       1.6535808
       3907.1799       1.7413995
       3908.6499       1.7605097
       3910.1201       1.8262602
       3911.5901       1.7770226
       3913.0601       1.7707204
       3914.5300       1.8595839
       3916.0000       1.8224332
       3917.4700       1.6272086
       3918.9399       1.6682118
       3920.4099       1.8140255
       3921.8799       1.8760097
       3923.3501       1.7546041
       3924.8201       1.7730099
       3926.2900       1.7327744
       3927.7600       1.8291043
       3929.2300       1.7809107
       3930.7000       1.7027855
       3932.1699       1.8167026
       3933.6399       1.7626969
       3935.1101       1.7113414
       3936.5801       1.7543279
       3938.0500       1.8328768
       3939.5200       1.9402711
       3940.9900       1.8575671
       3942.4600       1.8632405
       3943.9299       1.8621465
       3945.3999       1.9061540
       3946.8701       1.8925194
       3948.3401       1.7767876
       3949.8101       1.7998229
       3951.2800       1.9309181
       3952.7500       1.8561624
       3954.2200       1.6468644
       3955.6899       1.6054834
       3957.1599       1.4919270
       3958.6299       1.5896724
       3960.1001       1.7397259
       3961.5701       1.8320845
       3963.0400       1.8184690
       3964.5100       1.7626587
       3965.9800       1.8500885
       3967.4500       1.7618665
       3968.9199       1.7441868
       3970.3899       1.8359339
       3971.8601       1.8142251
       3973.3301       1.8186611
       3974.8000       1.8605198
       3976.2700       1.8702229
       3977.7400       1.8372700
       3979.2100       1.7890769
       3980.6799       1.7738230
       3982.1499       1.8054898
       3983.6201       1.8170805
       3985.0901       1.7366246
       3986.5601       1.7869769
       3988.0300       1.7746707
       3989.5000       1.7002186
       3990.9700       1.6385703
       3992.4399       1.6788328
       3993.9099       1.7288234
       3995.3799       1.6763335
       3996.8501       1.7321045
       3998.3201       1.7378306
       3999.7900       1.7085640
       4001.2600       1.7279595
       4002.7300       1.7464472
       4004.2000       1.7156904
       4005.6699       1.7106827
       4007.1399       1.7165017
       4008.6101       1.6970123
       4010.0801       1.6801668
       4011.5500       1.6842239
       4013.0200       1.7049425
       4014.4900       1.6556014
       4015.9600       1.6451342
       4017.4299       1.6359420
       4018.8999       1.5497162
       4020.3701       1.6333920
       4021.8401       1.6423535
       4023.3101       1.6054546
       4024.7800       1.5906038
       4026.2500       1.5635993
       4027.7200       1.5563660
       4029.1899       1.5266860
       4030.6599       1.5143474
       4032.1299       1.4732373
       4033.6001       1.5095112
       4035.0701       1.5553466
       4036.5400       1.4737133
       4038.0100       1.4864868
       4039.4800       1.4038873
       4040.9500       1.4491900
       4042.4199       1.4616733
       4043.8899       1.5731336
       4045.3601       1.4766251
       4046.8301       1.4384738
       4048.3000       1.4200406
       4049.7700       1.4356588
       4051.2400       1.4458998
       4052.7100       1.4378015
       4054.1799       1.4329817
       4055.6499       1.4338191
       4057.1201       1.3452795
       4058.5901       1.3546987
       4060.0601       1.4073665
       4061.5300       1.4417386
       4063.0000       1.3921181
       4064.4700       1.3569045
       4065.9399       1.4383181
       4067.4099       1.4724214
       4068.8799       1.3224204
       4070.3501       1.3426729
       4071.8201       1.3429955
       4073.2900       1.4539696
       4074.7600       1.4236288
       4076.2300       1.4079348
       4077.7000       1.4508539
       4079.1699       1.4293846
       4080.6399       1.4209810
       4082.1101       1.3970890
       4083.5801       1.4007815
       4085.0500       1.5100528
       4086.5200       1.4754179
       4087.9900       1.4551283
       4089.4600       1.4032319
       4090.9299       1.4194312
       4092.3999       1.3825638
       4093.8701       1.3801006
       4095.3401       1.4141682
       4096.8101       1.3576906
       4098.2798       1.5080516
       4099.7500       1.4034463
       4101.2202       1.3495265
       4102.6899       1.3971833
       4104.1602       1.3215970
       4105.6299       1.3257407
       4107.1001       1.3792458
       4108.5698       1.2764685
       4110.0400       1.2987307
       4111.5098       1.3925407
       4112.9800       1.3978999
       4114.4502       1.3294103
       4115.9199       1.3139840
       4117.3901       1.2507806
       4118.8599       1.2902974
       4120.3301       1.2694838
       4121.7998       1.1623902
       4123.2700       1.2447952
       4124.7402       1.3398068
       4126.2100       1.3371431
       4127.6802       1.3218654
       4129.1499       1.2981870
       4130.6201       1.2889496
       4132.0898       1.2899535
       4133.5601       1.2487541
       4135.0298       1.2765599
       4136.5000       1.2916305
       4137.9702       1.2411802
       4139.4399       1.2581685
       4140.9102       1.2847493
       4142.3799       1.2418123
       4143.8501       1.2671528
       4145.3198       1.3400799
       4146.7900       1.3177722
       4148.2598       1.2517786
       4149.7300       1.2061653
       4151.2002       1.2387029
       4152.6699       1.2269998
       4154.1401       1.2139099
       4155.6099       1.2657706
       4157.0801       1.2518702
       4158.5498       1.2363863
       4160.0200       1.2486699
       4161.4902       1.2009413
       4162.9600       1.2722377
       4164.4302       1.3316215
       4165.8999       1.2836245
       4167.3701       1.2183847
       4168.8398       1.2178806
       4170.3101       1.1892442
       4171.7798       1.2790633
       4173.2500       1.2870748
       4174.7202       1.2042373
       4176.1899       1.2207803
       4177.6602       1.2525401
       4179.1299       1.2264810
       4180.6001       1.1523495
       4182.0698       1.1524600
       4183.5400       1.1983330
       4185.0098       1.1522542
       4186.4800       1.1981387
       4187.9502       1.2823480
       4189.4199       1.2805386
       4190.8901       1.2507714
       4192.3599       1.2517551
       4193.8301       1.2408551
       4195.2998       1.2525913
       4196.7700       1.2623469
       4198.2402       1.2092053
       4199.7100       1.2372358
       4201.1802       1.2316421
       4202.6499       1.2167174
       4204.1201       1.2094854
       4205.5898       1.2412637
       4207.0601       1.2602512
       4208.5298       1.2165040
       4210.0000       1.2238157
       4211.4702       1.2483991
       4212.9399       1.2723453
       4214.4102       1.2656671
       4215.8799       1.2720101
       4217.3501       1.2231834
       4218.8198       1.2465903
       4220.2900       1.2780272
       4221.7598       1.2224287
       4223.2300       1.2270163
       4224.7002       1.2543170
       4226.1699       1.2171735
       4227.6401       1.1777269
       4229.1099       1.2023923
       4230.5801       1.2281365
       4232.0498       1.1487302
       4233.5200       1.1420031
       4234.9902       1.1400330
       4236.4600       1.2004133
       4237.9302       1.2316860
       4239.3999       1.1349189
       4240.8701       1.1630819
       4242.3398       1.2152424
       4243.8101       1.1687353
       4245.2798       1.1590530
       4246.7500       1.1593034
       4248.2202       1.1627116
       4249.6899       1.1083128
       4251.1602       1.1660100
       4252.6299       1.1766535
       4254.1001       1.1148002
       4255.5698       1.1663729
       4257.0400       1.1309063
       4258.5098       1.1036249
       4259.9800       1.0806683
       4261.4502       1.1641488
       4262.9199       1.0958780
       4264.3901       1.0481366
       4265.8599       1.1097999
       4267.3301       1.1013188
       4268.7998       1.1064229
       4270.2700       1.1282178
       4271.7402       1.0987604
       4273.2100       1.1202096
       4274.6802       1.0263317
       4276.1499       1.0481215
       4277.6201       1.1116120
       4279.0898       1.1233015
       4280.5601       1.0619057
       4282.0298       1.0301744
       4283.5000       1.0343202
       4284.9702       1.0803663
       4286.4399       1.0746195
       4287.9102       1.0373635
       4289.3799       1.0547131
       4290.8501       1.0796275
       4292.3198       1.0718637
       4293.7900       1.0544235
       4295.2598       1.1117287
       4296.7300       1.1291842
       4298.2002       1.0454396
       4299.6699       1.0285200
       4301.1401       1.0619507
       4302.6099       1.1026506
       4304.0801       1.1296381
       4305.5498       1.0753853
       4307.0200       1.0324572
       4308.4902       1.0520356
       4309.9600       1.1263789
       4311.4302       1.0936992
       4312.8999       1.0850166
       4314.3701       1.0899223
       4315.8398       1.1041278
       4317.3101       1.1192673
       4318.7798       1.1459614
       4320.2500       1.1767931
       4321.7202       1.1600406
       4323.1899       1.2002149
       4324.6602       1.2260944
       4326.1299       1.2396260
       4327.6001       1.1818268
       4329.0698       1.1442676
       4330.5400       1.1858251
       4332.0098       1.1656396
       4333.4800       1.1550709
       4334.9502       1.1554846
       4336.4199       1.1922804
       4337.8901       1.2113869
       4339.3599       1.1998047
       4340.8301       1.1946425
       4342.2998       1.2036761
       4343.7700       1.2683718
       4345.2402       1.2509860
       4346.7100       1.1667140
       4348.1802       1.1976047
       4349.6499       1.1858773
       4351.1201       1.2346028
       4352.5898       1.2943135
       4354.0601       1.1942524
       4355.5298       1.2450917
       4357.0000       1.2586597
       4358.4702       1.3006234
       4359.9399       1.2115780
       4361.4102       1.2440190
       4362.8799       1.3376751
       4364.3501       1.3865175
       4365.8198       1.4249961
       4367.2900       1.4070426
       4368.7598       1.4128728
       4370.2300       1.3866507
       4371.7002       1.3494241
       4373.1699       1.3434384
       4374.6401       1.3965455
       4376.1099       1.4077814
       4377.5801       1.4190247
       4379.0498       1.4302604
       4380.5200       1.4415001
       4381.9902       1.4527396
       4383.4600       1.4639754
       4384.9302       1.4752150
       4386.3999       1.4864508
       4387.8701       1.4976903
       4389.3398       1.5089262
       4390.8101       1.5201657
       4392.2798       1.5314015
       4393.7500       1.5426412
       4395.2202       1.5538807
       4396.6899       1.5651165
       4398.1602       1.5763597
       4399.6299       1.5875956
       4401.1001       1.5988352
       4402.5698       1.6100709
       4404.0400       1.6213106
       4405.5098       1.6325463
       4406.9800       1.6437860
       4408.4502       1.6550255
       4409.9199       1.6662613
       4411.3901       1.6775008
       4412.8599       1.6887367
       4414.3301       1.7280301
       4415.7998       1.8018599
       4417.2700       1.8837618
       4418.7402       1.8954968
       4420.2100       1.8908594
       4421.6802       1.8511693
       4423.1499       1.8578930
       4424.6201       1.9780860
       4426.0898       1.9609549
       4427.5601       1.9840667
       4429.0298       1.9889241
       4430.5000       1.9425887
       4431.9702       2.0098953
       4433.4399       2.1150870
       4434.9102       2.1961708
       4436.3799       2.1719882
       4437.8501       2.0747030
       4439.3198       2.0910800
       4440.7900       2.0925965
       4442.2598       2.1571345
       4443.7300       2.0290949
       4445.2002       2.0445023
       4446.6699       2.0679514
       4448.1401       2.0657120
       4449.6099       2.0944362
       4451.0801       2.1011496
       4452.5498       2.0916977
       4454.0200       2.0712085
       4455.4902       2.1383402
       4456.9600       2.1134722
       4458.4302       2.0825343
       4459.8999       2.0596864
       4461.3701       2.0701444
       4462.8398       2.0451181
       4464.3101       1.9701498
       4465.7798       2.0458441
       4467.2500       2.0435574
       4468.7202       1.9843841
       4470.1899       2.0721517
       4471.6602       2.1287825
       4473.1299       2.1687727
       4474.6001       2.0886610
       4476.0698       2.1054931
       4477.5400       2.1382945
       4479.0098       2.1335835
       4480.4800       2.0884020
       4481.9502       2.1470647
       4483.4199       2.1449852
       4484.8901       2.1825137
       4486.3599       2.1743393
       4487.8301       2.0506787
       4489.2998       2.0826726
       4490.7700       2.1479936
       4492.2402       2.0899432
       4493.7100       2.0772383
       4495.1802       2.0229354
       4496.6499       2.1219907
       4498.1201       2.0774527
       4499.5898       2.0592289
       4501.0601       2.0851216
       4502.5298       2.0485554
       4504.0000       2.0021539
       4505.4702       2.0648184
       4506.9399       2.1330853
       4508.4102       2.0411792
       4509.8799       2.1089029
       4511.3501       2.1175232
       4512.8198       2.0782356
       4514.2900       2.0562427
       4515.7598       2.0450354
       4517.2300       1.9970896
       4518.7002       2.0395901
       4520.1699       1.9645184
       4521.6401       2.0385299
       4523.1099       1.9850358
       4524.5801       1.9968792
       4526.0498       1.9248011
       4527.5200       1.9466884
       4528.9902       1.8750808
       4530.4600       1.9463327
       4531.9302       1.9551101
       4533.3999       1.9099301
       4534.8701       1.9417542
       4536.3398       1.8896629
       4537.8101       1.9027346
       4539.2798       1.9058918
       4540.7500       1.8403710
       4542.2202       1.8310431
       4543.6899       1.8862686
       4545.1602       1.8532534
       4546.6299       1.7718915
       4548.1001       1.8324521
       4549.5698       1.8843099
       4551.0400       1.8480037
       4552.5098       1.8193202
       4553.9800       1.8562031
       4555.4502       1.8551645
       4556.9199       1.8068993
       4558.3901       1.7965040
       4559.8599       1.7389561
       4561.3301       1.7657461
       4562.7998       1.8793991
       4564.2700       1.8759264
       4565.7402       1.8541149
       4567.2100       1.8252583
       4568.6802       1.7462424
       4570.1499       1.7323892
       4571.6201       1.7990793
       4573.0898       1.7584572
       4574.5601       1.7734904
       4576.0298       1.7823629
       4577.5000       1.7696598
       4578.9702       1.8215405
       4580.4399       1.8051491
       4581.9102       1.8019140
       4583.3799       1.8204250
       4584.8501       1.7530919
       4586.3198       1.8554928
       4587.7900       1.7626011
       4589.2598       1.7792494
       4590.7300       1.7471279
       4592.2002       1.7680886
       4593.6699       1.8357568
       4595.1401       1.9053866
       4596.6099       1.8304347
       4598.0801       1.7321312
       4599.5498       1.8054733
       4601.0200       1.8108903
       4602.4902       1.7599703
       4603.9600       1.7608317
       4605.4302       1.7816772
       4606.8999       1.7605090
       4608.3701       1.7362477
       4609.8398       1.7669388
       4611.3101       1.7574565
       4612.7798       1.7064655
       4614.2500       1.7501587
       4615.7202       1.7530771
       4617.1899       1.7192160
       4618.6602       1.7523061
       4620.1299       1.7779564
       4621.6001       1.7603184
       4623.0698       1.7079755
       4624.5400       1.7421105
       4626.0098       1.7686746
       4627.4800       1.6785055
       4628.9502       1.7309592
       4630.4199       1.7916079
       4631.8901       1.7528437
       4633.3599       1.7256507
       4634.8301       1.7496961
       4636.2998       1.6917739
       4637.7700       1.6979039
       4639.2402       1.7289863
       4640.7100       1.7494833
       4642.1802       1.7435299
       4643.6499       1.7501110
       4645.1201       1.7743337
       4646.5898       1.7437873
       4648.0601       1.7755902
       4649.5298       1.8345358
       4651.0000       1.8092866
       4652.4702       1.7624377
       4653.9399       1.7240828
       4655.4102       1.7702897
       4656.8799       1.7828953
       4658.3501       1.7722869
       4659.8198       1.7791932
       4661.2900       1.7733587
       4662.7598       1.7808204
       4664.2300       1.7833445
       4665.7002       1.7264516
       4667.1699       1.8188604
       4668.6401       1.8049598
       4670.1099       1.6857859
       4671.5801       1.7079134
       4673.0498       1.7327098
       4674.5200       1.7157813
       4675.9902       1.7445046
       4677.4600       1.7526281
       4678.9302       1.7209387
       4680.3999       1.6845422
       4681.8701       1.6464210
       4683.3398       1.6721185
       4684.8101       1.6788965
       4686.2798       1.6608447
       4687.7500       1.6253765
       4689.2202       1.5480932
       4690.6899       1.6328976
       4692.1602       1.5406495
       4693.6299       1.4873525
       4695.1001       1.5016600
       4696.5698       1.4109637
       4698.0400       1.3672144
       4699.5098       1.4222790
       4700.9800       1.4619203
       4702.4502       1.3954595
       4703.9199       1.3705554
       4705.3901       1.3749664
       4706.8599       1.4113094
       4708.3301       1.3927636
       4709.7998       1.3624896
       4711.2700       1.3725280
       4712.7402       1.3531876
       4714.2100       1.3355489
       4715.6802       1.3613840
       4717.1499       1.3907411
       4718.6201       1.3928007
       4720.0898       1.3974565
       4721.5601       1.3936466
       4723.0298       1.3950183
       4724.5000       1.3503946
       4725.9702       1.3962723
       4727.4399       1.4666939
       4728.9102       1.4247007
       4730.3799       1.4202931
       4731.8501       1.4324032
       4733.3198       1.4907572
       4734.7900       1.5048681
       4736.2598       1.4210714
       4737.7300       1.4231694
       4739.2002       1.4810965
       4740.6699       1.4565767
       4742.1401       1.4258554
       4743.6099       1.4691398
       4745.0801       1.4576852
       4746.5498       1.4024547
       4748.0200       1.4182810
       4749.4902       1.4703782
       4750.9600       1.5002301
       4752.4302       1.4835877
       4753.8999       1.4902500
       4755.3701       1.5169457
       4756.8398       1.5296215
       4758.3101       1.5246559
       4759.7798       1.5232188
       4761.2500       1.5509366
       4762.7202       1.5671612
       4764.1899       1.5485665
       4765.6602       1.5562210
       4767.1299       1.5680087
       4768.6001       1.5546578
       4770.0698       1.5957226
       4771.5400       1.5983459
       4773.0098       1.5580691
       4774.4800       1.6546317
       4775.9502       1.6844966
       4777.4199       1.6366657
       4778.8901       1.6629927
       4780.3599       1.6177291
       4781.8301       1.6152788
       4783.2998       1.6410809
       4784.7700       1.6518689
       4786.2402       1.7130733
       4787.7100       1.6843038
       4789.1802       1.5532837
       4790.6499       1.5317458
       4792.1201       1.6081934
       4793.5898       1.5935669
       4795.0601       1.5449057
       4796.5298       1.5485904
       4798.0000       1.5739745
       4799.4702       1.5850954
       4800.9399       1.5443562
       4802.4102       1.5183215
       4803.8799       1.5036808
       4805.3501       1.5220301
       4806.8198       1.5298212
       4808.2900       1.5268385
       4809.7598       1.5507686
       4811.2300       1.5559819
       4812.7002       1.5562537
       4814.1699       1.5651820
       4815.6401       1.5647037
       4817.1099       1.5234518
       4818.5801       1.4665542
       4820.0498       1.5012218
       4821.5200       1.5357314
       4822.9902       1.4604506
       4824.4600       1.4540682
       4825.9302       1.4474447
       4827.3999       1.4408211
       4828.8701       1.4341975
       4830.3398       1.4275742
       4831.8101       1.4209505
       4833.2798       1.4209505
       4834.7500       1.4202096
       4836.2202       1.3973883
       4837.6899       1.3882676
       4839.1602       1.3901072
       4840.6299       1.4065844
       4842.1001       1.3977009
       4843.5698       1.3390398
       4845.0400       1.2848310
       4846.5098       1.3142222
       4847.9800       1.3323011
       4849.4502       1.2596973
       4850.9199       1.2218500
       4852.3901       1.2245021
       4853.8599       1.2195582
       4855.3301       1.2626660
       4856.7998       1.2856276
       4858.2700       1.2891711
       4859.7402       1.2784315
       4861.2100       1.2937080
       4862.6802       1.3102081
       4864.1499       1.2762423
       4865.6201       1.2775511
       4867.0898       1.2891954
       4868.5601       1.2681290
       4870.0298       1.2818816
       4871.5000       1.2851424
       4872.9702       1.3205948
       4874.4399       1.3190416
       4875.9102       1.3017039
       4877.3799       1.3023033
       4878.8501       1.3029029
       4880.3198       1.3035023
       4881.7900       1.3041019
       4883.2598       1.3047014
       4884.7300       1.3053011
       4886.2002       1.3059007
       4887.6699       1.3065001
       4889.1401       1.3070996
       4890.6099       1.3076991
       4892.0801       1.3082986
       4893.5498       1.3088980
       4895.0200       1.3094976
       4896.4902       1.3100972
       4897.9600       1.3106966
       4899.4302       1.3112961
       4900.8999       1.3118956
       4902.3701       1.3124951
       4903.8398       1.3130947
       4905.3101       1.3136944
       4906.7798       1.3142937
       4908.2500       1.3148932
       4909.7202       1.3154929
       4911.1899       1.3160923
       4912.6602       1.3166919
       4914.1299       1.3172913
       4915.6001       1.3767277
       4917.0698       1.3693924
       4918.5400       1.3957499
       4920.0098       1.4295452
       4921.4800       1.4243988
       4922.9502       1.4116657
       4924.4199       1.4015886
       4925.8901       1.4210453
       4927.3599       1.4308190
       4928.8301       1.3816876
       4930.2998       1.4147493
       4931.7700       1.4717941
       4933.2402       1.4194483
       4934.7100       1.4100842
       4936.1802       1.4490160
       4937.6499       1.4803728
       4939.1201       1.4494761
       4940.5898       1.4097912
       4942.0601       1.4433875
       4943.5298       1.4699823
       4945.0000       1.4819012
       4946.4702       1.4738556
       4947.9399       1.4636704
       4949.4102       1.4284570
       4950.8799       1.4954693
       4952.3501       1.5671587
       4953.8198       1.4918306
       4955.2900       1.4949875
       4956.7598       1.5366440
       4958.2300       1.5098637
       4959.7002       1.5313993
       4961.1699       1.5487555
       4962.6401       1.4982976
       4964.1099       1.5134715
       4965.5801       1.4943106
       4967.0498       1.5049897
       4968.5200       1.5435742
       4969.9902       1.5714976
       4971.4600       1.5345690
       4972.9302       1.5570732
       4974.3999       1.5517896
       4975.8701       1.5518734
       4977.3398       1.5519571
       4978.8101       1.5520409
       4980.2798       1.5521247
       4981.7500       1.5522084
       4983.2202       1.5522922
       4984.6899       1.5523760
       4986.1602       1.5524598
       4987.6299       1.5525435
       4989.1001       1.5526273
       4990.5698       1.5527111
       4992.0400       1.5527948
       4993.5098       1.5528786
       4994.9800       1.5529624
       4996.4502       1.5530461
       4997.9199       1.5531299
       4999.3901       1.5532137
       5000.8599       1.5532974
       5002.3301       1.5533812
       5003.7998       1.5534650
       5005.2700       1.5535488
       5006.7402       1.5536325
       5008.2100       1.5537163
       5009.6802       1.5538001
       5011.1499       1.5538838
       5012.6201       1.5539676
       5014.0898       1.5704948
       5015.5601       1.5748421
       5017.0298       1.5697529
       5018.5000       1.5615371
       5019.9702       1.5776625
       5021.4399       1.6290857
       5022.9102       1.5918647
       5024.3799       1.5995319
       5025.8501       1.6071990
       5027.3198       1.6148635
       5028.7900       1.6225307
       5030.2598       1.6301953
       5031.7300       1.6378623
       5033.2002       1.6455295
       5034.6699       1.6531941
       5036.1401       1.6608611
       5037.6099       1.6685257
       5039.0801       1.6761929
       5040.5498       1.6838574
       5042.0200       1.6915245
       5043.4902       1.6991917
       5044.9600       1.7068589
       5046.4302       1.7145259
       5047.8999       1.7221905
       5049.3701       1.7298577
       5050.8398       1.7375222
       5052.3101       1.7451893
       5053.7798       1.7528539
       5055.2500       1.7605211
       5056.7202       1.7681882
       5058.1899       1.7758527
       5059.6602       1.7835199
       5061.1299       1.7911844
       5062.6001       1.8526527
       5064.0698       1.8820318
       5065.5400       1.8777134
       5067.0098       1.8882487
       5068.4800       1.9258862
       5069.9502       1.8958167
       5071.4199       1.8560761
       5072.8901       1.8159292
       5074.3599       1.8629652
       5075.8301       1.9219720
       5077.2998       1.9099923
       5078.7700       1.8766997
       5080.2402       1.8830492
       5081.7100       1.8980153
       5083.1802       1.9158866
       5084.6499       1.9648138
       5086.1201       2.0096741
       5087.5898       2.0291438
       5089.0601       1.9835142
       5090.5298       1.9911597
       5092.0000       2.0321100
       5093.4702       2.0816550
       5094.9399       2.0728109
       5096.4102       2.0923452
       5097.8799       2.1205988
       5099.3501       2.0881922
       5100.8198       2.0456307
       5102.2900       2.1289253
       5103.7598       2.1444383
       5105.2300       2.1645737
       5106.7002       2.1019561
       5108.1699       2.1738796
       5109.6401       2.1725111
       5111.1099       2.1434748
       5112.5801       2.1758499
       5114.0498       2.2034950
       5115.5200       2.2270565
       5116.9902       2.2424259
       5118.4600       2.2318208
       5119.9302       2.2715170
       5121.3999       2.3366277
       5122.8701       2.2421403
       5124.3398       2.2718098
       5125.8101       2.2613280
       5127.2798       2.2212310
       5128.7500       2.2244744
       5130.2202       2.2236869
       5131.6899       2.3284242
       5133.1602       2.2697771
       5134.6299       2.2555740
       5136.1001       2.2168956
       5137.5698       2.2901967
       5139.0400       2.2899666
       5140.5098       2.3156326
       5141.9800       2.2462647
       5143.4502       2.2574170
       5144.9199       2.3181632
       5146.3901       2.2927506
       5147.8599       2.3557575
       5149.3301       2.3313315
       5150.7998       2.2589052
       5152.2700       2.2958760
       5153.7402       2.3521941
       5155.2100       2.3431871
       5156.6802       2.2670116
       5158.1499       2.2284546
       5159.6201       2.2465489
       5161.0898       2.2819610
       5162.5601       2.2503545
       5164.0298       2.2759793
       5165.5000       2.2802668
       5166.9702       2.2297657
       5168.4399       2.1713355
       5169.9102       2.2394900
       5171.3799       2.2230134
       5172.8501       2.1965549
       5174.3198       2.2883539
       5175.7900       2.2644768
       5177.2598       2.1983457
       5178.7300       2.2218297
       5180.2002       2.2805698
       5181.6699       2.2913215
       5183.1401       2.3441777
       5184.6099       2.3160539
       5186.0801       2.3327506
       5187.5498       2.2847862
       5189.0200       2.3145282
       5190.4902       2.2980332
       5191.9600       2.2443483
       5193.4302       2.3153102
       5194.8999       2.3486018
       5196.3701       2.3601704
       5197.8398       2.4186995
       5199.3101       2.3330913
       5200.7798       2.3164251
       5202.2500       2.3661902
       5203.7202       2.3915551
       5205.1899       2.3164580
       5206.6602       2.3408921
       5208.1299       2.4197998
       5209.6001       2.4089575
       5211.0698       2.4026158
       5212.5400       2.4299192
       5214.0098       2.5073240
       5215.4800       2.4753075
       5216.9502       2.4516222
       5218.4199       2.4508598
       5219.8901       2.4808674
       5221.3599       2.5404751
       5222.8301       2.4729280
       5224.2998       2.4151483
       5225.7700       2.5170252
       5227.2402       2.5123518
       5228.7100       2.5370319
       5230.1802       2.5719852
       5231.6499       2.5017397
       5233.1201       2.4493794
       5234.5898       2.4639030
       5236.0601       2.4398260
       5237.5298       2.5099146
       5239.0000       2.5137274
       5240.4702       2.5017476
       5241.9399       2.5135815
       5243.4102       2.5116422
       5244.8799       2.5397789
       5246.3501       2.5778356
       5247.8198       2.5645106
       5249.2900       2.5261869
       5250.7598       2.5428555
       5252.2300       2.5526392
       5253.7002       2.5683982
       5255.1699       2.5781817
       5256.6401       2.5412371
       5258.1099       2.5267527
       5259.5801       2.5562129
       5261.0498       2.5479376
       5262.5200       2.5658486
       5263.9902       2.6128778
       5265.4600       2.6015983
       5266.9302       2.6137521
       5268.3999       2.6068757
       5269.8701       2.6353428
       5271.3398       2.5923126
       5272.8101       2.5655160
       5274.2798       2.6118948
       5275.7500       2.6048653
       5277.2202       2.4742055
       5278.6899       2.5364039
       5280.1602       2.5645335
       5281.6299       2.6716702
       5283.1001       2.5871382
       5284.5698       2.5307376
       5286.0400       2.5630128
       5287.5098       2.5227363
       5288.9800       2.5816102
       5290.4502       2.5218124
       5291.9199       2.4696128
       5293.3901       2.5153649
       5294.8599       2.5115356
       5296.3301       2.4269516
       5297.7998       2.4566216
       5299.2700       2.5142324
       5300.7402       2.5549881
       5302.2100       2.4871614
       5303.6802       2.4276164
       5305.1499       2.4614148
       5306.6201       2.5264823
       5308.0898       2.5290346
       5309.5601       2.4941571
       5311.0298       2.4576814
       5312.5000       2.4648662
       5313.9702       2.4670365
       5315.4399       2.4668798
       5316.9102       2.5155532
       5318.3799       2.5234172
       5319.8501       2.5571990
       5321.3198       2.5136623
       5322.7900       2.5155883
       5324.2598       2.5229099
       5325.7300       2.4769921
       5327.2002       2.5715437
       5328.6699       2.5196989
       5330.1401       2.4883332
       5331.6099       2.4826720
       5333.0801       2.5046282
       5334.5498       2.5290208
       5336.0200       2.5629802
       5337.4902       2.4941735
       5338.9600       2.4920568
       5340.4302       2.4519377
       5341.8999       2.5024908
       5343.3701       2.5670371
       5344.8398       2.5772767
       5346.3101       2.5525782
       5347.7798       2.5263088
       5349.2500       2.5010588
       5350.7202       2.4614897
       5352.1899       2.4859791
       5353.6602       2.5124309
       5355.1299       2.4994299
       5356.6001       2.5351853
       5358.0698       2.5365396
       5359.5400       2.4953439
       5361.0098       2.4791188
       5362.4800       2.5020285
       5363.9502       2.5582876
       5365.4199       2.5374789
       5366.8901       2.4693782
       5368.3599       2.4529986
       5369.8301       2.5220671
       5371.2998       2.5357325
       5372.7700       2.5309730
       5374.2402       2.5478251
       5375.7100       2.5120673
       5377.1802       2.4742451
       5378.6499       2.4747388
       5380.1201       2.5129309
       5381.5898       2.4837384
       5383.0601       2.4742005
       5384.5298       2.4735074
       5386.0000       2.4367657
       5387.4702       2.4870126
       5388.9399       2.5139360
       5390.4102       2.4975259
       5391.8799       2.4950867
       5393.3501       2.4676056
       5394.8198       2.4611638
       5396.2900       2.4947178
       5397.7598       2.4874289
       5399.2300       2.4480231
       5400.7002       2.4502406
       5402.1699       2.4649303
       5403.6401       2.4649110
       5405.1099       2.4171650
       5406.5801       2.3826196
       5408.0498       2.3912361
       5409.5200       2.4105315
       5410.9902       2.4078851
       5412.4600       2.3787513
       5413.9302       2.3731081
       5415.3999       2.3372214
       5416.8701       2.3536782
       5418.3398       2.4085004
       5419.8101       2.4056973
       5421.2798       2.4018061
       5422.7500       2.3854604
       5424.2202       2.4193172
       5425.6899       2.4261744
       5427.1602       2.3561161
       5428.6299       2.3264952
       5430.1001       2.3360469
       5431.5698       2.3057489
       5433.0400       2.2689149
       5434.5098       2.2599831
       5435.9800       2.2988045
       5437.4502       2.2843258
       5438.9199       2.3314595
       5440.3901       2.2906339
       5441.8599       2.2869990
       5443.3301       2.2467787
       5444.7998       2.2836010
       5446.2700       2.2882707
       5447.7402       2.2265048
       5449.2100       2.2271991
       5450.6802       2.2303994
       5452.1499       2.1771302
       5453.6201       2.1762736
       5455.0898       2.1739967
       5456.5601       2.1175528
       5458.0298       2.1463797
       5459.5000       2.0884986
       5460.9702       2.0480614
       5462.4399       2.0837252
       5463.9102       2.0714266
       5465.3799       2.0288527
       5466.8501       1.9658160
       5468.3198       1.9424242
       5469.7900       1.9248166
       5471.2598       1.8902397
       5472.7300       1.8610609
       5474.2002       1.8363023
       5475.6699       1.8143903
       5477.1401       1.7746722
       5478.6099       1.7658173
       5480.0801       1.8427062
       5481.5498       1.8569456
       5483.0200       1.8879728
       5484.4902       1.8302441
       5485.9600       1.7824482
       5487.4302       1.7656420
       5488.8999       1.8035395
       5490.3701       1.7705990
       5491.8398       1.7596823
       5493.3101       1.7643796
       5494.7798       1.8357935
       5496.2500       1.8136910
       5497.7202       1.8679411
       5499.1899       1.8605617
       5500.6602       1.8266463
       5502.1299       1.8618634
       5503.6001       1.8175149
       5505.0698       1.8560513
       5506.5400       1.7871073
       5508.0098       1.7972034
       5509.4800       1.7697897
       5510.9502       1.8005879
       5512.4199       1.7962161
       5513.8901       1.8011886
       5515.3599       1.8017930
       5516.8301       1.7885282
       5518.2998       1.8313640
       5519.7700       1.8783036
       5521.2402       1.8226670
       5522.7100       1.8403155
       5524.1802       1.8112558
       5525.6499       1.8519247
       5527.1201       1.7853385
       5528.5898       1.8543838
       5530.0601       1.8425419
       5531.5298       1.7495784
       5533.0000       1.7817485
       5534.4702       1.8244976
       5535.9399       1.8564899
       5537.4102       1.8407134
       5538.8799       1.7563777
       5540.3501       1.7455819
       5541.8198       1.7332771
       5543.2900       1.7836533
       5544.7598       1.7795388
       5546.2300       1.7193165
       5547.7002       1.7514346
       5549.1699       1.7351719
       5550.6401       1.6871922
       5552.1099       1.7252820
       5553.5801       1.7172048
       5555.0498       1.7013553
       5556.5200       1.7420014
       5557.9902       1.7290664
       5559.4600       1.6688998
       5560.9302       1.6656456
       5562.3999       1.7108861
       5563.8701       1.7471302
       5565.3398       1.7153071
       5566.8101       1.6952916
       5568.2798       1.7099189
       5569.7500       1.6927711
       5571.2202       1.6984738
       5572.6899       1.6913080
       5574.1602       1.7077233
       5575.6299       1.6873864
       5577.1001       1.6751685
       5578.5698       1.6903392
       5580.0400       1.6827898
       5581.5098       1.6223782
       5582.9800       1.6676036
       5584.4502       1.7065667
       5585.9199       1.6906976
       5587.3901       1.7157502
       5588.8599       1.6577089
       5590.3301       1.6543065
       5591.7998       1.6840056
       5593.2700       1.7311569
       5594.7402       1.7289064
       5596.2100       1.6932558
       5597.6802       1.6776272
       5599.1499       1.6759707
       5600.6201       1.7240279
       5602.0898       1.7303389
       5603.5601       1.7085119
       5605.0298       1.6849084
       5606.5000       1.6657207
       5607.9702       1.7062668
       5609.4399       1.7365863
       5610.9102       1.7014757
       5612.3799       1.7426169
       5613.8501       1.7255156
       5615.3198       1.7206895
       5616.7900       1.7651043
       5618.2598       1.7339456
       5619.7300       1.7560127
       5621.2002       1.7828338
       5622.6699       1.7743695
       5624.1401       1.7142090
       5625.6099       1.6800693
       5627.0801       1.7435739
       5628.5498       1.7543330
       5630.0200       1.7399298
       5631.4902       1.7447212
       5632.9600       1.7172275
       5634.4302       1.6955994
       5635.8999       1.6975187
       5637.3701       1.7107552
       5638.8398       1.6861061
       5640.3101       1.6870565
       5641.7798       1.6876762
       5643.2500       1.6773150
       5644.7202       1.6985012
       5646.1899       1.6872869
       5647.6602       1.6728272
       5649.1299       1.6792810
       5650.6001       1.6965618
       5652.0698       1.7165329
       5653.5400       1.7008411
       5655.0098       1.6838415
       5656.4800       1.6750206
       5657.9502       1.6905127
       5659.4199       1.7196766
       5660.8901       1.7007324
       5662.3599       1.7135135
       5663.8301       1.7052069
       5665.2998       1.7119178
       5666.7700       1.7543095
       5668.2402       1.7612886
       5669.7100       1.7589835
       5671.1802       1.7613057
       5672.6499       1.7163386
       5674.1201       1.7616444
       5675.5898       1.7947961
       5677.0601       1.7727623
       5678.5298       1.7761489
       5680.0000       1.7888902
       5681.4702       1.7920117
       5682.9399       1.8288473
       5684.4102       1.8382260
       5685.8799       1.8058567
       5687.3501       1.8467445
       5688.8198       1.8545388
       5690.2900       1.8318719
       5691.7598       1.8194417
       5693.2300       1.7826712
       5694.7002       1.8507674
       5696.1699       1.9040613
       5697.6401       1.8656899
       5699.1099       1.8369969
       5700.5801       1.8287686
       5702.0498       1.8272066
       5703.5200       1.8372641
       5704.9902       1.8401344
       5706.4600       1.8571628
       5707.9302       1.9023765
       5709.3999       1.8877728
       5710.8701       1.9156312
       5712.3398       1.9526589
       5713.8101       1.9319452
       5715.2798       1.9254125
       5716.7500       1.8623426
       5718.2202       1.9005519
       5719.6899       1.9542539
       5721.1602       1.9294009
       5722.6299       1.9482664
       5724.1001       1.9731576
       5725.5698       1.9686806
       5727.0400       1.9917104
       5728.5098       2.0001967
       5729.9800       1.9711709
       5731.4502       2.0231478
       5732.9199       2.0082848
       5734.3901       1.9980829
       5735.8599       2.0228784
       5737.3301       2.0519545
       5738.7998       2.0048118
       5740.2700       2.0981290
       5741.7402       2.0437143
       5743.2100       1.9929281
       5744.6802       2.0364656
       5746.1499       2.0341604
       5747.6201       2.0701096
       5749.0898       2.1270542
       5750.5601       2.1211631
       5752.0298       2.1156871
       5753.5000       2.0998921
       5754.9702       2.1342175
       5756.4399       2.0506606
       5757.9102       2.0515442
       5759.3799       2.0852907
       5760.8501       2.1199949
       5762.3198       2.1450918
       5763.7900       2.0761523
       5765.2598       2.0753949
       5766.7300       2.0832515
       5768.2002       2.1296339
       5769.6699       2.1220541
       5771.1401       2.1016221
       5772.6099       2.1309304
       5774.0801       2.1086106
       5775.5498       2.1520131
       5777.0200       2.1736355
       5778.4902       2.0834837
       5779.9600       2.0943596
       5781.4302       2.1575341
       5782.8999       2.1159332
       5784.3701       2.1661901
       5785.8398       2.2013254
       5787.3101       2.1738148
       5788.7798       2.2064414
       5790.2500       2.1328640
       5791.7202       2.1294911
       5793.1899       2.2050970
       5794.6602       2.1853607
       5796.1299       2.1863000
       5797.6001       2.1415842
       5799.0698       2.1135857
       5800.5400       2.1435006
       5802.0098       2.1699312
       5803.4800       2.1671517
       5804.9502       2.0937910
       5806.4199       2.1695392
       5807.8901       2.1230726
       5809.3599       2.1416626
       5810.8301       2.1405129
       5812.2998       2.1464307
       5813.7700       2.1422088
       5815.2402       2.1051905
       5816.7100       2.1012874
       5818.1802       2.1043940
       5819.6499       2.1507432
       5821.1201       2.1102686
       5822.5898       2.1302278
       5824.0601       2.1144400
       5825.5298       2.1314986
       5827.0000       2.1182816
       5828.4702       2.1106102
       5829.9399       2.1446357
       5831.4102       2.1158996
       5832.8799       2.0980136
       5834.3501       2.1000438
       5835.8198       2.0659893
       5837.2900       2.0534728
       5838.7598       2.0466692
       5840.2300       2.0570927
       5841.7002       2.1294861
       5843.1699       2.1288674
       5844.6401       2.0802152
       5846.1099       2.0535655
       5847.5801       2.0417168
       5849.0498       2.0497785
       5850.5200       2.0490515
       5851.9902       2.0738828
       5853.4600       2.0762784
       5854.9302       2.0689480
       5856.3999       2.0742846
       5857.8701       2.0513744
       5859.3398       1.9979517
       5860.8101       2.0056150
       5862.2798       2.0069053
       5863.7500       1.9446081
       5865.2202       2.0033841
       5866.6899       2.0176418
       5868.1602       1.9643074
       5869.6299       1.9896426
       5871.1001       1.9850059
       5872.5698       1.9378589
       5874.0400       1.9382355
       5875.5098       1.9455649
       5876.9800       1.9197544
       5878.4502       1.9458566
       5879.9199       1.9253091
       5881.3901       1.9108531
       5882.8599       1.9539436
       5884.3301       1.9538633
       5885.7998       1.9032673
       5887.2700       1.8574829
       5888.7402       1.8680243
       5890.2100       1.8977938
       5891.6802       1.9057378
       5893.1499       1.8575991
       5894.6201       1.8902607
       5896.0898       1.8878700
       5897.5601       1.8685114
       5899.0298       1.9121281
       5900.5000       1.9002987
       5901.9702       1.9461131
       5903.4399       1.9557451
       5904.9102       1.9220756
       5906.3799       1.9683650
       5907.8501       1.9520940
       5909.3198       1.9782625
       5910.7900       1.9354562
       5912.2598       1.9509265
       5913.7300       1.9850545
       5915.2002       1.9815565
       5916.6699       1.9245787
       5918.1401       1.9700179
       5919.6099       1.9454618
       5921.0801       1.9557163
       5922.5498       1.9591396
       5924.0200       1.8908154
       5925.4902       1.8290472
       5926.9600       1.8516440
       5928.4302       1.8537352
       5929.8999       1.8609004
       5931.3701       1.9170761
       5932.8398       1.9398721
       5934.3101       1.9061656
       5935.7798       1.9707202
       5937.2500       1.9835379
       5938.7202       2.0243092
       5940.1899       1.9612057
       5941.6602       1.9397613
       5943.1299       1.9258481
       5944.6001       1.9161545
       5946.0698       1.8812772
       5947.5400       1.9304677
       5949.0098       1.8964946
       5950.4800       1.9032624
       5951.9502       1.8935966
       5953.4199       1.8819829
       5954.8901       1.8719099
       5956.3599       1.8574986
       5957.8301       1.8439043
       5959.2998       1.8166010
       5960.7700       1.8010788
       5962.2402       1.7821857
       5963.7100       1.7280838
       5965.1802       1.7116859
       5966.6499       1.7226565
       5968.1201       1.7209045
       5969.5898       1.7215931
       5971.0601       1.7327980
       5972.5298       1.6726191
       5974.0000       1.6300371
       5975.4702       1.6151952
       5976.9399       1.6153764
       5978.4102       1.5555006
       5979.8799       1.5134836
       5981.3501       1.5453658
       5982.8198       1.5113437
       5984.2900       1.4815958
       5985.7598       1.5466520
       5987.2300       1.5365815
       5988.7002       1.4695944
       5990.1699       1.5126238
       5991.6401       1.5378499
       5993.1099       1.4908575
       5994.5801       1.4712943
       5996.0498       1.4790815
       5997.5200       1.4404174
       5998.9902       1.3836322
       6000.4600       1.3981768
       6001.9302       1.3910067
       6003.3999       1.3991318
       6004.8701       1.4346147
       6006.3398       1.4082482
       6007.8101       1.3767108
       6009.2798       1.3721731
       6010.7500       1.3875519
       6012.2202       1.3847733
       6013.6899       1.3404446
       6015.1602       1.3425109
       6016.6299       1.3540567
       6018.1001       1.3427954
       6019.5698       1.3435975
       6021.0400       1.3977063
       6022.5098       1.3552734
       6023.9800       1.2880554
       6025.4502       1.2648091
       6026.9199       1.2433039
       6028.3901       1.3044918
       6029.8599       1.3303196
       6031.3301       1.3141406
       6032.7998       1.3001546
       6034.2700       1.2964659
       6035.7402       1.2938632
       6037.2100       1.2834812
       6038.6802       1.2940954
       6040.1499       1.2834387
       6041.6201       1.2653574
       6043.0898       1.2800403
       6044.5601       1.2537364
       6046.0298       1.2564704
       6047.5000       1.2190720
       6048.9702       1.2439575
       6050.4399       1.2932036
       6051.9102       1.2788113
       6053.3799       1.2282021
       6054.8501       1.2429582
       6056.3198       1.2696170
       6057.7900       1.2697959
       6059.2598       1.2351260
       6060.7300       1.2648308
       6062.2002       1.2643117
       6063.6699       1.2151906
       6065.1401       1.1958495
       6066.6099       1.2149917
       6068.0801       1.2206916
       6069.5498       1.1835583
       6071.0200       1.1944786
       6072.4902       1.1924365
       6073.9600       1.1891059
       6075.4302       1.1682971
       6076.8999       1.1591822
       6078.3701       1.1807712
       6079.8398       1.1944883
       6081.3101       1.1881810
       6082.7798       1.1643896
       6084.2500       1.2016996
       6085.7202       1.2032276
       6087.1899       1.1981120
       6088.6602       1.1821656
       6090.1299       1.1694248
       6091.6001       1.2069625
       6093.0698       1.1840141
       6094.5400       1.1798040
       6096.0098       1.2333044
       6097.4800       1.2608310
       6098.9502       1.2133979
       6100.4199       1.2075251
       6101.8901       1.2134433
       6103.3599       1.2078930
       6104.8301       1.2518735
       6106.2998       1.2311975
       6107.7700       1.2538140
       6109.2402       1.2695709
       6110.7100       1.2120489
       6112.1802       1.2550174
       6113.6499       1.2708451
       6115.1201       1.2962497
       6116.5898       1.2896572
       6118.0601       1.2839797
       6119.5298       1.2595433
       6121.0000       1.2908089
       6122.4702       1.3216814
       6123.9399       1.3308923
       6125.4102       1.3210384
       6126.8799       1.3253417
       6128.3501       1.3506609
       6129.8198       1.3139583
       6131.2900       1.3058522
       6132.7598       1.3543310
       6134.2300       1.3913064
       6135.7002       1.3754706
       6137.1699       1.3678677
       6138.6401       1.3255450
       6140.1099       1.3418710
       6141.5801       1.4467529
       6143.0498       1.3927377
       6144.5200       1.4026269
       6145.9902       1.3775362
       6147.4600       1.3881069
       6148.9302       1.3492372
       6150.3999       1.4039562
       6151.8701       1.3999974
       6153.3398       1.4065648
       6154.8101       1.4399774
       6156.2798       1.4200549
       6157.7500       1.3851486
       6159.2202       1.3966497
       6160.6899       1.4520534
       6162.1602       1.4697012
       6163.6299       1.4353167
       6165.1001       1.4785289
       6166.5698       1.4771407
       6168.0400       1.4657453
       6169.5098       1.4495546
       6170.9800       1.4782743
       6172.4502       1.5322169
       6173.9199       1.5406874
       6175.3901       1.4907531
       6176.8599       1.5245394
       6178.3301       1.5388905
       6179.7998       1.5391015
       6181.2700       1.5231459
       6182.7402       1.5014970
       6184.2100       1.5079603
       6185.6802       1.5053215
       6187.1499       1.5388147
       6188.6201       1.5334095
       6190.0898       1.5511236
       6191.5601       1.5819685
       6193.0298       1.5559692
       6194.5000       1.5339481
       6195.9702       1.5449812
       6197.4399       1.5401386
       6198.9102       1.5879973
       6200.3799       1.5981988
       6201.8501       1.5830990
       6203.3198       1.6032310
       6204.7900       1.6286209
       6206.2598       1.5769753
       6207.7300       1.5739125
       6209.2002       1.5799637
       6210.6699       1.5956748
       6212.1401       1.5730320
       6213.6099       1.5776085
       6215.0801       1.5901667
       6216.5498       1.5482534
       6218.0200       1.5118425
       6219.4902       1.5391099
       6220.9600       1.5639430
       6222.4302       1.6129498
       6223.8999       1.5556471
       6225.3701       1.5740893
       6226.8398       1.6153915
       6228.3101       1.5525330
       6229.7798       1.5584377
       6231.2500       1.5546746
       6232.7202       1.6008502
       6234.1899       1.6339868
       6235.6602       1.5821344
       6237.1299       1.5829524
       6238.6001       1.5676627
       6240.0698       1.5875765
       6241.5400       1.6368225
       6243.0098       1.6143675
       6244.4800       1.5912341
       6245.9502       1.5846636
       6247.4199       1.5589507
       6248.8901       1.6107624
       6250.3599       1.6472915
       6251.8301       1.6039463
       6253.2998       1.6051706
       6254.7700       1.6553252
       6256.2402       1.6446114
       6257.7100       1.6086277
       6259.1802       1.5730727
       6260.6499       1.6138735
       6262.1201       1.6454145
       6263.5898       1.6275405
       6265.0601       1.6473939
       6266.5298       1.6141102
       6268.0000       1.6457194
       6269.4702       1.6592741
       6270.9399       1.6321191
       6272.4102       1.6303861
       6273.8799       1.6454903
       6275.3501       1.6484741
       6276.8198       1.6486504
       6278.2900       1.6459672
       6279.7598       1.6064086
       6281.2300       1.6417969
       6282.7002       1.6647650
       6284.1699       1.6270400
       6285.6401       1.6454608
       6287.1099       1.6998417
       6288.5801       1.6795642
       6290.0498       1.6943448
       6291.5200       1.7053136
       6292.9902       1.6595818
       6294.4600       1.6693553
       6295.9302       1.6750735
       6297.3999       1.6520157
       6298.8701       1.7303213
       6300.3398       1.7237964
       6301.8101       1.7124382
       6303.2798       1.7126064
       6304.7500       1.6234331
       6306.2202       1.6620538
       6307.6899       1.6734842
       6309.1602       1.6828136
       6310.6299       1.7233007
       6312.1001       1.7371751
       6313.5698       1.7011534
       6315.0400       1.7487103
       6316.5098       1.7282697
       6317.9800       1.7411622
       6319.4502       1.7168299
       6320.9199       1.6570377
       6322.3901       1.6530634
       6323.8599       1.6959373
       6325.3301       1.6642355
       6326.7998       1.6764157
       6328.2700       1.6909802
       6329.7402       1.6850041
       6331.2100       1.7453661
       6332.6802       1.6714413
       6334.1499       1.6675434
       6335.6201       1.7116215
       6337.0898       1.7047458
       6338.5601       1.6944674
       6340.0298       1.6976237
       6341.5000       1.7239205
       6342.9702       1.6728399
       6344.4399       1.6900184
       6345.9102       1.6656991
       6347.3799       1.6729789
       6348.8501       1.6069846
       6350.3198       1.6513795
       6351.7900       1.6430467
       6353.2598       1.6532418
       6354.7300       1.6845330
       6356.2002       1.6574230
       6357.6699       1.6533185
       6359.1401       1.6002786
       6360.6099       1.6485114
       6362.0801       1.6363024
       6363.5498       1.6282587
       6365.0200       1.6420704
       6366.4902       1.6279978
       6367.9600       1.5962558
       6369.4302       1.6181889
       6370.8999       1.6294847
       6372.3701       1.6039176
       6373.8398       1.6237919
       6375.3101       1.6612859
       6376.7798       1.6224996
       6378.2500       1.6255757
       6379.7202       1.6067916
       6381.1899       1.6579664
       6382.6602       1.6478726
       6384.1299       1.6180701
       6385.6001       1.6389312
       6387.0698       1.6228610
       6388.5400       1.6231073
       6390.0098       1.6577796
       6391.4800       1.6264572
       6392.9502       1.5681775
       6394.4199       1.5976049
       6395.8901       1.6409284
       6397.3599       1.6197207
       6398.8301       1.5853599
       6400.2998       1.6100491
       6401.7700       1.6994413
       6403.2402       1.6500443
       6404.7100       1.6693455
       6406.1802       1.6325177
       6407.6499       1.5706146
       6409.1201       1.6086645
       6410.5898       1.6231954
       6412.0601       1.6726830
       6413.5298       1.6129543
       6415.0000       1.6375401
       6416.4702       1.6331685
       6417.9399       1.6429901
       6419.4102       1.6283053
       6420.8799       1.6103966
       6422.3501       1.6472886
       6423.8198       1.5802362
       6425.2900       1.5992604
       6426.7598       1.6462538
       6428.2300       1.6515785
       6429.7002       1.5965672
       6431.1699       1.7081050
       6432.6401       1.7190020
       6434.1099       1.6471145
       6435.5801       1.6749374
       6437.0498       1.6361840
       6438.5200       1.5923312
       6439.9902       1.6275138
       6441.4600       1.6293201
       6442.9302       1.6002831
       6444.3999       1.6028956
       6445.8701       1.6362274
       6447.3398       1.6952248
       6448.8101       1.6474699
       6450.2798       1.6237496
       6451.7500       1.6313150
       6453.2202       1.6965538
       6454.6899       1.6929355
       6456.1602       1.6254611
       6457.6299       1.6329631
       6459.1001       1.6432066
       6460.5698       1.6589100
       6462.0400       1.6561092
       6463.5098       1.6736693
       6464.9800       1.6761444
       6466.4502       1.6674082
       6467.9199       1.6774704
       6469.3901       1.6658225
       6470.8599       1.6837038
       6472.3301       1.7196883
       6473.7998       1.6884537
       6475.2700       1.6955817
       6476.7402       1.7210430
       6478.2100       1.7214873
       6479.6802       1.7214005
       6481.1499       1.6844602
       6482.6201       1.6746019
       6484.0898       1.6851513
       6485.5601       1.6836234
       6487.0298       1.6973919
       6488.5000       1.7127674
       6489.9702       1.6939625
       6491.4399       1.6735297
       6492.9102       1.6983165
       6494.3799       1.7439141
       6495.8501       1.7213638
       6497.3198       1.7357732
       6498.7900       1.7327188
       6500.2598       1.6998574
       6501.7300       1.7655287
       6503.2002       1.7643729
       6504.6699       1.7259165
       6506.1401       1.7112488
       6507.6099       1.7619135
       6509.0801       1.7681093
       6510.5498       1.7507130
       6512.0200       1.7393702
       6513.4902       1.7510149
       6514.9600       1.7287328
       6516.4302       1.7578785
       6517.8999       1.7599103
       6519.3701       1.7472576
       6520.8398       1.7487533
       6522.3101       1.7586876
       6523.7798       1.7291955
       6525.2500       1.6968015
       6526.7202       1.6993536
       6528.1899       1.7601858
       6529.6602       1.7635195
       6531.1299       1.7201076
       6532.6001       1.7250715
       6534.0698       1.7422186
       6535.5400       1.7673584
       6537.0098       1.7247757
       6538.4800       1.7032520
       6539.9502       1.7572659
       6541.4199       1.7278894
       6542.8901       1.7145680
       6544.3599       1.7314574
       6545.8301       1.6951439
       6547.2998       1.7232516
       6548.7700       1.6954304
       6550.2402       1.7028357
       6551.7100       1.6986653
       6553.1802       1.6734948
       6554.6499       1.6824869
       6556.1201       1.6997205
       6557.5898       1.6795869
       6559.0601       1.7058142
       6560.5298       1.6752932
       6562.0000       1.6456439
       6563.4702       1.6813246
       6564.9399       1.6386796
       6566.4102       1.6195146
       6567.8799       1.6807851
       6569.3501       1.6774497
       6570.8198       1.6844662
       6572.2900       1.6559459
       6573.7598       1.6612566
       6575.2300       1.6779494
       6576.7002       1.6761646
       6578.1699       1.6743804
       6579.6401       1.6725956
       6581.1099       1.6708114
       6582.5801       1.6690261
       6584.0498       1.6672419
       6585.5200       1.6654571
       6586.9902       1.6636723
       6588.4600       1.6618881
       6589.9302       1.6601033
       6591.3999       1.6583191
       6592.8701       1.6565343
       6594.3398       1.6547501
       6595.8101       1.6529654
       6597.2798       1.6511812
       6598.7500       1.6493964
       6600.2202       1.6476116
       6601.6899       1.6458274
       6603.1602       1.6440420
       6604.6299       1.6422578
       6606.1001       1.6404730
       6607.5698       1.6386889
       6609.0400       1.6369041
       6610.5098       1.6351199
       6611.9800       1.6333351
       6613.4502       1.6315503
       6614.9199       1.6310076
       6616.3901       1.6304647
       6617.8599       1.6299219
       6619.3301       1.6293790
       6620.7998       1.6288363
       6622.2700       1.6282934
       6623.7402       1.6277503
       6625.2100       1.6272075
       6626.6802       1.6266646
       6628.1499       1.6261219
       6629.6201       1.6255790
       6631.0898       1.6250364
       6632.5601       1.6244934
       6634.0298       1.6239507
       6635.5000       1.6234077
       6636.9702       1.6228648
       6638.4399       1.6223221
       6639.9102       1.6217792
       6641.3799       1.6212366
       6642.8501       1.6206936
       6644.3198       1.6201507
       6645.7900       1.6196078
       6647.2598       1.6190650
       6648.7300       1.6185222
       6650.2002       1.6620394
       6651.6699       1.6589962
       6653.1401       1.6090995
       6654.6099       1.5756277
       6656.0801       1.6039253
       6657.5498       1.6450224
       6659.0200       1.6266793
       6660.4902       1.5956764
       6661.9600       1.6133585
       6663.4302       1.6145145
       6664.8999       1.5979321
       6666.3701       1.6146215
       6667.8398       1.5870531
       6669.3101       1.6224153
       6670.7798       1.6230713
       6672.2500       1.6319340
       6673.7202       1.6231891
       6675.1899       1.5753133
       6676.6602       1.5747540
       6678.1299       1.5640750
       6679.6001       1.5665269
       6681.0698       1.5527402
       6682.5400       1.5863756
       6684.0098       1.6054809
       6685.4800       1.5664304
       6686.9502       1.5940396
       6688.4199       1.5733398
       6689.8901       1.5445254
       6691.3599       1.5596378
       6692.8301       1.5635660
       6694.2998       1.5628450
       6695.7700       1.5606507
       6697.2402       1.6076244
       6698.7100       1.6032206
       6700.1802       1.5607105
       6701.6499       1.5673704
       6703.1201       1.5676734
       6704.5898       1.5544175
       6706.0601       1.5223285
       6707.5298       1.5285059
       6709.0000       1.5647883
       6710.4702       1.5292308
       6711.9399       1.5301353
       6713.4102       1.5778009
       6714.8799       1.5437312
       6716.3501       1.5158293
       6717.8198       1.5124400
       6719.2900       1.4977654
       6720.7598       1.5276219
       6722.2300       1.5211157
       6723.7002       1.5045240
       6725.1699       1.5387752
       6726.6401       1.5256618
       6728.1099       1.5054535
       6729.5801       1.4755735
       6731.0498       1.4767418
       6732.5200       1.4802841
       6733.9902       1.4996403
       6735.4600       1.4765444
       6736.9302       1.4635879
       6738.3999       1.4368840
       6739.8701       1.4141963
       6741.3398       1.4293805
       6742.8101       1.4151449
       6744.2798       1.4306978
       6745.7500       1.4281942
       6747.2202       1.4256904
       6748.6899       1.4231876
       6750.1602       1.4206839
       6751.6299       1.4181811
       6753.1001       1.4156773
       6754.5698       1.4131745
       6756.0400       1.4106709
       6757.5098       1.4081680
       6758.9800       1.4056643
       6760.4502       1.4048163
       6761.9199       1.4039686
       6763.3901       1.4031205
       6764.8599       1.4022725
       6766.3301       1.4014244
       6767.7998       1.4005767
       6769.2700       1.3997287
       6770.7402       1.3988806
       6772.2100       1.3980329
       6773.6802       1.3971848
       6775.1499       1.3963372
       6776.6201       1.3954891
       6778.0898       1.3946414
       6779.5601       1.3937933
       6781.0298       1.3929455
       6782.5000       1.3920976
       6783.9702       1.3912495
       6785.4399       1.3904015
       6786.9102       1.3895534
       6788.3799       1.3887057
       6789.8501       1.3878577
       6791.3198       1.3870100
       6792.7900       1.3861619
       6794.2598       1.3853142
       6795.7300       1.3844662
       6797.2002       1.3836181
       6798.6699       1.4192672
       6800.1401       1.4331841
       6801.6099       1.4154469
       6803.0801       1.4470437
       6804.5498       1.4537777
       6806.0200       1.4509754
       6807.4902       1.4190834
       6808.9600       1.4082580
       6810.4302       1.4502820
       6811.8999       1.4089620
       6813.3701       1.4008528
       6814.8398       1.4643338
       6816.3101       1.3800399
       6817.7798       1.3364464
       6819.2500       1.4137397
       6820.7202       1.4515693
       6822.1899       1.4558648
       6823.6602       1.4513359
       6825.1299       1.4231994
       6826.6001       1.4027747
       6828.0698       1.4291282
       6829.5400       1.4644037
       6831.0098       1.5015404
       6832.4800       1.4395078
       6833.9502       1.4594933
       6835.4199       1.4251978
       6836.8901       1.4113959
       6838.3599       1.4681164
       6839.8301       1.4689603
       6841.2998       1.4570360
       6842.7700       1.4218559
       6844.2402       1.4940681
       6845.7100       1.5295558
       6847.1802       1.4192592
       6848.6499       1.4698102
       6850.1201       1.4336816
       6851.5898       1.4428272
       6853.0601       1.4519119
       6854.5298       1.4347161
       6856.0000       1.4730704
       6857.4702       1.5000848
       6858.9399       1.4824083
       6860.4102       1.5059196
       6861.8799       1.4558001
       6863.3501       1.5198697
       6864.8198       1.5264261
       6866.2900       1.4997655
       6867.7598       1.4684895
       6869.2300       1.4682890
       6870.7002       1.4918909
       6872.1699       1.5301895
       6873.6401       1.5080817
       6875.1099       1.4820004
       6876.5801       1.4795955
       6878.0498       1.5272743
       6879.5200       1.5034485
       6880.9902       1.5020642
       6882.4600       1.4873906
       6883.9302       1.4403059
       6885.3999       1.4644156
       6886.8701       1.4791915
       6888.3398       1.4685379
       6889.8101       1.4588019
       6891.2798       1.4540817
       6892.7500       1.4556642
       6894.2202       1.4226136
       6895.6899       1.4575250
       6897.1602       1.4829127
       6898.6299       1.4638844
       6900.1001       1.4830965
       6901.5698       1.5017190
       6903.0400       1.4684925
       6904.5098       1.5032661
       6905.9800       1.5650027
       6907.4502       1.5336949
       6908.9199       1.4856740
       6910.3901       1.5117981
       6911.8599       1.4941481
       6913.3301       1.5155352
       6914.7998       1.5639514
       6916.2700       1.5285414
       6917.7402       1.5085114
       6919.2100       1.4707662
       6920.6802       1.4622188
       6922.1499       1.5452571
       6923.6201       1.5603937
       6925.0898       1.5160440
       6926.5601       1.5422145
       6928.0298       1.5507280
       6929.5000       1.5695331
       6930.9702       1.5681640
       6932.4399       1.5228935
       6933.9102       1.5624210
       6935.3799       1.6047540
       6936.8501       1.5871518
       6938.3198       1.5789652
       6939.7900       1.5724530
       6941.2598       1.5183090
       6942.7300       1.5379235
       6944.2002       1.6081136
       6945.6699       1.6360418
       6947.1401       1.6116714
       6948.6099       1.5906097
       6950.0801       1.5973909
       6951.5498       1.6016842
       6953.0200       1.6044110
       6954.4902       1.5747697
       6955.9600       1.5824639
       6957.4302       1.5944868
       6958.8999       1.5769943
       6960.3701       1.5933385
       6961.8398       1.5693443
       6963.3101       1.5491980
       6964.7798       1.5556328
       6966.2500       1.5604297
       6967.7202       1.5015116
       6969.1899       1.5210795
       6970.6602       1.6318014
       6972.1299       1.5878208
       6973.6001       1.5363075
       6975.0698       1.5580316
       6976.5400       1.5197161
       6978.0098       1.5245372
       6979.4800       1.5223287
       6980.9502       1.5101185
       6982.4199       1.5137746
       6983.8901       1.5540570
       6985.3599       1.5341045
       6986.8301       1.5717841
       6988.2998       1.5219800
       6989.7700       1.5049573
       6991.2402       1.5483576
       6992.7100       1.5822942
       6994.1802       1.5527744
       6995.6499       1.5325606
       6997.1201       1.5048794
       6998.5898       1.4919173
       7000.0601       1.5171651
       7001.5298       1.5140005
       7003.0000       1.5152451
       7004.4702       1.5036056
       7005.9399       1.5126455
       7007.4102       1.5108303
       7008.8799       1.5090152
       7010.3501       1.5072000
       7011.8198       1.5053848
       7013.2900       1.5035697
       7014.7598       1.5017545
       7016.2300       1.4999393
       7017.7002       1.4999393
       7019.1699       1.5047779
       7020.6401       1.5048910
       7022.1099       1.5100586
       7023.5801       1.4902526
       7025.0498       1.4575245
       7026.5200       1.5165117
       7027.9902       1.5359355
       7029.4600       1.4974422
       7030.9302       1.4891613
       7032.3999       1.4613410
       7033.8701       1.4992015
       7035.3398       1.4765412
       7036.8101       1.4910940
       7038.2798       1.4801704
       7039.7500       1.5153108
       7041.2202       1.5095636
       7042.6899       1.4897624
       7044.1602       1.4818952
       7045.6299       1.5399795
       7047.1001       1.4794626
       7048.5698       1.4412704
       7050.0400       1.4548007
       7051.5098       1.4360197
       7052.9800       1.4434174
       7054.4502       1.4517672
       7055.9199       1.4663171
       7057.3901       1.4920089
       7058.8599       1.4622151
       7060.3301       1.4364119
       7061.7998       1.4152638
       7063.2700       1.4736413
       7064.7402       1.4840845
       7066.2100       1.5034207
       7067.6802       1.4519671
       7069.1499       1.4718002
       7070.6201       1.4426099
       7072.0898       1.4600341
       7073.5601       1.4494735
       7075.0298       1.4858941
       7076.5000       1.4768217
       7077.9702       1.4789197
       7079.4399       1.4865056
       7080.9102       1.4611402
       7082.3799       1.4573668
       7083.8501       1.4743065
       7085.3198       1.4451491
       7086.7900       1.4516414
       7088.2598       1.4795940
       7089.7300       1.4627889
       7091.2002       1.4629773
       7092.6699       1.4451115
       7094.1401       1.4224117
       7095.6099       1.4635595
       7097.0801       1.4507173
       7098.5498       1.4776468
       7100.0200       1.4396058
       7101.4902       1.4884099
       7102.9600       1.5502442
       7104.4302       1.4507422
       7105.8999       1.4225913
       7107.3701       1.4601322
       7108.8398       1.4581792
       7110.3101       1.4468098
       7111.7798       1.4534777
       7113.2500       1.5151718
       7114.7202       1.5054532
       7116.1899       1.4710381
       7117.6602       1.4348373
       7119.1299       1.4514532
       7120.6001       1.4961313
       7122.0698       1.4789571
       7123.5400       1.4485677
       7125.0098       1.4310867
       7126.4800       1.4584273
       7127.9502       1.4614950
       7129.4199       1.4190440
       7130.8901       1.4523768
       7132.3599       1.4648418
       7133.8301       1.4980301
       7135.2998       1.4952962
       7136.7700       1.4318112
       7138.2402       1.4643637
       7139.7100       1.4615372
       7141.1802       1.4870255
       7142.6499       1.5335697
       7144.1201       1.5113595
       7145.5898       1.5010477
       7147.0601       1.5192771
       7148.5298       1.4899087
       7150.0000       1.4879948
       7151.4702       1.4788270
       7152.9399       1.4623302
       7154.4102       1.4784887
       7155.8799       1.4570059
       7157.3501       1.4795887
       7158.8198       1.4949768
       7160.2900       1.4953585
       7161.7598       1.5041786
       7163.2300       1.5288416
       7164.7002       1.5275563
       7166.1699       1.5244032
       7167.6401       1.5223737
       7169.1099       1.5101330
       7170.5801       1.5109533
       7172.0498       1.5298119
       7173.5200       1.5293781
       7174.9902       1.5278014
       7176.4600       1.5271957
       7177.9302       1.5370123
       7179.3999       1.5323074
       7180.8701       1.5492531
       7182.3398       1.5507981
       7183.8101       1.5309782
       7185.2798       1.5167538
       7186.7500       1.4949510
       7188.2202       1.4964122
       7189.6899       1.4610147
       7191.1602       1.4802542
       7192.6299       1.5094196
       7194.1001       1.5159552
       7195.5698       1.5199200
       7197.0400       1.5195554
       7198.5098       1.5542644
       7199.9800       1.5167629
       7201.4502       1.5345061
       7202.9199       1.5509833
       7204.3901       1.5147058
       7205.8599       1.4831408
       7207.3301       1.4390572
       7208.7998       1.5013981
       7210.2700       1.5043352
       7211.7402       1.5046117
       7213.2100       1.5442394
       7214.6802       1.5203216
       7216.1499       1.4893657
       7217.6201       1.4454693
       7219.0898       1.4562309
       7220.5601       1.4550973
       7222.0298       1.4305819
       7223.5000       1.4256316
       7224.9702       1.4462076
       7226.4399       1.4250740
       7227.9102       1.4468646
       7229.3799       1.4929569
       7230.8501       1.4568266
       7232.3198       1.4367157
       7233.7900       1.4354783
       7235.2598       1.4349617
       7236.7300       1.4727056
       7238.2002       1.4742512
       7239.6699       1.4335082
       7241.1401       1.4374619
       7242.6099       1.4340636
       7244.0801       1.4124247
       7245.5498       1.4462562
       7247.0200       1.4309748
       7248.4902       1.4379854
       7249.9600       1.4252095
       7251.4302       1.4396181
       7252.8999       1.4671438
       7254.3701       1.4156222
       7255.8398       1.3946061
       7257.3101       1.4331696
       7258.7798       1.4215854
       7260.2500       1.4222442
       7261.7202       1.4065790
       7263.1899       1.3979448
       7264.6602       1.3910131
       7266.1299       1.3772259
       7267.6001       1.3703803
       7269.0698       1.3818817
       7270.5400       1.4064742
       7272.0098       1.3967352
       7273.4800       1.4031206
       7274.9502       1.4047608
       7276.4199       1.3694227
       7277.8901       1.3432028
       7279.3599       1.3818425
       7280.8301       1.3781688
       7282.2998       1.3482348
       7283.7700       1.3217103
       7285.2402       1.3035369
       7286.7100       1.3154140
       7288.1802       1.3780054
       7289.6499       1.3564719
       7291.1201       1.3409336
       7292.5898       1.3137177
       7294.0601       1.3205491
       7295.5298       1.2722827
       7297.0000       1.2817724
       7298.4702       1.3011652
       7299.9399       1.2912246
       7301.4102       1.3363805
       7302.8799       1.2691200
       7304.3501       1.2651781
       7305.8198       1.2445219
       7307.2900       1.2364210
       7308.7598       1.2507513
       7310.2300       1.2552609
       7311.7002       1.2673364
       7313.1699       1.2650372
       7314.6401       1.2752150
       7316.1099       1.2512642
       7317.5801       1.2450106
       7319.0498       1.2135470
       7320.5200       1.2150941
       7321.9902       1.2586092
       7323.4600       1.2305074
       7324.9302       1.2138895
       7326.3999       1.2194123
       7327.8701       1.1935015
       7329.3398       1.2087806
       7330.8101       1.2149523
       7332.2798       1.2191464
       7333.7500       1.1802675
       7335.2202       1.2020037
       7336.6899       1.1636156
       7338.1602       1.1501795
       7339.6299       1.1836777
       7341.1001       1.1649644
       7342.5698       1.1506467
       7344.0400       1.1822056
       7345.5098       1.1782357
       7346.9800       1.1823368
       7348.4502       1.1157225
       7349.9199       1.1437888
       7351.3901       1.1744945
       7352.8599       1.1746991
       7354.3301       1.1260301
       7355.7998       1.1567777
       7357.2700       1.1726444
       7358.7402       1.1691201
       7360.2100       1.1612595
       7361.6802       1.0899619
       7363.1499       1.1205952
       7364.6201       1.1407651
       7366.0898       1.1149298
       7367.5601       1.1103294
       7369.0298       1.1081116
       7370.5000       1.0805315
       7371.9702       1.1040620
       7373.4399       1.1259953
       7374.9102       1.1291792
       7376.3799       1.0744346
       7377.8501       1.0876505
       7379.3198       1.1103426
       7380.7900       1.0694213
       7382.2598       1.0869612
       7383.7300       1.1092085
       7385.2002       1.0878781
       7386.6699       1.1185619
       7388.1401       1.0631074
       7389.6099       1.0678209
       7391.0801       1.0968940
       7392.5498       1.0937268
       7394.0200       1.1092522
       7395.4902       1.1260308
       7396.9600       1.1073407
       7398.4302       1.1198608
       7399.8999       1.1154923
       7401.3701       1.1043987
       7402.8398       1.0658629
       7404.3101       1.0692377
       7405.7798       1.0372369
       7407.2500      0.99996060
       7408.7202       1.0364594
       7410.1899       1.0620978
       7411.6602       1.0606004
       7413.1299       1.0318812
       7414.6001       1.0223882
       7416.0698       1.0715694
