       3180.0000     0.064515248
       3181.9500     0.046442829
       3183.8999    -0.018912829
       3185.8501     0.014835023
       3187.8000     0.054853275
       3189.7500     0.025351113
       3191.7000    -0.014451120
       3193.6499    -0.030589949
       3195.6001    -0.019429643
       3197.5500     0.010469317
       3199.5000     0.027172824
       3201.4500     0.016070971
       3203.3999     0.017305208
       3205.3501    -0.018367326
       3207.3000    -0.019826153
       3209.2500    0.0070383823
       3211.2000     0.035055306
       3213.1499     0.042876784
       3215.1001    0.0034917525
       3217.0500     0.020369340
       3219.0000     0.017410930
       3220.9500     0.012894304
       3222.8999     0.014524177
       3224.8501    -0.014906991
       3226.8000   -0.0031106987
       3228.7500     0.031022551
       3230.7000     0.027036250
       3232.6499    0.0098701622
       3234.6001    0.0073380005
       3236.5500   -0.0014014918
       3238.5000   -0.0020810368
       3240.4500    0.0078624804
       3242.3999    0.0031051477
       3244.3501    -0.010800325
       3246.3000   -0.0099066421
       3248.2500    -0.017564269
       3250.2000    -0.012020858
       3252.1499   -0.0040701376
       3254.1001    -0.014493791
       3256.0500   -0.0061930041
       3258.0000     0.011663872
       3259.9500    -0.019003145
       3261.8999    -0.011686319
       3263.8501     0.038328443
       3265.8000     0.020221254
       3267.7500    -0.023851233
       3269.7000   -0.0095718643
       3271.6499     0.010920237
       3273.6001    0.0044035446
       3275.5500    0.0065277251
       3277.5000     0.020648861
       3279.4500     0.033365719
       3281.3999    0.0037727891
       3283.3501    0.0020010043
       3285.3000     0.016740186
       3287.2500     0.010095580
       3289.2000    0.0027368159
       3291.1499     0.011843281
       3293.1001   -0.0017494641
       3295.0500   -0.0021505216
       3297.0000   -0.0077696494
       3298.9500    -0.015549017
       3300.8999     0.033552628
       3302.8501     0.054741204
       3304.8000     0.026208622
       3306.7500     0.012020973
       3308.7000     0.013236978
       3310.6499     0.011307871
       3312.6001   -0.0032847759
       3314.5500    -0.015941242
       3316.5000   -0.0014907479
       3318.4500     0.014628979
       3320.3999    0.0072281878
       3322.3501   -0.0021799644
       3324.3000    0.0045697768
       3326.2500     0.011003201
       3328.2000    0.0060876342
       3330.1499    -0.020400234
       3332.1001   -0.0057038395
       3334.0500    0.0071538715
       3336.0000   -0.0080973916
       3337.9500   -0.0040555573
       3339.8999     0.010709619
       3341.8501    0.0047896011
       3343.8000    0.0058458475
       3345.7500  -0.00054056785
       3347.7000   -0.0073022409
       3349.6499   -0.0017151731
       3351.6001    -0.016909609
       3353.5500    -0.016474662
       3355.5000    0.0043113320
       3357.4500  -0.00079700776
       3359.3999    -0.010314898
       3361.3501   -0.0082199713
       3363.3000    0.0081656473
       3365.2500     0.012082874
       3367.2000   -0.0072907479
       3369.1499   -0.0047885911
       3371.1001   -0.0035476636
       3373.0500   -0.0086832084
       3375.0000    0.0078033018
       3376.9500     0.025749799
       3378.8999     0.011007003
       3380.8501    -0.015987290
       3382.8000    -0.010727044
       3384.7500    0.0017854456
       3386.7000    0.0088142026
       3388.6499     0.012529111
       3390.6001     0.016013600
       3392.5500     0.015847834
       3394.5000  -0.00070560840
       3396.4500    0.0024452531
       3398.3999    0.0030595860
       3400.3501   -0.0069070728
       3402.3000    0.0048224456
       3404.2500    0.0055085123
       3406.2000    0.0094975820
       3408.1499    0.0095028626
       3410.1001   -0.0052348524
       3412.0500    -0.014273997
       3414.0000    0.0087160747
       3415.9500     0.018978629
       3417.8999    0.0016949268
       3419.8501   -0.0011635883
       3421.8000     0.011275589
       3423.7500    0.0026656990
       3425.7000   -0.0084746163
       3427.6499    0.0018818977
       3429.6001     0.013274896
       3431.5500    0.0091271615
       3433.5000    0.0044224649
       3435.4500     0.011624754
       3437.3999     0.014939161
       3439.3501    0.0047713430
       3441.3000   0.00082875090
       3443.2500    0.0037294917
       3445.2000    -0.010592613
       3447.1499    -0.019650981
       3449.1001   -0.0026555699
       3451.0500    0.0045642434
       3453.0000    0.0073870667
       3454.9500    0.0097507117
       3456.8999   -0.0057636113
       3458.8501   -0.0060126111
       3460.8000   -0.0024178617
       3462.7500   -0.0041231588
       3464.7000   -0.0073575689
       3466.6499    0.0019541839
       3468.6001     0.018399499
       3470.5500    0.0034585367
       3472.5000   -0.0066088699
       3474.4500   -0.0011233238
       3476.3999   -0.0072269794
       3478.3501     0.011543317
       3480.3000     0.024212873
       3482.2500     0.013582042
       3484.2000    0.0087957913
       3486.1499     0.024646601
       3488.1001     0.023648513
       3490.0500    0.0099224122
       3492.0000   0.00062853855
       3493.9500    -0.011376933
       3495.8999   -0.0013978365
       3497.8501    0.0051180539
       3499.8000    0.0076316074
       3501.7500     0.011734698
       3503.7000    0.0036771169
       3505.6499  -0.00079439551
       3507.6001    0.0074410657
       3509.5500     0.011498997
       3511.5000    0.0097748591
       3513.4500    0.0064120255
       3515.3999    0.0059215333
       3517.3501     0.013786050
       3519.3000     0.015359475
       3521.2500     0.013665750
       3523.2000     0.010202942
       3525.1499    0.0071734954
       3527.1001    0.0043825703
       3529.0500    0.0027345757
       3531.0000    0.0013486653
       3532.9500   -0.0067576510
       3534.8999    -0.010866034
       3536.8501    0.0036679658
       3538.8000     0.011947069
       3540.7500     0.011172673
       3542.7000    0.0090501131
       3544.6499    0.0046605919
       3546.6001   -0.0032831966
       3548.5500   -0.0072077541
       3550.5000   -0.0056332774
       3552.4500   -0.0034276431
       3554.3999   -0.0017398404
       3556.3501    0.0068344488
       3558.3000     0.016913304
       3560.2500     0.014077513
       3562.2000    0.0067862365
       3564.1499    0.0055369437
       3566.1001    0.0037349146
       3568.0500   -0.0033904647
       3570.0000   -0.0093247555
       3571.9500    -0.013432870
       3573.8999   0.00086474570
       3575.8501    0.0083773611
       3577.8000    0.0089685908
       3579.7500     0.010204129
       3581.7000   0.00015565818
       3583.6499   -0.0033327234
       3585.6001   -0.0014752251
       3587.5500   -0.0068220887
       3589.5000    0.0017643580
       3591.4500    0.0064424425
       3593.3999  -0.00073912909
       3595.3501    0.0076507996
       3597.3000     0.011656810
       3599.2500   0.00076929544
       3601.2000   -0.0057171313
       3603.1499   -0.0046776445
       3605.1001   -0.0044491552
       3607.0500    0.0024371280
       3609.0000    0.0054658838
       3610.9500     0.013089401
       3612.8999     0.012876576
       3614.8501   -0.0014455528
       3616.8000   -0.0015014164
       3618.7500    0.0042994334
       3620.7000  -0.00034098257
       3622.6499   -0.0044329003
       3624.6001    0.0040841573
       3626.5500     0.010410811
       3628.5000    0.0071797641
       3630.4500     0.013548766
       3632.3999    0.0068771821
       3634.3501   -0.0036118461
       3636.3000    0.0013281344
       3638.2500  -0.00072457548
       3640.2000    0.0044036992
       3642.1499   0.00052600313
       3644.1001    0.0041611153
       3646.0500    0.0058607254
       3648.0000   -0.0084711304
       3649.9500    -0.014612971
       3651.8999    0.0046660341
       3653.8501    0.0061361459
       3655.8000    0.0054650474
       3657.7500     0.013926828
       3659.7000   -0.0040410385
       3661.6499    0.0056932666
       3663.6001     0.011195336
       3665.5500     0.011837099
       3667.5000     0.019779593
       3669.4500    0.0016248192
       3671.3999   -0.0046312134
       3673.3501   -0.0053906604
       3675.3000   -0.0015339766
       3677.2500    0.0070776851
       3679.2000     0.010588010
       3681.1499   0.00046947648
       3683.1001   -0.0019765750
       3685.0500    0.0014236115
       3687.0000   -0.0048559327
       3688.9500    0.0073091267
       3690.8999    0.0065445658
       3692.8501   -0.0024773211
       3694.8000    0.0024600322
       3696.7500    0.0017424633
       3698.7000    0.0057447292
       3700.6499    0.0048931572
       3702.6001    0.0020703811
       3704.5500   -0.0065810396
       3706.5000   -0.0055851992
       3708.4500    0.0082397852
       3710.3999    0.0034000918
       3712.3501  -0.00024827308
       3714.3000   -0.0054870476
       3716.2500    0.0017045018
       3718.2000    0.0068932045
       3720.1499    0.0087125991
       3722.1001   -0.0063916584
       3724.0500   -0.0079009421
       3726.0000    0.0042250077
       3727.9500     0.010623407
       3729.8999    0.0039569582
       3731.8501    0.0041713985
       3733.8000    0.0083357571
       3735.7500    0.0085444609
       3737.7000    0.0084182164
       3739.6499    0.0082919551
       3741.6001    0.0081656938
       3743.5500    0.0080394335
       3745.5000    0.0079131881
       3747.4500    0.0077869436
       3749.3999    0.0076606828
       3751.3501    0.0075344220
       3753.3000    0.0074081607
       3755.2500    0.0072819162
       3757.2000    0.0071556550
       3759.1499    0.0070294105
       3761.1001    0.0069031334
       3763.0500    0.0067768889
       3765.0000    0.0066506276
       3766.9500    0.0065243831
       3768.8999    0.0063981218
       3770.8501    0.0062718610
       3772.8000    0.0061456002
       3774.7500    0.0060193553
       3776.7000     0.017601108
       3778.6499    0.0058150999
       3780.6001   -0.0066721556
       3782.5500    0.0046986951
       3784.5000    0.0098090013
       3786.4500    0.0093096718
       3788.3999   -0.0020085010
       3790.3501   -0.0020390181
       3792.3000   -0.0022485931
       3794.2500    0.0061558639
       3796.2000     0.011212165
       3798.1499    0.0025819431
       3800.1001   -0.0016954103
       3802.0500     0.012729419
       3804.0000     0.011222444
       3805.9500  -8.3208448e-05
       3807.8999    0.0094986670
       3809.8501     0.021770859
       3811.8000     0.015636502
       3813.7500   -0.0083064325
       3815.7000   -0.0089645218
       3817.6499     0.011810536
       3819.6001    0.0029845783
       3821.5500    0.0030289122
       3823.5000    0.0069579473
       3825.4500    0.0045524049
       3827.3999     0.011449267
       3829.3501     0.014788530
       3831.3000    0.0047977595
       3833.2500   -0.0010135989
       3835.2000    0.0072855442
       3837.1499    0.0079824217
       3839.1001    0.0051201568
       3841.0500   -0.0011897443
       3843.0000     0.010143082
       3844.9500     0.014106816
       3846.8999    0.0050778915
       3848.8501   0.00076472393
       3850.8000    0.0084738610
       3852.7500    0.0042643989
       3854.7000   -0.0017470742
       3856.6499    0.0098338006
       3858.6001  -5.9370279e-05
       3860.5500   0.00052712962
       3862.5000    0.0055418047
       3864.4500    0.0080782501
       3866.3999   -0.0053392588
       3868.3501  -0.00047354074
       3870.3000   0.00033480939
       3872.2500    0.0034728700
       3874.2000    0.0059610438
       3876.1499    0.0047084861
       3878.1001    0.0077289413
       3880.0500    0.0028956146
       3882.0000    0.0073605482
       3883.9500     0.013111908
       3885.8999   -0.0019076051
       3887.8501    0.0031643081
       3889.8000     0.017772747
       3891.7500     0.015129499
       3893.7000    0.0089269467
       3895.6499     0.012783831
       3897.6001    0.0056312182
       3899.5500   -0.0012658796
       3901.5000    0.0070761968
       3903.4500    0.0088092070
       3905.3999     0.022314634
       3907.3501     0.017320396
       3909.3000     0.010099405
       3911.2500    0.0054054633
       3913.2000    0.0057805399
       3915.1499    0.0048513389
       3917.1001    0.0049946993
       3919.0500    0.0023343421
       3921.0000    0.0019842477
       3922.9500    0.0011651363
       3924.8999    0.0078948811
       3926.8501    0.0037664308
       3928.8000  -0.00016432402
       3930.7500    0.0030327952
       3932.7000    0.0069325957
       3934.6499     0.014056403
       3936.6001    0.0078918580
       3938.5500   -0.0010857063
       3940.5000    0.0062930859
       3942.4500    0.0010298362
       3944.3999    0.0025164911
       3946.3501   0.00047026039
       3948.3000    0.0023469261
       3950.2500    0.0037166590
       3952.2000     0.012893668
       3954.1499    0.0084551144
       3956.1001    0.0035982425
       3958.0500    0.0021786066
       3960.0000   -0.0014518541
       3961.9500    0.0042618718
       3963.8999     0.017610317
       3965.8501    0.0070239278
       3967.8000    0.0043628062
       3969.7500    0.0092226891
       3971.7000     0.010335520
       3973.6499     0.013997323
       3975.6001     0.020138314
       3977.5500     0.011349925
       3979.5000    0.0049660816
       3981.4500    0.0025767176
       3983.3999   -0.0055349893
       3985.3501    0.0023882049
       3987.3000     0.010579282
       3989.2500    0.0091387564
       3991.2000     0.016963262
       3993.1499     0.013569280
       3995.1001     0.010399744
       3997.0500    0.0035184112
       3999.0000  -0.00060656521
       4000.9500    0.0064604497
       4002.8999   0.00041789925
       4004.8501    0.0019865450
       4006.8000    0.0077770869
       4008.7500     0.013449466
       4010.7000     0.022458315
       4012.6499     0.015745426
       4014.6001     0.011932465
       4016.5500     0.013365077
       4018.5000    0.0038000685
       4020.4500    0.0021041627
       4022.3999     0.013476125
       4024.3501     0.011850022
       4026.3000     0.013741314
       4028.2500     0.015095651
       4030.2000    0.0099900011
       4032.1499     0.018178800
       4034.1001     0.020068821
       4036.0500     0.013744795
       4038.0000     0.011995971
       4039.9500     0.014439711
       4041.8999     0.016547961
       4043.8501     0.013455687
       4045.8000    0.0046336045
       4047.7500    0.0046248762
       4049.7000    0.0060472526
       4051.6499    0.0061514913
       4053.6001     0.022431111
       4055.5500     0.020176046
       4057.5000     0.011738464
       4059.4500     0.012567799
       4061.3999     0.011064508
       4063.3501     0.014911533
       4065.3000     0.016709594
       4067.2500     0.013778308
       4069.2000    0.0087037580
       4071.1499    0.0078425547
       4073.1001     0.012136767
       4075.0500    0.0068457793
       4077.0000     0.017137283
       4078.9500    0.0059805480
       4080.8999   -0.0023861411
       4082.8501    0.0075133191
       4084.8000     0.018581422
       4086.7500     0.013477236
       4088.7000  -0.00085752900
       4090.6499    0.0039988798
       4092.6001     0.017157916
       4094.5500     0.011247297
       4096.5000     0.010839776
       4098.4502    0.0047140010
       4100.3999    0.0076034088
       4102.3501    0.0098514706
       4104.2998     0.016967662
       4106.2500    0.0012810926
       4108.2002    0.0022182839
       4110.1499    0.0086703133
       4112.1001     0.017614760
       4114.0498     0.011615320
       4116.0000     0.017307300
       4117.9502    0.0075814119
       4119.8999    0.0058737011
       4121.8501     0.016238041
       4123.7998     0.023488909
       4125.7500     0.023938164
       4127.7002     0.019898854
       4129.6499     0.025705058
       4131.6001     0.019570353
       4133.5498     0.011339039
       4135.5000     0.015318908
       4137.4502     0.013738890
       4139.3999     0.016106993
       4141.3501     0.024553280
       4143.2998     0.015189528
       4145.2500    0.0086530605
       4147.2002     0.011854264
       4149.1499    0.0061134361
       4151.1001     0.010030909
       4153.0498     0.011811106
       4155.0000    0.0098747313
       4156.9502    0.0068301251
       4158.8999    0.0074176947
       4160.8501     0.012334265
       4162.7998    0.0097790798
       4164.7500     0.013441634
       4166.7002     0.014684486
       4168.6499    0.0068424516
       4170.6001    0.0050255926
       4172.5498    0.0015040226
       4174.5000     0.010309209
       4176.4502    0.0018048940
       4178.3999    0.0037318817
       4180.3501     0.010444371
       4182.2998    0.0086415159
       4184.2500     0.010052704
       4186.2002     0.016507912
       4188.1499     0.014369953
       4190.1001  -0.00022939494
       4192.0498    0.0011212691
       4194.0000    0.0065557053
       4195.9502    0.0018988407
       4197.8999    0.0022038934
       4199.8501    0.0083682761
       4201.7998    0.0085124057
       4203.7500    0.0073178126
       4205.7002    0.0084230993
       4207.6499    0.0037272354
       4209.6001  -0.00013685701
       4211.5498    0.0064945947
       4213.5000     0.011745202
       4215.4502    0.0084363008
       4217.3999    0.0026577183
       4219.3501    0.0066179680
       4221.2998    0.0092632156
       4223.2500    0.0071080565
       4225.2002    0.0074931318
       4227.1499     0.011518213
       4229.1001     0.010763052
       4231.0498     0.016099751
       4233.0000     0.014310545
       4234.9502     0.014964387
       4236.8999     0.016594304
       4238.8501    0.0070141857
       4240.7998     0.014082904
       4242.7500     0.013735392
       4244.7002    0.0090230349
       4246.6499    0.0086022308
       4248.6001    0.0040168813
       4250.5498    0.0041285036
       4252.5000    0.0092674959
       4254.4502    0.0085647013
       4256.3999     0.012612884
       4258.3501     0.016684849
       4260.2998     0.012284962
       4262.2500    0.0062863957
       4264.2002    0.0051564244
       4266.1499    0.0060190991
       4268.1001    0.0076639485
       4270.0498     0.014975335
       4272.0000    0.0059414310
       4273.9502    0.0064566974
       4275.8999     0.014888150
       4277.8501     0.015103265
       4279.7998     0.013312672
       4281.7500    0.0096056210
       4283.7002    0.0089223525
       4285.6499    0.0076214857
       4287.6001    0.0025457649
       4289.5498    0.0043503447
       4291.5000     0.014028691
       4293.4502     0.015786134
       4295.3999     0.017540261
       4297.3501     0.018340275
       4299.2998     0.011997930
       4301.2500     0.012620310
       4303.2002     0.014128786
       4305.1499    0.0093678618
       4307.1001     0.013879430
       4309.0498     0.011513707
       4311.0000     0.010083355
       4312.9502     0.010209799
       4314.8999    0.0066001066
       4316.8501    0.0092022382
       4318.7998    0.0072380258
       4320.7500     0.011903876
       4322.7002     0.013340432
       4324.6499    0.0072101899
       4326.6001    0.0030405421
       4328.5498    0.0053327726
       4330.5000     0.011787867
       4332.4502    0.0077451044
       4334.3999    0.0030185764
       4336.3501    0.0061423695
       4338.2998     0.011757273
       4340.2500     0.015247499
       4342.2002     0.010071582
       4344.1499    0.0063349041
       4346.1001   0.00089539075
       4348.0498    0.0068880585
       4350.0000     0.014036634
       4351.9502    0.0098636132
       4353.8999    0.0073406012
       4355.8501    0.0065355012
       4357.7998   0.00075653126
       4359.7500    0.0049524084
       4361.7002    0.0072214962
       4363.6499    0.0069007645
       4365.6001     0.013302231
       4367.5498     0.012386602
       4369.5000     0.011635931
       4371.4502    0.0095196245
       4373.3999    0.0058295238
       4375.3501     0.013178163
       4377.2998     0.013105032
       4379.2500     0.013031901
       4381.2002     0.012958770
       4383.1499     0.012885657
       4385.1001     0.012812526
       4387.0498     0.012739395
       4389.0000     0.012666264
       4390.9502     0.012593132
       4392.8999     0.012520020
       4394.8501     0.012446870
       4396.7998     0.012373758
       4398.7500     0.012300626
       4400.7002     0.012227495
       4402.6499     0.012154364
       4404.6001     0.012081233
       4406.5498     0.012008120
       4408.5000     0.011934989
       4410.4502     0.011861839
       4412.3999     0.011788727
       4414.3501    0.0080610868
       4416.2998     0.014656167
       4418.2500     0.016514773
       4420.2002    0.0095267538
       4422.1499    0.0097269816
       4424.1001     0.018404957
       4426.0498     0.015740212
       4428.0000    0.0093561532
       4429.9502     0.015666597
       4431.8999     0.021039806
       4433.8501     0.014546414
       4435.7998    0.0095450580
       4437.7500     0.012774899
       4439.7002     0.011517361
       4441.6499    0.0091088479
       4443.6001     0.012377722
       4445.5498     0.012155415
       4447.5000    0.0087931249
       4449.4502    0.0082027726
       4451.3999    0.0097246449
       4453.3501    0.0098800901
       4455.2998     0.012251172
       4457.2500     0.014439555
       4459.2002    0.0080248229
       4461.1499    0.0042482116
       4463.1001    0.0081438497
       4465.0498    0.0077446224
       4467.0000    0.0096727619
       4468.9502     0.016057540
       4470.8999     0.018174244
       4472.8501     0.017399196
       4474.7998     0.015964856
       4476.7500    0.0064731347
       4478.7002    0.0041066860
       4480.6499     0.013417310
       4482.6001     0.013953411
       4484.5498    0.0080975872
       4486.5000    0.0081392275
       4488.4502    0.0079417406
       4490.3999     0.010775176
       4492.3501     0.015965827
       4494.2998     0.011790582
       4496.2500     0.011247059
       4498.2002     0.014028772
       4500.1499     0.010609381
       4502.1001     0.010466149
       4504.0498     0.012046839
       4506.0000    0.0091314074
       4507.9502     0.010954940
       4509.8999     0.010622225
       4511.8501    0.0083020274
       4513.7998     0.010702997
       4515.7500     0.012852245
       4517.7002     0.015949320
       4519.6499     0.024844192
       4521.6001     0.022328921
       4523.5498     0.013413449
       4525.5000     0.010432636
       4527.4502     0.013164125
       4529.3999     0.014558407
       4531.3501     0.018145312
       4533.2998     0.012092018
       4535.2500     0.012971804
       4537.2002     0.010052314
       4539.1499    0.0046309321
       4541.1001     0.012918797
       4543.0498     0.014456023
       4545.0000     0.010798074
       4546.9502     0.019694900
       4548.8999     0.018393863
       4550.8501     0.014604000
       4552.7998     0.017993428
       4554.7500     0.016746776
       4556.7002     0.016692949
       4558.6499     0.021761935
       4560.6001     0.020225249
       4562.5498     0.023040846
       4564.5000     0.022255044
       4566.4502     0.015452664
       4568.3999     0.016159339
       4570.3501     0.017716624
       4572.2998     0.010308390
       4574.2500     0.012237547
       4576.2002     0.016206168
       4578.1499     0.019617025
       4580.1001     0.019463077
       4582.0498     0.014295674
       4584.0000     0.010198546
       4585.9502     0.014115240
       4587.8999     0.014899913
       4589.8501     0.019506695
       4591.7998     0.016733924
       4593.7500     0.024069468
       4595.7002     0.028544705
       4597.6499     0.019325979
       4599.6001     0.023023281
       4601.5498     0.021950355
       4603.5000     0.017963439
       4605.4502     0.020966090
       4607.3999     0.020960478
       4609.3501     0.013919061
       4611.2998     0.019934537
       4613.2500     0.018792333
       4615.2002     0.016482629
       4617.1499     0.021834631
       4619.1001     0.014575293
       4621.0498     0.020112211
       4623.0000     0.021569006
       4624.9502     0.018876608
       4626.8999     0.017051822
       4628.8501     0.018215679
       4630.7998     0.021630626
       4632.7500     0.019474551
       4634.7002     0.017791398
       4636.6499     0.019252788
       4638.6001     0.020286750
       4640.5498     0.017561428
       4642.5000     0.017990362
       4644.4502     0.018068695
       4646.3999     0.018098179
       4648.3501     0.019109813
       4650.2998     0.022487205
       4652.2500     0.021364808
       4654.2002     0.015060931
       4656.1499     0.019573508
       4658.1001     0.019097110
       4660.0498     0.023265956
       4662.0000     0.020417010
       4663.9502     0.022302317
       4665.8999     0.024579925
       4667.8501     0.016866231
       4669.7998     0.020056155
       4671.7500     0.022288850
       4673.7002     0.017354026
       4675.6499     0.012954415
       4677.6001    0.0095726438
       4679.5498     0.012420168
       4681.5000     0.011738770
       4683.4502     0.016213790
       4685.3999     0.019112250
       4687.3501     0.017226022
       4689.2998     0.017453948
       4691.2500     0.019958906
       4693.2002     0.024348831
       4695.1499     0.018699242
       4697.1001     0.017377730
       4699.0498     0.014601542
       4701.0000     0.018226258
       4702.9502     0.018194705
       4704.8999     0.020736966
       4706.8501     0.016136285
       4708.7998     0.016337156
       4710.7500     0.016712137
       4712.7002     0.013670484
       4714.6499     0.016634891
       4716.6001     0.015689241
       4718.5498     0.017945506
       4720.5000     0.014679202
       4722.4502     0.012047027
       4724.3999     0.010812091
       4726.3501    0.0072863065
       4728.2998     0.013034976
       4730.2500     0.017851517
       4732.2002     0.016288681
       4734.1499     0.017260155
       4736.1001     0.019691829
       4738.0498     0.016694395
       4740.0000     0.018966056
       4741.9502     0.016812466
       4743.8999     0.020385737
       4745.8501     0.016889459
       4747.7998     0.016155496
       4749.7500     0.016087620
       4751.7002     0.018483600
       4753.6499     0.018872570
       4755.6001     0.018234640
       4757.5498     0.017276423
       4759.5000     0.018755404
       4761.4502     0.017608304
       4763.3999     0.016603488
       4765.3501     0.016317492
       4767.2998     0.017827777
       4769.2500     0.019031886
       4771.2002     0.018574543
       4773.1499     0.015928863
       4775.1001     0.017159736
       4777.0498     0.018964531
       4779.0000     0.015420520
       4780.9502     0.012827816
       4782.8999     0.014666195
       4784.8501     0.016071178
       4786.7998     0.014700759
       4788.7500     0.016254542
       4790.7002     0.017318891
       4792.6499     0.018599166
       4794.6001     0.013859101
       4796.5498     0.015407596
       4798.5000     0.017646847
       4800.4502     0.013766622
       4802.3999     0.015910709
       4804.3501     0.014730955
       4806.2998     0.011456393
       4808.2500     0.016767155
       4810.2002     0.014531154
       4812.1499     0.010251055
       4814.1001    0.0099874297
       4816.0498    0.0035632947
       4818.0000     0.010500820
       4819.9502     0.012017511
       4821.8999     0.010446676
       4823.8501     0.013433736
       4825.7998     0.012410115
       4827.7500     0.014703554
       4829.7002     0.014375290
       4831.6499     0.014146899
       4833.6001     0.022787232
       4835.5498     0.016980339
       4837.5000     0.014612999
       4839.4502     0.022309931
       4841.3999     0.015658963
       4843.3501     0.013784288
       4845.2998     0.014812720
       4847.2500     0.012593752
       4849.2002     0.020152921
       4851.1499     0.018311707
       4853.1001     0.014499394
       4855.0498     0.014269637
       4857.0000     0.014262506
       4858.9502     0.016208155
       4860.8999    0.0085674496
       4862.8501     0.010352490
       4864.7998     0.015652375
       4866.7500     0.015573619
       4868.7002     0.020368749
       4870.6499     0.015136599
       4872.6001     0.012288325
       4874.5498     0.016432829
       4876.5000     0.018153105
       4878.4502     0.018048473
       4880.3999     0.017943868
       4882.3501     0.017839236
       4884.2998     0.017734604
       4886.2500     0.017629972
       4888.2002     0.017525341
       4890.1499     0.017420735
       4892.1001     0.017316077
       4894.0498     0.017211471
       4896.0000     0.017106840
       4897.9502     0.017002208
       4899.8999     0.016897576
       4901.8501     0.016792944
       4903.7998     0.016688339
       4905.7500     0.016583707
       4907.7002     0.016479049
       4909.6499     0.016374443
       4911.6001     0.016269812
       4913.5498     0.016165206
       4915.5000     0.014492001
       4917.4502     0.016745595
       4919.3999     0.016987832
       4921.3501     0.016410254
       4923.2998     0.011918643
       4925.2500     0.013394712
       4927.2002     0.020760600
       4929.1499     0.020038528
       4931.1001     0.020908110
       4933.0498     0.015883643
       4935.0000     0.017269898
       4936.9502     0.018272819
       4938.8999     0.020893795
       4940.8501     0.017847233
       4942.7998     0.021906801
       4944.7500     0.019741703
       4946.7002     0.018454975
       4948.6499     0.016135283
       4950.6001     0.023845540
       4952.5498     0.018285684
       4954.5000     0.018595792
       4956.4502     0.016869245
       4958.3999     0.019122178
       4960.3501     0.019641966
       4962.2998     0.017032448
       4964.2500     0.015165433
       4966.2002     0.024057178
       4968.1499     0.027735513
       4970.1001     0.024786152
       4972.0498     0.020464921
       4974.0000     0.018975606
       4975.9502     0.019207342
       4977.8999     0.019439017
       4979.8501     0.019670753
       4981.7998     0.019902488
       4983.7500     0.020134222
       4985.7002     0.020365957
       4987.6499     0.020597633
       4989.6001     0.020829428
       4991.5498     0.021061104
       4993.5000     0.021292839
       4995.4502     0.021524575
       4997.3999     0.021756308
       4999.3501     0.021988044
       5001.2998     0.022219719
       5003.2500     0.022451455
       5005.2002     0.022683248
       5007.1499     0.022914926
       5009.1001     0.023146659
       5011.0498     0.023378337
       5013.0000     0.023610130
       5014.9502     0.023111124
       5016.8999     0.018910902
       5018.8501     0.019484449
       5020.7998     0.025409909
       5022.7500     0.017591700
       5024.7002     0.018113701
       5026.6499     0.018635569
       5028.6001     0.019157570
       5030.5498     0.019679569
       5032.5000     0.020201569
       5034.4502     0.020723570
       5036.3999     0.021245439
       5038.3501     0.021767572
       5040.2998     0.022289440
       5042.2500     0.022811439
       5044.2002     0.023333440
       5046.1499     0.023855440
       5048.1001     0.024377441
       5050.0498     0.024899310
       5052.0000     0.025421310
       5053.9502     0.025943443
       5055.8999     0.026465312
       5057.8501     0.026987310
       5059.7998     0.027509179
       5061.7500     0.028031180
       5063.7002     0.023804655
       5065.6499     0.017158059
       5067.6001     0.017063685
       5069.5498     0.019245634
       5071.5000     0.018296417
       5073.4502     0.028042313
       5075.3999     0.025366677
       5077.3501     0.019823721
       5079.2998     0.019997731
       5081.2500     0.023213493
       5083.2002     0.024592634
       5085.1499     0.017621502
       5087.1001     0.017432097
       5089.0498     0.018129136
       5091.0000     0.017067898
       5092.9502     0.016266851
       5094.8999     0.018776217
       5096.8501     0.015171609
       5098.7998     0.022300394
       5100.7500     0.020503990
       5102.7002     0.022313215
       5104.6499     0.020507550
       5106.6001     0.020550614
       5108.5498     0.018762607
       5110.5000     0.017557919
       5112.4502     0.020529345
       5114.3999     0.022731578
       5116.3501     0.018074812
       5118.2998     0.017538643
       5120.2500     0.017997202
       5122.2002     0.020413117
       5124.1499     0.020666797
       5126.1001     0.020629238
       5128.0498     0.021070762
       5130.0000     0.020057209
       5131.9502     0.025204631
       5133.8999     0.021517795
       5135.8501     0.019139769
       5137.7998     0.023181591
       5139.7500     0.024519278
       5141.7002     0.023598477
       5143.6499     0.020513358
       5145.6001     0.025477657
       5147.5498     0.025513390
       5149.5000     0.020954413
       5151.4502     0.021462368
       5153.3999     0.026162090
       5155.3501     0.027836442
       5157.2998     0.025363572
       5159.2500     0.026416292
       5161.2002     0.020723514
       5163.1499     0.023083858
       5165.1001     0.024483250
       5167.0498     0.022803228
       5169.0000     0.024377700
       5170.9502     0.027329480
       5172.8999     0.027741486
       5174.8501     0.023463437
       5176.7998     0.023734186
       5178.7500     0.024809910
       5180.7002     0.027965873
       5182.6499     0.026964346
       5184.6001     0.023139821
       5186.5498     0.029639069
       5188.5000     0.030760530
       5190.4502     0.025370693
       5192.3999     0.026379442
       5194.3501     0.025123267
       5196.2998     0.029263223
       5198.2500     0.030446056
       5200.2002     0.029362682
       5202.1499     0.031970982
       5204.1001     0.033926878
       5206.0498     0.030363556
       5208.0000     0.027293056
       5209.9502     0.032890517
       5211.8999     0.036306906
       5213.8501     0.036733530
       5215.7998     0.036518145
       5217.7500     0.034816302
       5219.7002     0.032811817
       5221.6499     0.036382109
       5223.6001     0.038596645
       5225.5498     0.034723125
       5227.5000     0.036297094
       5229.4502     0.041995551
       5231.3999     0.040724415
       5233.3501     0.035974178
       5235.2998     0.035801765
       5237.2500     0.033708662
       5239.2002     0.033560660
       5241.1499     0.034673654
       5243.1001     0.033274561
       5245.0498     0.035067245
       5247.0000     0.034292135
       5248.9502     0.029646937
       5250.8999     0.029615901
       5252.8501     0.032840200
       5254.7998     0.030541210
       5256.7500     0.026510354
       5258.7002     0.031301778
       5260.6499     0.035809178
       5262.6001     0.035130888
       5264.5498     0.036677372
       5266.5000     0.034957688
       5268.4502     0.030564813
       5270.3999     0.032176584
       5272.3501     0.036330670
       5274.2998     0.035752930
       5276.2500     0.032383010
       5278.2002     0.032908846
       5280.1499     0.030935122
       5282.1001     0.028240744
       5284.0498     0.030090503
       5286.0000     0.032678802
       5287.9502     0.032846641
       5289.8999     0.033049610
       5291.8501     0.034536850
       5293.7998     0.037168365
       5295.7500     0.041141391
       5297.7002     0.040682200
       5299.6499     0.032984547
       5301.6001     0.024897363
       5303.5498     0.025551226
       5305.5000     0.033298679
       5307.4502     0.035578948
       5309.3999     0.031792197
       5311.3501     0.030767467
       5313.2998     0.033284944
       5315.2500     0.035946939
       5317.2002     0.037351675
       5319.1499     0.033285372
       5321.1001     0.029087447
       5323.0498     0.036549434
       5325.0000     0.037199918
       5326.9502     0.028497744
       5328.8999     0.026768399
       5330.8501     0.029692842
       5332.7998     0.030853441
       5334.7500     0.030900989
       5336.7002     0.033725541
       5338.6499     0.031719778
       5340.6001     0.029158399
       5342.5498     0.032114577
       5344.5000     0.032849647
       5346.4502     0.034750290
       5348.3999     0.038924888
       5350.3501     0.037703730
       5352.2998     0.033932742
       5354.2500     0.029794084
       5356.2002     0.031270467
       5358.1499     0.035583105
       5360.1001     0.033952843
       5362.0498     0.032675244
       5364.0000     0.034444284
       5365.9502     0.035825357
       5367.8999     0.031887397
       5369.8501     0.030680327
       5371.7998     0.031905282
       5373.7500     0.031062078
       5375.7002     0.032156121
       5377.6499     0.035750378
       5379.6001     0.037797164
       5381.5498     0.035124507
       5383.5000     0.032136396
       5385.4502     0.032356750
       5387.3999     0.033918403
       5389.3501     0.031473693
       5391.2998     0.030127164
       5393.2500     0.026441421
       5395.2002     0.031913869
       5397.1499     0.037368909
       5399.1001     0.034082111
       5401.0498     0.034944177
       5403.0000     0.036807045
       5404.9502     0.036016561
       5406.8999     0.029562950
       5408.8501     0.032503042
       5410.7998     0.035090465
       5412.7500     0.034353729
       5414.7002     0.036712278
       5416.6499     0.033070214
       5418.6001     0.033344399
       5420.5498     0.036890242
       5422.5000     0.032233775
       5424.4502     0.032176528
       5426.3999     0.032839321
       5428.3501     0.031961564
       5430.2998     0.032517351
       5432.2500     0.036361568
       5434.2002     0.038199216
       5436.1499     0.030936548
       5438.1001     0.031439263
       5440.0498     0.032283116
       5442.0000     0.031474650
       5443.9502     0.035038147
       5445.8999     0.035791010
       5447.8501     0.035452381
       5449.7998     0.029629370
       5451.7500     0.025525386
       5453.7002     0.031283796
       5455.6499     0.033927411
       5457.6001     0.034283720
       5459.5498     0.031413741
       5461.5000     0.028843094
       5463.4502     0.032319412
       5465.3999     0.032435756
       5467.3501     0.028001221
       5469.2998     0.027227981
       5471.2500     0.028912213
       5473.2002     0.028606039
       5475.1499     0.032698635
       5477.1001     0.033565421
       5479.0498     0.033290837
       5481.0000     0.028553326
       5482.9502     0.036545940
       5484.8999     0.040721249
       5486.8501     0.032088596
       5488.7998     0.031057885
       5490.7500     0.032799412
       5492.7002     0.033775091
       5494.6499     0.033781841
       5496.6001     0.031880658
       5498.5498     0.032890160
       5500.5000     0.030664755
       5502.4502     0.033514414
       5504.3999     0.035817280
       5506.3501     0.032582585
       5508.2998     0.028829146
       5510.2500     0.031738412
       5512.2002     0.031634826
       5514.1499     0.035125155
       5516.1001     0.032540515
       5518.0498     0.030921062
       5520.0000     0.030141933
       5521.9502     0.033615105
       5523.8999     0.037717625
       5525.8501     0.029853418
       5527.7998     0.024419220
       5529.7500     0.031632796
       5531.7002     0.032346565
       5533.6499     0.027921367
       5535.6001     0.031415418
       5537.5498     0.029407473
       5539.5000     0.027718985
       5541.4502     0.028055329
       5543.3999     0.025222661
       5545.3501     0.028164910
       5547.2998     0.024087906
       5549.2500     0.023123179
       5551.2002     0.032630071
       5553.1499     0.034179579
       5555.1001     0.026815142
       5557.0498     0.020412326
       5559.0000     0.024206318
       5560.9502     0.028964145
       5562.8999     0.031343833
       5564.8501     0.035598680
       5566.7998     0.030322673
       5568.7500     0.035867628
       5570.7002     0.034623269
       5572.6499     0.038041890
       5574.6001     0.036905337
       5576.5498     0.035132479
       5578.5000     0.033814289
       5580.4502     0.035756834
       5582.3999     0.033466525
       5584.3501     0.030973887
       5586.2998     0.036197029
       5588.2500     0.039719138
       5590.2002     0.039398659
       5592.1499     0.030424537
       5594.1001     0.028966939
       5596.0498     0.033186529
       5598.0000     0.036663689
       5599.9502     0.029243166
       5601.8999     0.030670278
       5603.8501     0.028780196
       5605.7998     0.027988905
       5607.7500     0.028359139
       5609.7002     0.026406258
       5611.6499     0.022796581
       5613.6001     0.025652990
       5615.5498     0.035748929
       5617.5000     0.039038416
       5619.4502     0.029383168
       5621.3999     0.022608403
       5623.3501     0.027141104
       5625.2998     0.027028078
       5627.2500     0.024569955
       5629.2002     0.027275432
       5631.1499     0.025660207
       5633.1001     0.022619640
       5635.0498     0.025496908
       5637.0000     0.027464528
       5638.9502     0.027736967
       5640.8999     0.022292901
       5642.8501     0.023045590
       5644.7998     0.023456622
       5646.7500     0.022137437
       5648.7002     0.023652108
       5650.6499     0.021796344
       5652.6001     0.023939861
       5654.5498     0.025078446
       5656.5000     0.018274402
       5658.4502     0.022554522
       5660.3999     0.018104911
       5662.3501     0.019692335
       5664.2998     0.023010651
       5666.2500     0.025928387
       5668.2002     0.022772916
       5670.1499     0.022874607
       5672.1001     0.021571359
       5674.0498     0.021177569
       5676.0000     0.019618697
       5677.9502     0.015644526
       5679.8999     0.024831936
       5681.8501     0.023410905
       5683.7998     0.022301657
       5685.7500     0.018335598
       5687.7002     0.020143859
       5689.6499     0.020484360
       5691.6001     0.015954763
       5693.5498     0.013769259
       5695.5000     0.013021107
       5697.4502     0.015276155
       5699.3999     0.018860288
       5701.3501     0.016101990
       5703.2998     0.019101406
       5705.2500     0.019300532
       5707.2002     0.019130209
       5709.1499     0.021910990
       5711.1001     0.020533413
       5713.0498     0.014475357
       5715.0000     0.016848765
       5716.9502     0.022263082
       5718.8999     0.019027203
       5720.8501     0.015970230
       5722.7998     0.017335033
       5724.7500     0.021330001
       5726.7002     0.013431059
       5728.6499     0.016908728
       5730.6001     0.019922847
       5732.5498     0.018515730
       5734.5000     0.011671327
       5736.4502     0.010670837
       5738.3999     0.020791907
       5740.3501     0.015239681
       5742.2998     0.016169311
       5744.2500     0.016180905
       5746.2002     0.020146269
       5748.1499     0.017987387
       5750.1001     0.020342361
       5752.0498     0.018475840
       5754.0000     0.015972257
       5755.9502     0.020695524
       5757.8999     0.016928388
       5759.8501     0.021972785
       5761.7998     0.018956289
       5763.7500     0.018157778
       5765.7002     0.024018280
       5767.6499     0.020576457
       5769.6001     0.020453213
       5771.5498     0.015380939
       5773.5000     0.015377835
       5775.4502     0.013725701
       5777.3999     0.013342366
       5779.3501     0.015467284
       5781.2998     0.019009909
       5783.2500     0.019925956
       5785.2002     0.014792198
       5787.1499     0.012891199
       5789.1001     0.013608552
       5791.0498     0.023573227
       5793.0000     0.020840218
       5794.9502     0.016908560
       5796.8999     0.021947071
       5798.8501     0.014305661
       5800.7998     0.025648268
       5802.7500     0.020737352
       5804.7002     0.019413874
       5806.6499     0.014357582
       5808.6001     0.023963245
       5810.5498     0.022383232
       5812.5000     0.017303269
       5814.4502     0.018686682
       5816.3999     0.017798208
       5818.3501     0.024034802
       5820.2998     0.018735804
       5822.2500     0.019211991
       5824.2002     0.020681398
       5826.1499     0.020618234
       5828.1001     0.023390919
       5830.0498     0.026456261
       5832.0000     0.018197758
       5833.9502     0.019953638
       5835.8999     0.021935692
       5837.8501     0.019609815
       5839.7998     0.020953853
       5841.7500     0.030560844
       5843.7002     0.020882616
       5845.6499     0.030079557
       5847.6001     0.024610493
       5849.5498     0.026675863
       5851.5000     0.027681956
       5853.4502     0.019711938
       5855.3999     0.021559719
       5857.3501     0.027487978
       5859.2998     0.027578097
       5861.2500     0.026593400
       5863.2002     0.020750877
       5865.1499     0.021748874
       5867.1001     0.019907013
       5869.0498     0.027015274
       5871.0000     0.027741080
       5872.9502     0.024866153
       5874.8999     0.029672958
       5876.8501     0.026018456
       5878.7998     0.023189100
       5880.7500     0.029039979
       5882.7002     0.030303951
       5884.6499     0.029673001
       5886.6001     0.030533073
       5888.5498     0.028604580
       5890.5000     0.030995246
       5892.4502     0.026957985
       5894.3999     0.032741826
       5896.3501     0.024022819
       5898.2998     0.024183290
       5900.2500     0.031159433
       5902.2002     0.033905596
       5904.1499     0.033946384
       5906.1001     0.028005762
       5908.0498     0.041073546
       5910.0000     0.030953245
       5911.9502     0.038616948
       5913.8999     0.036422253
       5915.8501     0.035393909
       5917.7998     0.027149519
       5919.7500     0.036662444
       5921.7002     0.034635987
       5923.6499     0.038407963
       5925.6001     0.032129314
       5927.5498     0.031457648
       5929.5000     0.033733420
       5931.4502     0.033003002
       5933.3999     0.029264377
       5935.3501     0.034602467
       5937.2998     0.036300715
       5939.2500     0.037545718
       5941.2002     0.033902518
       5943.1499     0.034044459
       5945.1001     0.030471738
       5947.0498     0.039034810
       5949.0000     0.029333662
       5950.9502     0.030022483
       5952.8999     0.030884083
       5954.8501     0.027356379
       5956.7998     0.028763661
       5958.7500     0.029861949
       5960.7002     0.033677213
       5962.6499     0.032264493
       5964.6001     0.026273765
       5966.5498     0.029253757
       5968.5000     0.029623080
       5970.4502     0.024785351
       5972.3999     0.033241339
       5974.3501     0.028514674
       5976.2998     0.027232645
       5978.2500     0.033321854
       5980.2002     0.025715949
       5982.1499     0.022086138
       5984.1001     0.025576243
       5986.0498     0.024413252
       5988.0000     0.028846337
       5989.9502     0.033108387
       5991.8999     0.029688343
       5993.8501     0.029739417
       5995.7998     0.026902087
       5997.7500     0.037917010
       5999.7002     0.028267978
       6001.6499     0.019099480
       6003.6001     0.031551864
       6005.5498     0.034815565
       6007.5000     0.021272445
       6009.4502     0.019703785
       6011.3999     0.024837125
       6013.3501     0.017646594
       6015.2998     0.019020872
       6017.2500     0.022487581
       6019.2002     0.027176581
       6021.1499     0.023581533
       6023.1001     0.019905159
       6025.0498     0.025607536
       6027.0000     0.026709216
       6028.9502     0.023528725
       6030.8999     0.026809920
       6032.8501     0.026972588
       6034.7998     0.023837907
       6036.7500     0.019249937
       6038.7002     0.023508292
       6040.6499     0.024067940
       6042.6001     0.023775803
       6044.5498     0.027687803
       6046.5000     0.023035971
       6048.4502     0.016371688
       6050.3999     0.017062178
       6052.3501     0.023988189
       6054.2998     0.019690271
       6056.2500     0.014529444
       6058.2002     0.019180695
       6060.1499     0.019966586
       6062.1001     0.017305363
       6064.0498     0.025596989
       6066.0000     0.022944177
       6067.9502     0.019072715
       6069.8999     0.024491295
       6071.8501     0.021326182
       6073.7998     0.017606936
       6075.7500     0.019157676
       6077.7002     0.021817772
       6079.6499     0.022856645
       6081.6001     0.022731887
       6083.5498     0.018090632
       6085.5000     0.021455610
       6087.4502     0.019374946
       6089.3999     0.020918589
       6091.3501     0.018651046
       6093.2998     0.018746916
       6095.2500     0.019550368
       6097.2002     0.020896755
       6099.1499     0.018559508
       6101.1001     0.018782519
       6103.0498     0.023639755
       6105.0000     0.023824584
       6106.9502     0.026174899
       6108.8999     0.022534959
       6110.8501     0.014560136
       6112.7998     0.024376346
       6114.7500     0.027727796
       6116.7002     0.027705338
       6118.6499     0.022931358
       6120.6001     0.017257862
       6122.5498     0.022551116
       6124.5000     0.018439997
       6126.4502     0.021760086
       6128.3999     0.019856041
       6130.3501     0.016435279
       6132.2998     0.021845330
       6134.2500     0.025895124
       6136.2002     0.029160703
       6138.1499     0.022539906
       6140.1001     0.013936200
       6142.0498     0.019627577
       6144.0000     0.015999446
       6145.9502     0.017459854
       6147.8999     0.031768657
       6149.8501     0.026587399
       6151.7998     0.022358203
       6153.7500     0.027528213
       6155.7002     0.027756743
       6157.6499     0.023126630
       6159.6001     0.022977782
       6161.5498     0.027373135
       6163.5000     0.026715152
       6165.4502     0.031138390
       6167.3999     0.027895637
       6169.3501     0.026847970
       6171.2998     0.031674091
       6173.2500     0.034571849
       6175.2002     0.028139330
       6177.1499     0.028385591
       6179.1001     0.032377966
       6181.0498     0.032305468
       6183.0000     0.034616519
       6184.9502     0.034705199
       6186.8999     0.032193981
       6188.8501     0.030233938
       6190.7998     0.034192543
       6192.7500     0.034536384
       6194.7002     0.032447148
       6196.6499     0.035569884
       6198.6001     0.039944507
       6200.5498     0.038817316
       6202.5000     0.036588315
       6204.4502     0.033575654
       6206.3999     0.039233856
       6208.3501     0.046717424
       6210.2998     0.042165469
       6212.2500     0.042333007
       6214.2002     0.048348080
       6216.1499     0.050787434
       6218.1001     0.054722510
       6220.0498     0.055692919
       6222.0000     0.052442890
       6223.9502     0.051643331
       6225.8999     0.053674188
       6227.8501     0.051783491
       6229.7998     0.049541846
       6231.7500     0.052487127
       6233.7002     0.057383105
       6235.6499     0.057057977
       6237.6001     0.058121573
       6239.5498     0.054930490
       6241.5000     0.050919548
       6243.4502     0.050919391
       6245.3999     0.049217977
       6247.3501     0.054819152
       6249.2998     0.055122375
       6251.2500     0.060640670
       6253.2002     0.066140406
       6255.1499     0.061009925
       6257.1001     0.064299606
       6259.0498     0.071173996
       6261.0000     0.072723582
       6262.9502     0.069622360
       6264.8999     0.070842408
       6266.8501     0.076380149
       6268.7998     0.073763117
       6270.7500     0.079552256
       6272.7002     0.091876507
       6274.6499     0.092320062
       6276.6001     0.090108268
       6278.5498     0.093919270
       6280.5000     0.097833201
       6282.4502      0.10102864
       6284.3999      0.10324971
       6286.3501      0.11408762
       6288.2998      0.12572259
       6290.2500      0.12090749
       6292.2002      0.11630070
       6294.1499      0.12989248
       6296.1001      0.15346196
       6298.0498      0.13915840
       6300.0000      0.11291657
       6301.9502      0.12854537
       6303.8999      0.14389068
       6305.8501      0.13698895
       6307.7998      0.13399352
       6309.7500      0.13927136
       6311.7002      0.14582853
       6313.6499      0.15154897
       6315.6001      0.14778621
       6317.5498      0.15299976
       6319.5000      0.15575212
       6321.4502      0.14682633
       6323.3999      0.14990474
       6325.3501      0.15519910
       6327.2998      0.15020840
       6329.2500      0.15395291
       6331.2002      0.16357678
       6333.1499      0.16568127
       6335.1001      0.16986008
       6337.0498      0.17004803
       6339.0000      0.16607931
       6340.9502      0.17079967
       6342.8999      0.16870344
       6344.8501      0.16309650
       6346.7998      0.16045053
       6348.7500      0.15920767
       6350.7002      0.16288406
       6352.6499      0.16161492
       6354.6001      0.15634166
       6356.5498      0.15343201
       6358.5000      0.15130334
       6360.4502      0.14638993
       6362.3999      0.14297064
       6364.3501      0.14088473
       6366.2998      0.13742989
       6368.2500      0.13747618
       6370.2002      0.13606003
       6372.1499      0.13496189
       6374.1001      0.14162490
       6376.0498      0.14131989
       6378.0000      0.13286321
       6379.9502      0.13042530
       6381.8999      0.13227382
       6383.8501      0.12805378
       6385.7998      0.11561792
       6387.7500      0.10824912
       6389.7002      0.11114665
       6391.6499      0.11252248
       6393.6001      0.11404278
       6395.5498      0.11580661
       6397.5000      0.11317682
       6399.4502      0.11344447
       6401.3999      0.11502985
       6403.3501      0.11417402
       6405.2998      0.11238751
       6407.2500      0.10667250
       6409.2002      0.10067819
       6411.1499      0.10185685
       6413.1001      0.10815241
       6415.0498      0.11122884
       6417.0000      0.10418490
       6418.9502     0.097065195
       6420.8999     0.097941160
       6422.8501     0.098945625
       6424.7998      0.10025091
       6426.7500      0.10126193
       6428.7002     0.096928723
       6430.6499     0.096630409
       6432.6001     0.098040730
       6434.5498     0.091925949
       6436.5000     0.083772510
       6438.4502     0.074571520
       6440.3999     0.077520221
       6442.3501     0.082536161
       6444.2998     0.071939535
       6446.2500     0.062197231
       6448.2002     0.069439985
       6450.1499     0.080171123
       6452.1001     0.074839123
       6454.0498     0.068163492
       6456.0000     0.071427509
       6457.9502     0.074049845
       6459.8999     0.070258498
       6461.8501     0.066031337
       6463.7998     0.064834394
       6465.7500     0.063308537
       6467.7002     0.059980601
       6469.6499     0.054523949
       6471.6001     0.051268276
       6473.5498     0.053168062
       6475.5000     0.057309922
       6477.4502     0.056429248
       6479.3999     0.049846303
       6481.3501     0.055209197
       6483.2998     0.066991188
       6485.2500     0.065696187
       6487.2002     0.063209504
       6489.1499     0.064641938
       6491.1001     0.063251615
       6493.0498     0.065989889
       6495.0000     0.068055496
       6496.9502     0.063376352
       6498.8999     0.058744263
       6500.8501     0.053036474
       6502.7998     0.048694581
       6504.7500     0.050138526
       6506.7002     0.054692972
       6508.6499     0.052810833
       6510.6001     0.053154513
       6512.5498     0.054759033
       6514.5000     0.053727433
       6516.4502     0.053241108
       6518.3999     0.052839316
       6520.3501     0.053739682
       6522.2998     0.053160768
       6524.2500     0.055866409
       6526.2002     0.048615247
       6528.1499     0.043829326
       6530.1001     0.044818584
       6532.0498     0.045820817
       6534.0000     0.046082672
       6535.9502     0.043448810
       6537.8999     0.045931678
       6539.8501     0.044938162
       6541.7998     0.042576455
       6543.7500     0.056514878
       6545.7002     0.059515141
       6547.6499     0.049985211
       6549.6001     0.041785143
       6551.5498     0.037555806
       6553.5000     0.038856536
       6555.4502     0.044372506
       6557.3999     0.044828892
       6559.3501     0.035862777
       6561.2998     0.038148809
       6563.2500     0.041113053
       6565.2002     0.040509265
       6567.1499     0.038071886
       6569.1001     0.038927317
       6571.0498     0.044653248
       6573.0000     0.037992865
       6574.9502     0.041499011
       6576.8999     0.041724876
       6578.8501     0.041950855
       6580.7998     0.042176723
       6582.7500     0.042402644
       6584.7002     0.042628568
       6586.6499     0.042854492
       6588.6001     0.043080412
       6590.5498     0.043306280
       6592.5000     0.043532200
       6594.4502     0.043758184
       6596.3999     0.043984048
       6598.3501     0.044209972
       6600.2998     0.044435836
       6602.2500     0.044661760
       6604.2002     0.044887740
       6606.1499     0.045113605
       6608.1001     0.045339528
       6610.0498     0.045565393
       6612.0000     0.045791373
       6613.9502     0.045010593
       6615.8999     0.044230010
       6617.8501     0.043449230
       6619.7998     0.042668454
       6621.7500     0.041887674
       6623.7002     0.041106895
       6625.6499     0.040326312
       6627.6001     0.039545335
       6629.5498     0.038764752
       6631.5000     0.037983973
       6633.4502     0.037203193
       6635.3999     0.036422417
       6637.3501     0.035641633
       6639.2998     0.034861051
       6641.2500     0.034080274
       6643.2002     0.033299297
       6645.1499     0.032518715
       6647.1001     0.031737935
       6649.0498     0.030957352
       6651.0000     0.032796949
       6652.9502     0.028199907
       6654.8999     0.038828138
       6656.8501     0.038764291
       6658.7998     0.025353687
       6660.7500     0.021608984
       6662.7002     0.031038687
       6664.6499     0.036744285
       6666.6001     0.034643829
       6668.5498     0.038279109
       6670.5000     0.037168570
       6672.4502     0.033675872
       6674.3999     0.035500012
       6676.3501     0.030089522
       6678.2998     0.030227434
       6680.2500     0.029342752
       6682.2002     0.025915764
       6684.1499     0.023593472
       6686.1001     0.023559405
       6688.0498     0.019331222
       6690.0000     0.021432513
       6691.9502     0.021662347
       6693.8999     0.028041484
       6695.8501     0.027252501
       6697.7998     0.025448937
       6699.7500     0.037810445
       6701.7002     0.034126680
       6703.6499     0.032865968
       6705.6001     0.032510433
       6707.5498     0.032707140
       6709.5000     0.030911651
       6711.4502     0.033388849
       6713.3999     0.026059171
       6715.3501     0.029033164
       6717.2998     0.022915460
       6719.2500     0.018940756
       6721.2002     0.028806804
       6723.1499     0.027300484
       6725.1001     0.021873064
       6727.0498     0.025605185
       6729.0000     0.021878688
       6730.9502     0.018017996
       6732.8999     0.027690466
       6734.8501     0.021659259
       6736.7998     0.019935926
       6738.7500     0.027323401
       6740.7002     0.029561283
       6742.6499     0.028421901
       6744.6001     0.025679769
       6746.5498     0.025475763
       6748.5000     0.025271704
       6750.4502     0.025067594
       6752.3999     0.024863586
       6754.3501     0.024659527
       6756.2998     0.024455521
       6758.2500     0.024251411
       6760.2002     0.023971770
       6762.1499     0.023692202
       6764.1001     0.023412561
       6766.0498     0.023132922
       6768.0000     0.022853281
       6769.9502     0.022573641
       6771.8999     0.022294072
       6773.8501     0.022014361
       6775.7998     0.021734793
       6777.7500     0.021455152
       6779.7002     0.021175511
       6781.6499     0.020895872
       6783.6001     0.020616231
       6785.5498     0.020336661
       6787.5000     0.020057023
       6789.4502     0.019777382
       6791.3999     0.019497743
       6793.3501     0.019218102
       6795.2998     0.018938534
       6797.2500     0.018658893
       6799.2002     0.017417520
       6801.1499     0.020926664
       6803.1001     0.024382375
       6805.0498     0.016913429
       6807.0000     0.023860320
       6808.9502     0.021590849
       6810.8999     0.021484885
       6812.8501     0.019226329
       6814.7998     0.019562272
       6816.7500     0.024990143
       6818.7002     0.015658755
       6820.6499     0.016525179
       6822.6001     0.015733229
       6824.5498     0.014132364
       6826.5000     0.013001187
       6828.4502     0.013988803
       6830.3999    0.0093975822
       6832.3501     0.010789102
       6834.2998     0.018646838
       6836.2500     0.014801427
       6838.2002     0.011006804
       6840.1499     0.019823154
       6842.1001     0.022708179
       6844.0498     0.023056760
       6846.0000     0.019226106
       6847.9502     0.020090042
       6849.8999     0.018123489
       6851.8501     0.016430208
       6853.7998     0.021666398
       6855.7500     0.027097495
       6857.7002     0.017007781
       6859.6499     0.014602017
       6861.6001     0.015026493
       6863.5498     0.015714454
       6865.5000     0.012537075
       6867.4502     0.013694333
       6869.3999     0.015904645
       6871.3501     0.012087345
       6873.2998     0.019735591
       6875.2500     0.018273601
       6877.2002     0.015714459
       6879.1499     0.015206526
       6881.1001     0.013788200
       6883.0498     0.020948431
       6885.0000     0.016205402
       6886.9502     0.012812571
       6888.8999     0.019969929
       6890.8501     0.016863545
       6892.7998     0.013252334
       6894.7500     0.017893605
       6896.7002     0.013474637
       6898.6499     0.010484369
       6900.6001     0.018935330
       6902.5498     0.017386550
       6904.5000     0.013476778
       6906.4502     0.010894922
       6908.3999     0.012694866
       6910.3501     0.016864358
       6912.2998     0.024317058
       6914.2500     0.016569197
       6916.2002     0.014648084
       6918.1499     0.022086829
       6920.1001     0.020348588
       6922.0498     0.014000094
       6924.0000    0.0090960804
       6925.9502     0.015076587
       6927.8999    0.0096621243
       6929.8501     0.012099079
       6931.7998     0.017854977
       6933.7500     0.019770991
       6935.7002     0.017684743
       6937.6499     0.017176235
       6939.6001     0.016079362
       6941.5498    0.0089918412
       6943.5000    0.0099863177
       6945.4502     0.021937748
       6947.3999     0.026164133
       6949.3501     0.020249311
       6951.2998     0.012551996
       6953.2500     0.010313186
       6955.2002     0.018244909
       6957.1499     0.020671710
       6959.1001     0.015253565
       6961.0498     0.015613276
       6963.0000     0.018237861
       6964.9502     0.016927678
       6966.8999     0.019714734
       6968.8501     0.023821708
       6970.7998     0.020969585
       6972.7500     0.021002157
       6974.7002     0.025725806
       6976.6499     0.022300566
       6978.6001     0.018138641
       6980.5498     0.022068739
       6982.5000     0.016577646
       6984.4502     0.018059945
       6986.3999     0.018481147
       6988.3501     0.017242283
       6990.2998     0.020557167
       6992.2500     0.013984619
       6994.2002     0.015710201
       6996.1499     0.021594025
       6998.1001     0.028722268
       7000.0498     0.027664699
       7002.0000     0.027140506
       7003.9502     0.023506798
       7005.8999     0.031882301
       7007.8501     0.030910088
       7009.7998     0.027314255
       7011.7500     0.019969042
       7013.7002     0.022175692
       7015.6499     0.025765797
       7017.6001     0.023739049
       7019.5498     0.023377756
       7021.5000     0.025892062
       7023.4502     0.028857341
       7025.3999     0.030028634
       7027.3501     0.027376829
       7029.2998     0.022844130
       7031.2500     0.026143972
       7033.2002     0.027286213
       7035.1499     0.031570494
       7037.1001     0.033079769
       7039.0498     0.021583002
       7041.0000     0.024510968
       7042.9502     0.037961353
       7044.8999     0.033578541
       7046.8501     0.026666416
       7048.7998     0.027828753
       7050.7500     0.033126481
       7052.7002     0.030282130
       7054.6499     0.026607914
       7056.6001     0.029527746
       7058.5498     0.040090039
       7060.5000     0.043102395
       7062.4502     0.038469318
       7064.3999     0.037594561
       7066.3501     0.040905520
       7068.2998     0.037012503
       7070.2500     0.042487122
       7072.2002     0.039937977
       7074.1499     0.039068848
       7076.1001     0.034092762
       7078.0498     0.032374628
       7080.0000     0.038053304
       7081.9502     0.042194024
       7083.8999     0.045513414
       7085.8501     0.043464858
       7087.7998     0.047117282
       7089.7500     0.045508690
       7091.7002     0.045133453
       7093.6499     0.047327925
       7095.6001     0.045875832
       7097.5498     0.044477228
       7099.5000     0.043795850
       7101.4502     0.044813383
       7103.3999     0.048008811
       7105.3501     0.050184388
       7107.2998     0.052524768
       7109.2500     0.053487111
       7111.2002     0.050610408
       7113.1499     0.053242885
       7115.1001     0.047751930
       7117.0498     0.047852170
       7119.0000     0.051491156
       7120.9502     0.048784591
       7122.8999     0.044334695
       7124.8501     0.043180782
       7126.7998     0.035246991
       7128.7500     0.039894033
       7130.7002     0.046280392
       7132.6499     0.043968018
       7134.6001     0.043967426
       7136.5498     0.046165429
       7138.5000     0.049914315
       7140.4502     0.049140573
       7142.3999     0.044092197
       7144.3501     0.050165024
       7146.2998     0.055753276
       7148.2500     0.055530872
       7150.2002     0.055081446
       7152.1499     0.047791805
       7154.1001     0.040315367
       7156.0498     0.045389544
       7158.0000     0.047626235
       7159.9502     0.045852117
       7161.8999     0.046902228
       7163.8501     0.042606756
       7165.7998     0.042147644
       7167.7500     0.047664270
       7169.7002     0.043891836
       7171.6499     0.038671900
       7173.6001     0.044661358
       7175.5498     0.047116272
       7177.5000     0.046772871
       7179.4502     0.050173707
       7181.3999     0.048043698
       7183.3501     0.046577279
       7185.2998     0.048554260
       7187.2500     0.048398212
       7189.2002     0.051315654
       7191.1499     0.054707527
       7193.1001     0.052787628
       7195.0498     0.053266354
       7197.0000     0.055109356
       7198.9502     0.062058315
       7200.8999     0.061123777
       7202.8501     0.054127406
       7204.7998     0.057565797
       7206.7500     0.058179900
       7208.7002     0.054411072
       7210.6499     0.050856598
       7212.6001     0.050266642
       7214.5498     0.059428360
       7216.5000     0.066414610
       7218.4502     0.064957298
       7220.3999     0.063666910
       7222.3501     0.064373508
       7224.2998     0.067490079
       7226.2500     0.068423018
       7228.2002     0.063512690
       7230.1499     0.064811647
       7232.1001     0.072150975
       7234.0498     0.071114592
       7236.0000     0.066063963
       7237.9502     0.062064819
       7239.8999     0.063800082
       7241.8501     0.068378113
       7243.7998     0.071102150
       7245.7500     0.082277350
       7247.7002     0.083231993
       7249.6499     0.074969187
       7251.6001     0.073053598
       7253.5498     0.082376190
       7255.5000     0.099339895
       7257.4502     0.099939510
       7259.3999     0.090019315
       7261.3501     0.083023034
       7263.2998     0.083660759
       7265.2500     0.087196223
       7267.2002     0.088480093
       7269.1499     0.083653346
       7271.1001     0.074647613
       7273.0498     0.088331029
       7275.0000     0.096760727
       7276.9502     0.074005857
       7278.8999     0.076822795
       7280.8501     0.099490553
       7282.7998     0.095728122
       7284.7500     0.084339172
       7286.7002     0.076720953
       7288.6499     0.073369630
       7290.6001     0.080626383
       7292.5498     0.076511405
       7294.5000     0.068741821
       7296.4502     0.069067538
       7298.3999     0.071745813
       7300.3501     0.075626686
       7302.2998     0.084503278
       7304.2500     0.090669222
       7306.2002     0.082771406
       7308.1499     0.076332286
       7310.1001     0.074063323
       7312.0498     0.074055888
       7314.0000     0.074414261
       7315.9502     0.061502043
       7317.8999     0.052091099
       7319.8501     0.059273418
       7321.7998     0.064395450
       7323.7500     0.069782019
       7325.7002     0.079197928
       7327.6499     0.076862797
       7329.6001     0.074527673
       7331.5498     0.072192542
       7333.5000     0.069857419
       7335.4502     0.067522287
       7337.3999     0.065187164
       7339.3501     0.062852032
       7341.2998     0.062852032
       7343.2500     0.064919472
       7345.2002     0.074070156
       7347.1499     0.083397739
       7349.1001     0.083972737
       7351.0498     0.080917351
       7353.0000     0.075740963
       7354.9502     0.079422720
       7356.8999     0.085479386
       7358.8501     0.082374744
       7360.7998     0.083669037
       7362.7500     0.088638142
       7364.7002     0.081625924
       7366.6499     0.087864168
       7368.6001     0.090232186
       7370.5498     0.089276351
       7372.5000     0.088328324
       7374.4502     0.083870426
       7376.3999     0.090657838
       7378.3501     0.095097043
       7380.2998     0.093615562
       7382.2500     0.094077140
       7384.2002     0.095993601
       7386.1499     0.089664422
       7388.1001     0.081698723
       7390.0498     0.076410808
       7392.0000     0.079504326
       7393.9502     0.088326909
       7395.8999     0.093511827
       7397.8501     0.098861061
       7399.7998      0.10023073
       7401.7500     0.083605625
       7403.7002     0.074871860
       7405.6499     0.083907142
       7407.6001     0.087802731
       7409.5498     0.081399515
       7411.5000     0.070755541
       7413.4502     0.076410234
       7415.3999     0.082192734
       7417.3501     0.077314518
       7419.2998     0.073973961
       7421.2500     0.071762122
       7423.2002     0.070191503
       7425.1499     0.066635102
       7427.1001     0.071075052
       7429.0498     0.071710877
       7431.0000     0.067271337
       7432.9502     0.068507023
       7434.8999     0.069090255
       7436.8501     0.078219399
       7438.7998     0.079466470
       7440.7500     0.066293940
       7442.7002     0.062465038
       7444.6499     0.067506120
       7446.6001     0.068074778
       7448.5498     0.062271722
       7450.5000     0.055000719
       7452.4502     0.052791331
       7454.3999     0.050512522
       7456.3501     0.046192102
       7458.2998     0.046945263
       7460.2500     0.045451894
       7462.2002     0.040568206
       7464.1499     0.039033122
       7466.1001     0.041394055
       7468.0498     0.048720397
       7470.0000     0.055264771
       7471.9502     0.050990276
       7473.8999     0.044850584
       7475.8501     0.037236065
       7477.7998     0.043574721
       7479.7500     0.047917787
       7481.7002     0.039995428
       7483.6499     0.040475897
       7485.6001     0.036102511
       7487.5498     0.032867182
       7489.5000     0.031363305
       7491.4502     0.031097904
       7493.3999     0.027209543
       7495.3501     0.026176602
       7497.2998     0.029254742
       7499.2500     0.036566578
       7501.2002     0.035878144
       7503.1499     0.027385361
       7505.1001     0.032389235
       7507.0498     0.035710886
       7509.0000     0.036790580
       7510.9502     0.035254672
       7512.8999     0.031608980
       7514.8501     0.031545006
       7516.7998     0.035451885
       7518.7500     0.037597574
       7520.7002     0.033426799
       7522.6499     0.016866580
       7524.6001     0.018790262
       7526.5498     0.020464715
       7528.5000     0.026402978
       7530.4502     0.023361087
       7532.3999     0.021583313
       7534.3501     0.016352179
       7536.2998     0.018974777
       7538.2500     0.023811938
       7540.2002     0.032061249
       7542.1499     0.022421496
       7544.1001     0.021512523
       7546.0498     0.034175564
       7548.0000     0.028336233
       7549.9502     0.019120337
       7551.8999     0.022021700
       7553.8501     0.028043747
       7555.7998     0.026754644
       7557.7500     0.022455810
       7559.7002     0.020020237
       7561.6499     0.020239187
       7563.6001     0.025682982
       7565.5498     0.024727793
       7567.5000     0.018829510
       7569.4502     0.023875970
       7571.3999     0.030602705
       7573.3501     0.027432600
       7575.2998     0.025069373
       7577.2500     0.019350886
       7579.2002     0.023871200
       7581.1499     0.025522782
       7583.1001     0.025443094
       7585.0498     0.023835570
       7587.0000     0.027186774
       7588.9502     0.023442520
       7590.8999     0.021827303
       7592.8501     0.023302283
       7594.7998     0.027353315
       7596.7500     0.028062697
       7598.7002     0.024297079
       7600.6499     0.013916069
       7602.6001     0.019798527
       7604.5498     0.017587224
       7606.5000    0.0043706754
       7608.4502     0.014568946
       7610.3999     0.034510639
       7612.3501     0.022914520
       7614.2998     0.033845134
       7616.2500     0.019097034
       7618.2002     0.015097453
       7620.1499     0.032979429
       7622.1001     0.031058248
       7624.0498     0.021346349
       7626.0000     0.014883625
       7627.9502     0.024419140
       7629.8999     0.025354402
       7631.8501     0.018942557
       7633.7998     0.017316569
       7635.7500     0.018181866
       7637.7002     0.018609574
       7639.6499     0.023505831
       7641.6001     0.021112600
       7643.5498     0.021304725
       7645.5000     0.020144233
       7647.4502     0.023371087
       7649.3999     0.028798003
       7651.3501     0.015778227
       7653.2998     0.012964324
       7655.2500     0.015888413
       7657.2002     0.020074122
       7659.1499     0.027435368
       7661.1001     0.022654638
       7663.0498     0.018477539
       7665.0000     0.019145435
       7666.9502     0.022874499
       7668.8999     0.017092714
       7670.8501     0.011473074
       7672.7998     0.022602236
       7674.7500     0.025665650
       7676.7002     0.021537753
       7678.6499     0.025333228
       7680.6001     0.030463012
       7682.5498     0.026001239
       7684.5000     0.018007925
       7686.4502     0.023915252
       7688.3999     0.029676491
       7690.3501     0.024443347
       7692.2998     0.018390844
       7694.2500     0.029309798
       7696.2002     0.023462739
       7698.1499     0.016937600
       7700.1001     0.026074346
       7702.0498     0.022850942
       7704.0000     0.025851319
       7705.9502     0.022678331
       7707.8999     0.030970315
       7709.8501     0.036773924
       7711.7998     0.033360261
       7713.7500     0.038441457
       7715.7002     0.022972357
       7717.6499     0.021195522
       7719.6001     0.025157973
       7721.5498     0.028971286
       7723.5000     0.013075664
       7725.4502     0.018158825
       7727.3999     0.028250434
       7729.3501     0.033918105
       7731.2998     0.028198149
       7733.2500     0.020899827
       7735.2002     0.015153597
       7737.1499     0.027657593
       7739.1001     0.028424801
       7741.0498     0.029276285
       7743.0000     0.036189396
       7744.9502     0.026700772
       7746.8999     0.035827488
       7748.8501     0.038731460
       7750.7998     0.021138255
       7752.7500     0.040201582
       7754.7002     0.035252564
       7756.6499     0.035513930
       7758.6001     0.032785114
       7760.5498     0.027751667
       7762.5000     0.048589237
       7764.4502     0.035903998
       7766.3999     0.036632463
       7768.3501     0.041663397
       7770.2998     0.045348253
       7772.2500     0.043424651
       7774.2002     0.038469695
       7776.1499     0.047736492
       7778.1001     0.033085357
       7780.0498     0.025424976
       7782.0000     0.036564868
       7783.9502     0.044245966
       7785.8999     0.040920660
       7787.8501     0.032882877
       7789.7998     0.042904247
       7791.7500     0.040940978
       7793.7002     0.037948769
       7795.6499     0.051217310
       7797.6001     0.047412839
       7799.5498     0.035443153
       7801.5000     0.039519325
       7803.4502     0.043890011
       7805.3999     0.043332051
       7807.3501     0.041420735
       7809.2998     0.048479624
       7811.2500     0.054852672
       7813.2002     0.045749366
       7815.1499     0.037797932
       7817.1001     0.033406630
       7819.0498     0.027013201
       7821.0000     0.032879379
       7822.9502     0.048065141
       7824.8999     0.044086404
       7826.8501     0.042690761
       7828.7998     0.043026995
       7830.7500     0.043526571
       7832.7002     0.047318321
       7834.6499     0.039386924
       7836.6001     0.039595932
       7838.5498     0.047090150
       7840.5000     0.033326454
       7842.4502     0.036896806
       7844.3999     0.046111904
       7846.3501     0.037836820
       7848.2998     0.042564798
       7850.2500     0.046699688
       7852.2002     0.047079306
       7854.1499     0.049767394
       7856.1001     0.043634806
       7858.0498     0.030019537
       7860.0000     0.027155487
       7861.9502     0.028836265
       7863.8999     0.035693131
       7865.8501     0.040997811
       7867.7998     0.043513440
       7869.7500     0.030095296
       7871.7002     0.026001599
       7873.6499     0.043454096
       7875.6001     0.036624521
       7877.5498     0.034749385
       7879.5000     0.034818046
       7881.4502     0.028990010
       7883.3999     0.028576143
       7885.3501     0.024840448
       7887.2998     0.026195483
       7889.2500     0.035217665
       7891.2002     0.037274491
       7893.1499     0.029929344
       7895.1001     0.036535893
       7897.0498     0.039861955
       7899.0000     0.030778553
       7900.9502     0.028609399
       7902.8999     0.020557910
       7904.8501     0.025804831
       7906.7998     0.043340947
       7908.7500     0.043479212
       7910.7002     0.034125466
       7912.6499     0.031684946
       7914.6001     0.022847904
       7916.5498     0.022390863
       7918.5000     0.030922718
       7920.4502     0.036367171
       7922.3999     0.032171864
       7924.3501     0.025125155
       7926.2998     0.014417933
       7928.2500     0.019564731
       7930.2002     0.038591165
       7932.1499     0.039168775
       7934.1001     0.022928422
       7936.0498     0.019929042
       7938.0000     0.025748476
       7939.9502     0.025177684
       7941.8999     0.028462475
       7943.8501     0.024453515
       7945.7998     0.021965131
       7947.7500     0.021762265
       7949.7002     0.025590446
       7951.6499     0.025299324
       7953.6001     0.020726744
       7955.5498     0.025476698
       7957.5000     0.024090733
       7959.4502     0.031411659
       7961.3999     0.032134648
       7963.3501     0.020131754
       7965.2998     0.011858278
       7967.2500     0.030984920
       7969.2002     0.031402383
       7971.1499     0.017039262
       7973.1001     0.024085995
       7975.0498     0.015970383
       7977.0000     0.016698064
       7978.9502     0.017425746
       7980.8999     0.018153425
       7982.8501     0.018881107
       7984.7998     0.019608788
       7986.7500     0.020336470
       7988.7002     0.021064149
       7990.6499     0.021791833
       7992.6001     0.022519512
       7994.5498     0.023247194
       7996.5000     0.023974875
       7998.4502     0.024702556
       8000.3999     0.025430238
       8002.3501     0.026157917
       8004.2998     0.026885599
       8006.2500     0.027613280
       8008.2002     0.027613280
       8010.1499     0.020644184
       8012.1001     0.017147237
       8014.0498     0.019350179
       8016.0000     0.017666057
       8017.9502     0.015354604
       8019.8999     0.020405872
       8021.8501     0.027105695
       8023.7998     0.034553476
       8025.7500     0.024680518
       8027.7002     0.011772038
       8029.6499     0.022091672
       8031.6001     0.025184641
       8033.5498     0.016940540
       8035.5000     0.019430550
       8037.4502     0.020998120
       8039.3999     0.017838076
       8041.3501     0.020372137
       8043.2998     0.018284321
       8045.2500     0.017294373
       8047.2002     0.014116690
       8049.1499     0.013091526
       8051.1001     0.020969629
       8053.0498     0.025227981
       8055.0000     0.014936977
       8056.9502     0.013776012
       8058.8999     0.032986198
       8060.8501     0.037267175
       8062.7998     0.028325694
       8064.7500     0.016700534
       8066.7002     0.028489847
       8068.6499     0.026253184
       8070.6001     0.015026691
       8072.5498     0.017940678
       8074.5000     0.022880152
       8076.4502     0.018392932
       8078.3999     0.022050485
       8080.3501     0.023700865
       8082.2998     0.017240576
       8084.2500     0.018667646
       8086.2002     0.018265735
       8088.1499     0.021019423
       8090.1001     0.025981870
       8092.0498     0.018417822
       8094.0000     0.027162036
       8095.9502     0.026123604
       8097.8999     0.013020518
       8099.8501     0.011133500
       8101.7998     0.024264971
       8103.7500     0.031301081
       8105.7002     0.020169545
       8107.6499     0.016898941
       8109.6001     0.013521636
       8111.5498    0.0085494807
       8113.5000    0.0099610304
       8115.4502     0.018110678
       8117.3999     0.020933300
       8119.3501     0.021037342
       8121.2998     0.021134909
       8123.2500     0.017933913
       8125.2002     0.018935565
       8127.1499     0.021491243
       8129.1001     0.021705950
       8131.0498     0.021301987
       8133.0000     0.015566522
       8134.9502     0.012951341
       8136.8999     0.010543562
       8138.8501    0.0086548198
       8140.7998    0.0080406927
       8142.7500     0.010874923
       8144.7002    0.0091519831
       8146.6499    0.0045734742
       8148.6001    0.0083579775
       8150.5498     0.017781897
       8152.5000     0.016787831
       8154.4502     0.010029747
       8156.3999    0.0055455370
       8158.3501    0.0078136316
       8160.2998     0.013444507
       8162.2500    0.0067083193
       8164.2002    0.0014949518
       8166.1499    0.0089083845
       8168.1001     0.013183441
       8170.0498     0.015655341
       8172.0000     0.015699385
       8173.9502     0.017833896
       8175.8999     0.023841817
       8177.8501     0.015600439
       8179.7998    0.0041653053
       8181.7500    0.0040950351
       8183.7002    0.0029469118
       8185.6499    0.0048130299
       8187.6001    0.0082730521
       8189.5498    0.0083161090
       8191.5000     0.012059107
       8193.4502     0.011606147
       8195.4004     0.013161601
       8197.3496     0.017555960
       8199.2998     0.015484449
       8201.2500     0.012351106
       8203.2002     0.010610240
       8205.1504     0.016991770
       8207.0996     0.018298829
       8209.0498     0.016879229
       8211.0000     0.019049065
       8212.9502     0.012349551
       8214.9004    0.0072534028
       8216.8496    0.0068374346
       8218.7998    0.0064556892
       8220.7500    0.0052105160
       8222.7002     0.010660768
       8224.6504     0.013855803
       8226.5996     0.019647615
       8228.5498     0.016045865
       8230.5000     0.014570497
       8232.4502     0.018934568
       8234.4004     0.015049010
       8236.3496     0.014004781
       8238.2998     0.013463909
       8240.2500     0.013218642
       8242.2002    0.0047332048
       8244.1504    0.0053696716
       8246.0996    0.0041405600
       8248.0498    0.0049772863
       8250.0000     0.012431197
       8251.9502   0.00073070469
       8253.9004     0.010844697
       8255.8496     0.019189816
       8257.7998    0.0073387837
       8259.7500    0.0074535673
       8261.7002    0.0059328359
       8263.6504    0.0042469241
       8265.5996     0.015585565
       8267.5498     0.020395702
       8269.5000     0.017661633
       8271.4502    0.0069656502
       8273.4004    0.0019339548
       8275.3496     0.018754790
       8277.2998     0.021253353
       8279.2500    0.0029630070
       8281.2002     0.010619598
       8283.1504     0.020532276
       8285.0996     0.016109506
       8287.0498     0.011490942
       8289.0000    0.0028953257
       8290.9502    0.0096659679
       8292.9004     0.019890746
       8294.8496     0.029104743
       8296.7998     0.021352513
       8298.7500    0.0013259972
       8300.7002    0.0044086315
       8302.6504     0.015240246
       8304.5996     0.010590750
       8306.5498     0.014710327
       8308.5000     0.014071146
       8310.4502    0.0018502104
       8312.4004     0.012006029
       8314.3496     0.017536841
       8316.2998     0.016874241
       8318.2500     0.012733414
       8320.2002    0.0087596234
       8322.1504     0.015655380
       8324.0996     0.015064331
       8326.0498     0.013896415
       8328.0000     0.021780990
       8329.9502     0.014001160
       8331.9004     0.016719589
       8333.8496     0.031230567
       8335.7998     0.028982800
       8337.7500     0.026141806
       8339.7002     0.022791322
       8341.6504    0.0023927190
       8343.5996    -0.037892438
       8345.5498    -0.031117680
       8347.5000    -0.011439235
       8349.4502   -0.0088118706
       8351.4004   -0.0011586716
       8353.3496     0.011000866
       8355.2998     0.020164130
       8357.2500     0.020579709
       8359.2002    0.0091913640
       8361.1504     0.013635024
       8363.0996     0.027665377
       8365.0498    0.0076511456
       8367.0000   -0.0046909517
       8368.9502     0.017198669
       8370.9004     0.031610653
       8372.8496     0.015052929
       8374.7998     0.013778274
