       3479.0000      0.11180030
       3480.4700     0.029227419
       3481.9399     0.034429196
       3483.4099     0.039630972
       3484.8799     0.044832747
       3486.3501     0.050034523
       3487.8201     0.055236299
       3489.2900     0.060438074
       3490.7600     0.060438074
       3492.2300     0.097959004
       3493.7000     0.047554843
       3495.1699     0.012859547
       3496.6399    0.0024873097
       3498.1101     0.051467769
       3499.5801     0.037149940
       3501.0500     0.076256692
       3502.5200    -0.024848226
       3503.9900     0.041065767
       3505.4600      0.12541462
       3506.9299      0.12361432
       3508.3999     0.054944817
       3509.8701     0.060136084
       3511.3401     0.031956382
       3512.8101    0.0074542989
       3514.2800     0.054910112
       3515.7500     0.086985476
       3517.2200     0.070684150
       3518.6899     0.088708103
       3520.1599      0.12549378
       3521.6299     0.058097456
       3523.1001     0.093777426
       3524.5701      0.13571291
       3526.0400     0.081947520
       3527.5100      0.15875374
       3528.9800      0.15462512
       3530.4500      0.17131846
       3531.9199      0.23892470
       3533.3899     0.095924914
       3534.8601   -0.0021156268
       3536.3301      0.20425558
       3537.8000      0.19012046
       3539.2700     0.081192121
       3540.7400      0.19151570
       3542.2100      0.15166172
       3543.6799      0.19276643
       3545.1499      0.26965404
       3546.6201      0.12127693
       3548.0901      0.26319605
       3549.5601      0.14550391
       3551.0300      0.26619962
       3552.5000      0.30979550
       3553.9700      0.19613273
       3555.4399      0.14504254
       3556.9099      0.23841637
       3558.3799      0.11874989
       3559.8501     0.090652354
       3561.3201      0.19932580
       3562.7900      0.31371945
       3564.2600      0.13549538
       3565.7300      0.28020528
       3567.2000      0.21206194
       3568.6699      0.10328764
       3570.1399      0.13539481
       3571.6101      0.22427048
       3573.0801      0.17014806
       3574.5500      0.20488057
       3576.0200      0.19565913
       3577.4900      0.18643770
       3578.9600      0.17721626
       3580.4299      0.16799483
       3581.8999      0.15877338
       3583.3701      0.14955194
       3584.8401      0.14033051
       3586.3101      0.13110907
       3587.7800      0.13110907
       3589.2500      0.19651558
       3590.7200      0.21134678
       3592.1899      0.14407234
       3593.6599      0.16591020
       3595.1299      0.15431334
       3596.6001      0.13007034
       3598.0701      0.21259388
       3599.5400      0.17475802
       3601.0100      0.15514871
       3602.4800      0.19904684
       3603.9500      0.17105491
       3605.4199     0.088169202
       3606.8899      0.17093970
       3608.3601      0.13491385
       3609.8301      0.11134095
       3611.3000      0.16174650
       3612.7700      0.14543466
       3614.2400      0.13342445
       3615.7100      0.10203417
       3617.1799      0.17915310
       3618.6499      0.35749903
       3620.1201      0.22602583
       3621.5901     0.013006646
       3623.0601     0.045273468
       3624.5300     0.064276353
       3626.0000      0.10058717
       3627.4700      0.19961026
       3628.9399      0.18305032
       3630.4099      0.16732150
       3631.8799      0.19438757
       3633.3501     0.059939358
       3634.8201     0.091362342
       3636.2900      0.16712949
       3637.7600      0.17063944
       3639.2300      0.15738015
       3640.7000  -0.00010874740
       3642.1699      0.14025439
       3643.6399      0.16819015
       3645.1101      0.12735629
       3646.5801      0.16891530
       3648.0500      0.13404697
       3649.5200      0.23928604
       3650.9900      0.27777544
       3652.4600      0.24838398
       3653.9299      0.16459678
       3655.3999     0.079616129
       3656.8701     0.040409483
       3658.3401      0.10507542
       3659.8101      0.18004450
       3661.2800     0.053032305
       3662.7500     0.081915349
       3664.2200      0.19275774
       3665.6899      0.10837916
       3667.1599     0.080287293
       3668.6299     0.098995887
       3670.1001      0.13496263
       3671.5701      0.10324207
       3673.0400      0.16236939
       3674.5100      0.13379352
       3675.9800      0.12631665
       3677.4500     0.035560142
       3678.9199     0.073926277
       3680.3899      0.18320748
       3681.8601      0.14859702
       3683.3301      0.20896764
       3684.8000      0.12961672
       3686.2700     0.050201129
       3687.7400     0.063214697
       3689.2100      0.14013332
       3690.6799     0.087993644
       3692.1499     0.056810308
       3693.6201      0.13049604
       3695.0901      0.21555574
       3696.5601      0.10158280
       3698.0300     0.040831666
       3699.5000     0.076764911
       3700.9700      0.12112706
       3702.4399     0.095159851
       3703.9099     0.083460450
       3705.3799     0.054730073
       3706.8501     0.090083227
       3708.3201      0.16014041
       3709.7900      0.12638530
       3711.2600      0.10037593
       3712.7300      0.12265794
       3714.2000     0.085480496
       3715.6699      0.13584396
       3717.1399      0.14319828
       3718.6101     0.078808010
       3720.0801      0.16203077
       3721.5500      0.15035529
       3723.0200      0.19152315
       3724.4900      0.16151316
       3725.9600      0.17123130
       3727.4299      0.11784633
       3728.8999     0.082682729
       3730.3701      0.12870464
       3731.8401      0.15460150
       3733.3101      0.10356239
       3734.7800      0.10335110
       3736.2500      0.10313981
       3737.7200      0.10375778
       3739.1899      0.10437563
       3740.6599      0.10499349
       3742.1299      0.10561135
       3743.6001      0.10622932
       3745.0701      0.10684717
       3746.5400      0.10746504
       3748.0100      0.10808300
       3749.4800      0.10870086
       3750.9500      0.10931872
       3752.4199      0.10993658
       3753.8899      0.11055444
       3755.3601      0.11117241
       3756.8301      0.11179026
       3758.3000      0.11240823
       3759.7700      0.11302608
       3761.2400      0.11364394
       3762.7100      0.11426181
       3764.1799      0.11487967
       3765.6499      0.11549753
       3767.1201      0.11611549
       3768.5901      0.11673345
       3770.0601      0.11735132
       3771.5300      0.11796917
       3773.0000      0.11858703
       3774.4700      0.11920489
       3775.9399      0.16397284
       3777.4099      0.22448495
       3778.8799      0.18455702
       3780.3501      0.13765711
       3781.8201      0.15973994
       3783.2900      0.15650927
       3784.7600      0.17661884
       3786.2300      0.10052516
       3787.7000      0.12584113
       3789.1699     0.081936724
       3790.6399      0.17457235
       3792.1101      0.21947101
       3793.5801      0.20875132
       3795.0500      0.15374354
       3796.5200      0.13096318
       3797.9900      0.13187638
       3799.4600      0.15024200
       3800.9299      0.16562407
       3802.3999      0.16567194
       3803.8701      0.18530345
       3805.3401      0.14798385
       3806.8101      0.21530172
       3808.2800      0.21483456
       3809.7500      0.19994149
       3811.2200      0.23415296
       3812.6899      0.19424164
       3814.1599      0.16809587
       3815.6299      0.21742517
       3817.1001      0.22535107
       3818.5701      0.22967917
       3820.0400      0.16495740
       3821.5100      0.16922095
       3822.9800      0.23327532
       3824.4500      0.27334213
       3825.9199      0.17734621
       3827.3899      0.19562571
       3828.8601      0.21877721
       3830.3301      0.15164524
       3831.8000      0.23483437
       3833.2700      0.24333525
       3834.7400      0.21361071
       3836.2100      0.24416114
       3837.6799      0.20738953
       3839.1499      0.20789972
       3840.6201      0.26431784
       3842.0901      0.24401183
       3843.5601      0.22091167
       3845.0300      0.27112114
       3846.5000      0.20732936
       3847.9700      0.20812201
       3849.4399      0.22978984
       3850.9099      0.20897670
       3852.3799      0.21122496
       3853.8501      0.21590781
       3855.3201      0.21562736
       3856.7900      0.21564400
       3858.2600      0.27695215
       3859.7300      0.25122902
       3861.2000      0.23622203
       3862.6699      0.23451552
       3864.1399      0.26440388
       3865.6101      0.20307912
       3867.0801      0.22577821
       3868.5500      0.27705345
       3870.0200      0.25371757
       3871.4900      0.24547566
       3872.9600      0.21276197
       3874.4299      0.23926777
       3875.8999      0.28611904
       3877.3701      0.22847746
       3878.8401      0.23439600
       3880.3101      0.18791446
       3881.7800      0.20484816
       3883.2500      0.21578535
       3884.7200      0.21073282
       3886.1899      0.23132858
       3887.6599      0.17657834
       3889.1299      0.21379843
       3890.6001      0.16781127
       3892.0701      0.16491261
       3893.5400      0.24448170
       3895.0100      0.19679856
       3896.4800      0.19946663
       3897.9500      0.18698865
       3899.4199      0.18847007
       3900.8899      0.19881257
       3902.3601      0.20741878
       3903.8301      0.17151535
       3905.3000      0.16665584
       3906.7700      0.22197954
       3908.2400      0.17814167
       3909.7100      0.18463944
       3911.1799      0.25731468
       3912.6499      0.22207242
       3914.1201      0.15471630
       3915.5901      0.18004239
       3917.0601      0.21216245
       3918.5300      0.20150037
       3920.0000      0.13785467
       3921.4700      0.16424443
       3922.9399      0.16512945
       3924.4099      0.13994534
       3925.8799      0.15393247
       3927.3501      0.21619028
       3928.8201      0.20277140
       3930.2900      0.20130713
       3931.7600      0.21511732
       3933.2300      0.19362833
       3934.7000      0.19310161
       3936.1699      0.21035522
       3937.6399      0.20208947
       3939.1101      0.14963517
       3940.5801      0.17030583
       3942.0500      0.20897569
       3943.5200      0.19991906
       3944.9900      0.21405107
       3946.4600      0.17106169
       3947.9299      0.14871620
       3949.3999      0.19972789
       3950.8701      0.21343146
       3952.3401      0.14636159
       3953.8101      0.14021155
       3955.2800      0.15173361
       3956.7500      0.17060852
       3958.2200      0.20662396
       3959.6899      0.19490905
       3961.1599      0.22238848
       3962.6299      0.20512037
       3964.1001      0.20665281
       3965.5701      0.21160567
       3967.0400      0.13864405
       3968.5100      0.19865127
       3969.9800      0.21731740
       3971.4500      0.17782517
       3972.9199      0.13341045
       3974.3899      0.18423629
       3975.8601      0.17521809
       3977.3301      0.17036127
       3978.8000      0.20365719
       3980.2700      0.24585098
       3981.7400      0.24949108
       3983.2100      0.20725842
       3984.6799      0.23921858
       3986.1499      0.19889434
       3987.6201      0.15609396
       3989.0901      0.16812366
       3990.5601      0.19508591
       3992.0300      0.24103519
       3993.5000      0.21688357
       3994.9700      0.17450753
       3996.4399      0.18752648
       3997.9099      0.18407419
       3999.3799      0.20149818
       4000.8501      0.21360227
       4002.3201      0.17414634
       4003.7900      0.18354070
       4005.2600      0.22138277
       4006.7300      0.17838825
       4008.2000      0.18963578
       4009.6699      0.19058658
       4011.1399      0.22366339
       4012.6101      0.22343552
       4014.0801      0.13943961
       4015.5500      0.18531021
       4017.0200      0.18607984
       4018.4900      0.14351934
       4019.9600      0.19609812
       4021.4299      0.20466267
       4022.8999      0.18397950
       4024.3701      0.16752009
       4025.8401      0.20206711
       4027.3101      0.21225272
       4028.7800      0.15954304
       4030.2500      0.16140495
       4031.7200      0.19917431
       4033.1899      0.18214709
       4034.6599      0.18219143
       4036.1299      0.19561285
       4037.6001      0.19425796
       4039.0701      0.19127974
       4040.5400      0.18137293
       4042.0100      0.24894497
       4043.4800      0.27520859
       4044.9500      0.19717973
       4046.4199      0.12138444
       4047.8899      0.19532542
       4049.3601      0.22505240
       4050.8301      0.19915992
       4052.3000      0.18003550
       4053.7700      0.18272468
       4055.2400      0.21770215
       4056.7100      0.16844629
       4058.1799      0.15071958
       4059.6499      0.16060318
       4061.1201      0.20362046
       4062.5901      0.20889077
       4064.0601      0.18212111
       4065.5300      0.19533908
       4067.0000      0.22702973
       4068.4700      0.18892893
       4069.9399      0.16201428
       4071.4099      0.17755796
       4072.8799      0.19050293
       4074.3501      0.15543498
       4075.8201      0.18690649
       4077.2900      0.18320684
       4078.7600      0.18032746
       4080.2300      0.19910656
       4081.7000      0.22599396
       4083.1699      0.18254615
       4084.6399      0.16608661
       4086.1101      0.19024521
       4087.5801      0.15941525
       4089.0500      0.15899761
       4090.5200      0.16127838
       4091.9900      0.10001216
       4093.4600      0.15110238
       4094.9299      0.13148919
       4096.3999      0.15375723
       4097.8701      0.18143804
       4099.3398      0.15688020
       4100.8101      0.18317036
       4102.2798      0.19200121
       4103.7500      0.21278973
       4105.2202      0.16615336
       4106.6899      0.13622355
       4108.1602      0.18327083
       4109.6299      0.15524629
       4111.1001      0.14136037
       4112.5698      0.17663176
       4114.0400      0.16456939
       4115.5098      0.13729438
       4116.9800      0.14370981
       4118.4502      0.16325173
       4119.9199      0.17203271
       4121.3901      0.18100853
       4122.8599      0.17287730
       4124.3301      0.18717758
       4125.7998      0.15024811
       4127.2700      0.22286184
       4128.7402      0.22119378
       4130.2100      0.17753461
       4131.6802      0.16230102
       4133.1499      0.13288854
       4134.6201      0.14743283
       4136.0898      0.19586143
       4137.5601      0.20159705
       4139.0298      0.19068962
       4140.5000      0.17557332
       4141.9702      0.18883744
       4143.4399      0.18797868
       4144.9102      0.19510555
       4146.3799      0.16408764
       4147.8501      0.18746352
       4149.3198      0.22864796
       4150.7900      0.21174715
       4152.2598      0.21147275
       4153.7300      0.13898017
       4155.2002      0.10416552
       4156.6699      0.16430390
       4158.1401      0.18194562
       4159.6099      0.15594932
       4161.0801      0.18158282
       4162.5498      0.19935574
       4164.0200      0.16794722
       4165.4902      0.18914418
       4166.9600      0.17927073
       4168.4302      0.14617316
       4169.8999      0.17298396
       4171.3701      0.12983614
       4172.8398      0.16106524
       4174.3101      0.17052400
       4175.7798      0.13194200
       4177.2500      0.15610537
       4178.7202      0.17592114
       4180.1899      0.15156285
       4181.6602      0.13304238
       4183.1299      0.15973000
       4184.6001      0.19877571
       4186.0698      0.16461469
       4187.5400      0.13857667
       4189.0098      0.14936927
       4190.4800      0.14961185
       4191.9502      0.14553384
       4193.4199      0.13786457
       4194.8901      0.14829686
       4196.3599      0.18069689
       4197.8301      0.20087673
       4199.2998      0.14092967
       4200.7700      0.15115495
       4202.2402      0.15033762
       4203.7100      0.14952029
       4205.1802      0.14870296
       4206.6499      0.14788564
       4208.1201      0.14706831
       4209.5898      0.14625096
       4211.0601      0.14543363
       4212.5298      0.14461631
       4214.0000      0.14461631
       4215.4702      0.12020373
       4216.9399      0.16541387
       4218.4102      0.13499612
       4219.8799      0.13736776
       4221.3501      0.18166304
       4222.8198      0.16538100
       4224.2900      0.14378050
       4225.7598      0.15226063
       4227.2300      0.14030567
       4228.7002      0.15620190
       4230.1699      0.13891686
       4231.6401     0.097987831
       4233.1099      0.15801121
       4234.5801      0.12914273
       4236.0498      0.13950148
       4237.5200      0.15791464
       4238.9902      0.13310094
       4240.4600      0.16344415
       4241.9302      0.14586437
       4243.3999      0.14147508
       4244.8701      0.11410643
       4246.3398      0.11884445
       4247.8101      0.14143382
       4249.2798      0.15823570
       4250.7500      0.16859512
       4252.2202      0.10249891
       4253.6899      0.12711570
       4255.1602      0.14926457
       4256.6299      0.17458653
       4258.1001      0.16204818
       4259.5698      0.16025536
       4261.0400      0.13838398
       4262.5098      0.12557116
       4263.9800     0.096885815
       4265.4502      0.15269975
       4266.9199      0.17530367
       4268.3901      0.15111262
       4269.8599      0.14656401
       4271.3301      0.17984006
       4272.7998      0.12061937
       4274.2700      0.12410097
       4275.7402      0.14003947
       4277.2100      0.15534909
       4278.6802      0.15303648
       4280.1499      0.15065452
       4281.6201      0.14166500
       4283.0898      0.16103166
       4284.5601      0.15277943
       4286.0298      0.18472284
       4287.5000      0.18100849
       4288.9702      0.15779448
       4290.4399      0.17765768
       4291.9102      0.16364579
       4293.3799      0.17037351
       4294.8501      0.16154078
       4296.3198      0.17374855
       4297.7900      0.16852474
       4299.2598      0.16238245
       4300.7300      0.15704796
       4302.2002      0.16982543
       4303.6699      0.15406138
       4305.1401      0.16132478
       4306.6099      0.17704086
       4308.0801      0.16865158
       4309.5498      0.16357881
       4311.0200      0.15474404
       4312.4902      0.15017879
       4313.9600      0.14096102
       4315.4302      0.14707603
       4316.8999      0.18055294
       4318.3701      0.15120196
       4319.8398      0.17246123
       4321.3101      0.17807154
       4322.7798      0.18388063
       4324.2500      0.17144781
       4325.7202      0.18429363
       4327.1899      0.18034767
       4328.6602      0.14940237
       4330.1299      0.14008687
       4331.6001      0.16694815
       4333.0698      0.18449944
       4334.5400      0.18813580
       4336.0098      0.11871712
       4337.4800      0.15797491
       4338.9502      0.14842172
       4340.4199      0.14692803
       4341.8901      0.14849396
       4343.3599      0.19710842
       4344.8301      0.19267166
       4346.2998      0.15745907
       4347.7700      0.18778779
       4349.2402      0.18965429
       4350.7100      0.18665229
       4352.1802      0.16784956
       4353.6499      0.13025966
       4355.1201      0.13849358
       4356.5898      0.19267328
       4358.0601      0.20601782
       4359.5298      0.20195648
       4361.0000      0.20558409
       4362.4702      0.19204009
       4363.9399      0.18572494
       4365.4102      0.20237702
       4366.8799      0.20060621
       4368.3501      0.19836561
       4369.8198      0.23756352
       4371.2900      0.24561684
       4372.7598      0.22019465
       4374.2300      0.20759897
       4375.7002      0.20751773
       4377.1699      0.20743653
       4378.6401      0.20735529
       4380.1099      0.20727406
       4381.5801      0.20719282
       4383.0498      0.20711163
       4384.5200      0.20703039
       4385.9902      0.20694916
       4387.4600      0.20686795
       4388.9302      0.20678671
       4390.3999      0.20670551
       4391.8701      0.20662427
       4393.3398      0.20654306
       4394.8101      0.20646183
       4396.2798      0.20638062
       4397.7500      0.20629939
       4399.2202      0.20621815
       4400.6899      0.20613693
       4402.1602      0.20605569
       4403.6299      0.20597447
       4405.1001      0.20589325
       4406.5698      0.20581204
       4408.0400      0.20573081
       4409.5098      0.20564960
       4410.9800      0.20556837
       4412.4502      0.20548713
       4413.9199      0.20202494
       4415.3901      0.22861278
       4416.8599      0.22581047
       4418.3301      0.19174699
       4419.7998      0.19112501
       4421.2700      0.19338885
       4422.7402      0.20532958
       4424.2100      0.19861618
       4425.6802      0.18449588
       4427.1499      0.18415125
       4428.6201      0.20035601
       4430.0898      0.21083835
       4431.5601      0.20432056
       4433.0298      0.20745152
       4434.5000      0.25216520
       4435.9702      0.23545596
       4437.4399      0.17952378
       4438.9102      0.16439547
       4440.3799      0.17850541
       4441.8501      0.21516302
       4443.3198      0.20778155
       4444.7900      0.17341337
       4446.2598      0.18557352
       4447.7300      0.19041492
       4449.2002      0.18492509
       4450.6699      0.20072116
       4452.1401      0.20875610
       4453.6099      0.19847353
       4455.0801      0.17235751
       4456.5498      0.24104933
       4458.0200      0.23848486
       4459.4902      0.16684338
       4460.9600      0.20568097
       4462.4302      0.22451708
       4463.8999      0.19632545
       4465.3701      0.19665499
       4466.8398      0.19488078
       4468.3101      0.18396340
       4469.7798      0.18518102
       4471.2500      0.21498388
       4472.7202      0.22688225
       4474.1899      0.19523501
       4475.6602      0.20728008
       4477.1299      0.18606122
       4478.6001      0.16117457
       4480.0698      0.15861771
       4481.5400      0.19325249
       4483.0098      0.19657663
       4484.4800      0.20115604
       4485.9502      0.20476788
       4487.4199      0.19025105
       4488.8901      0.19113219
       4490.3599      0.19066606
       4491.8301      0.18861970
       4493.2998      0.21931209
       4494.7700      0.22631955
       4496.2402      0.21336092
       4497.7100      0.18064620
       4499.1802      0.16518974
       4500.6499      0.17878461
       4502.1201      0.17159003
       4503.5898      0.18345173
       4505.0601      0.12828645
       4506.5298      0.10916892
       4508.0000      0.14206034
       4509.4702      0.16826953
       4510.9399      0.19363783
       4512.4102      0.16100715
       4513.8799      0.17467113
       4515.3501      0.18892176
       4516.8198      0.17324661
       4518.2900      0.13599285
       4519.7598      0.16610284
       4521.2300      0.16407385
       4522.7002      0.16334255
       4524.1699      0.18841396
       4525.6401      0.19815810
       4527.1099      0.17216732
       4528.5801      0.17881082
       4530.0498      0.17000534
       4531.5200      0.20562905
       4532.9902      0.20080470
       4534.4600      0.19631755
       4535.9302      0.19812754
       4537.3999      0.16078846
       4538.8701      0.18290177
       4540.3398      0.17646962
       4541.8101      0.16883087
       4543.2798      0.18309951
       4544.7500      0.16460112
       4546.2202      0.17098500
       4547.6899      0.16268602
       4549.1602      0.15940371
       4550.6299      0.18705773
       4552.1001      0.20095560
       4553.5698      0.18226132
       4555.0400      0.17553620
       4556.5098      0.16422097
       4557.9800      0.14849822
       4559.4502      0.16540736
       4560.9199      0.17073908
       4562.3901      0.19593781
       4563.8599      0.16342750
       4565.3301      0.20207000
       4566.7998      0.19380035
       4568.2700      0.15926512
       4569.7402      0.16152102
       4571.2100      0.17661828
       4572.6802      0.19256531
       4574.1499      0.16783106
       4575.6201      0.19007029
       4577.0898      0.19948889
       4578.5601      0.16128337
       4580.0298      0.18238160
       4581.5000      0.17657568
       4582.9702      0.18925366
       4584.4399      0.18440515
       4585.9102      0.16282560
       4587.3799      0.17860733
       4588.8501      0.19328158
       4590.3198      0.14189191
       4591.7900      0.12405550
       4593.2598      0.15702555
       4594.7300      0.17322645
       4596.2002      0.16901520
       4597.6699      0.16745082
       4599.1401      0.13840605
       4600.6099      0.14530058
       4602.0801      0.16819046
       4603.5498      0.15860540
       4605.0200      0.13653620
       4606.4902      0.19033317
       4607.9600      0.14490315
       4609.4302      0.13256820
       4610.8999      0.16063598
       4612.3701      0.14768526
       4613.8398      0.16304070
       4615.3101      0.17375006
       4616.7798      0.14266068
       4618.2500      0.13138890
       4619.7202      0.14897408
       4621.1899      0.16860011
       4622.6602      0.15848228
       4624.1299      0.15821077
       4625.6001      0.13741142
       4627.0698      0.18070863
       4628.5400      0.16429691
       4630.0098      0.12987411
       4631.4800      0.18026835
       4632.9502      0.17580537
       4634.4199      0.19432592
       4635.8901      0.20743604
       4637.3599      0.16950537
       4638.8301      0.15562175
       4640.2998      0.15436842
       4641.7700      0.17900112
       4643.2402      0.16201736
       4644.7100      0.16307811
       4646.1802      0.16413885
       4647.6499      0.16519959
       4649.1201      0.16626035
       4650.5898      0.16732109
       4652.0601      0.16838183
       4653.5298      0.16944258
       4655.0000      0.16944258
       4656.4702      0.15805255
       4657.9399      0.19058239
       4659.4102      0.14324944
       4660.8799      0.16536133
       4662.3501      0.19142956
       4663.8198      0.17768791
       4665.2900      0.16234587
       4666.7598      0.17420098
       4668.2300      0.16267376
       4669.7002      0.14052965
       4671.1699      0.16050535
       4672.6401      0.13059796
       4674.1099      0.14579426
       4675.5801      0.17361069
       4677.0498      0.11033070
       4678.5200      0.12302316
       4679.9902      0.16894025
       4681.4600      0.15981653
       4682.9302      0.12842263
       4684.3999      0.15766259
       4685.8701      0.13603659
       4687.3398      0.17210242
       4688.8101      0.16409315
       4690.2798      0.14303327
       4691.7500      0.15071701
       4693.2202      0.16312401
       4694.6899      0.15265013
       4696.1602      0.13558353
       4697.6299      0.12810354
       4699.1001      0.13565041
       4700.5698      0.13402320
       4702.0400      0.14152458
       4703.5098      0.12999438
       4704.9800      0.14464356
       4706.4502      0.15459681
       4707.9199      0.13490205
       4709.3901      0.14629808
       4710.8599      0.16211952
       4712.3301      0.14086409
       4713.7998      0.13503900
       4715.2700      0.13368855
       4716.7402      0.14179450
       4718.2100      0.15486480
       4719.6802      0.16350788
       4721.1499      0.14868538
       4722.6201      0.14150839
       4724.0898      0.13446970
       4725.5601      0.13550919
       4727.0298      0.14400028
       4728.5000      0.14117798
       4729.9702      0.11496206
       4731.4399     0.092159256
       4732.9102      0.13363922
       4734.3799      0.13094884
       4735.8501      0.14726290
       4737.3198      0.16903922
       4738.7900      0.14003049
       4740.2598      0.12402858
       4741.7300      0.13103589
       4743.2002      0.14450194
       4744.6699      0.16524687
       4746.1401      0.15641582
       4747.6099      0.15259185
       4749.0801      0.17502610
       4750.5498      0.17619899
       4752.0200      0.15257734
       4753.4902      0.13390224
       4754.9600      0.13807584
       4756.4302      0.16392414
       4757.8999      0.16315371
       4759.3701      0.17857906
       4760.8398      0.17182679
       4762.3101      0.16613550
       4763.7798      0.16713978
       4765.2500      0.14618225
       4766.7202      0.14173931
       4768.1899      0.15145344
       4769.6602      0.15817431
       4771.1299      0.16285254
       4772.6001      0.14022247
       4774.0698      0.13070466
       4775.5400      0.16693252
       4777.0098      0.16767289
       4778.4800      0.15301810
       4779.9502      0.15187120
       4781.4199      0.15370773
       4782.8901      0.16812930
       4784.3599      0.17373642
       4785.8301      0.15660462
       4787.2998      0.16106944
       4788.7700      0.17455512
       4790.2402      0.13336843
       4791.7100      0.14929132
       4793.1802      0.17599493
       4794.6499      0.16488494
       4796.1201      0.16453502
       4797.5898      0.19066589
       4799.0601      0.15635009
       4800.5298      0.16790159
       4802.0000      0.16177724
       4803.4702      0.16705814
       4804.9399      0.17437068
       4806.4102      0.17576918
       4807.8799      0.15053797
       4809.3501      0.15158585
       4810.8198      0.16297543
       4812.2900      0.14977188
       4813.7598      0.15154745
       4815.2300      0.16929749
       4816.7002      0.16610397
       4818.1699      0.15997113
       4819.6401      0.14404181
       4821.1099      0.14288171
       4822.5801      0.16732416
       4824.0498      0.14457302
       4825.5200      0.10421763
       4826.9902      0.11456160
       4828.4600      0.14182463
       4829.9302      0.15174763
       4831.3999      0.16397841
       4832.8701      0.13725479
       4834.3398      0.11324815
       4835.8101      0.13836756
       4837.2798      0.15375233
       4838.7500      0.15258005
       4840.2202      0.14357635
       4841.6899      0.16886599
       4843.1602      0.14643660
       4844.6299      0.10785888
       4846.1001      0.14968590
       4847.5698      0.14955950
       4849.0400      0.12178957
       4850.5098      0.13257959
       4851.9800      0.15681387
       4853.4502      0.13463728
       4854.9199      0.13413496
       4856.3901      0.13469093
       4857.8599      0.11934613
       4859.3301      0.12703627
       4860.7998      0.13472641
       4862.2700      0.14241657
       4863.7402      0.15010670
       4865.2100      0.15779684
       4866.6802      0.15779684
       4868.1499      0.15436994
       4869.6201      0.16623239
       4871.0898      0.16889466
       4872.5601      0.14436959
       4874.0298      0.12198484
       4875.5000      0.13372312
       4876.9702      0.16566673
       4878.4399      0.16477008
       4879.9102      0.16387312
       4881.3799      0.16297647
       4882.8501      0.16207951
       4884.3198      0.16118287
       4885.7900      0.16028561
       4887.2598      0.15938896
       4888.7300      0.15849200
       4890.2002      0.15759505
       4891.6699      0.15669841
       4893.1401      0.15580145
       4894.6099      0.15490480
       4896.0801      0.15400784
       4897.5498      0.15311119
       4899.0200      0.15221423
       4900.4902      0.15131728
       4901.9600      0.15042064
       4903.4302      0.14952368
       4904.8999      0.14862703
       4906.3701      0.14772977
       4907.8398      0.14683312
       4909.3101      0.14593616
       4910.7798      0.14503951
       4912.2500      0.14414257
       4913.7202      0.14324561
       4915.1899      0.13272092
       4916.6602      0.12634318
       4918.1299      0.17047721
       4919.6001      0.17172284
       4921.0698      0.12915923
       4922.5400      0.13184124
       4924.0098      0.14271243
       4925.4800      0.18208823
       4926.9502      0.19991721
       4928.4199      0.17644700
       4929.8901      0.14985257
       4931.3599      0.16064045
       4932.8301      0.16475037
       4934.2998      0.15613945
       4935.7700      0.14853178
       4937.2402      0.15465121
       4938.7100      0.16674484
       4940.1802      0.17015107
       4941.6499      0.14407986
       4943.1201      0.14817807
       4944.5898      0.15552224
       4946.0601      0.17275783
       4947.5298      0.15430069
       4949.0000      0.16315499
       4950.4702      0.17319992
       4951.9399      0.16774642
       4953.4102      0.17820223
       4954.8799      0.15476887
       4956.3501      0.15738040
       4957.8198      0.17340244
       4959.2900      0.14570130
       4960.7598      0.13957420
       4962.2300      0.14414123
       4963.7002      0.17618059
       4965.1699      0.16769470
       4966.6401      0.16788712
       4968.1099      0.20751834
       4969.5801      0.18261637
       4971.0498      0.16875899
       4972.5200      0.15187542
       4973.9902      0.16584209
       4975.4600      0.18300959
       4976.9302      0.18282188
       4978.3999      0.18263423
       4979.8701      0.18244652
       4981.3398      0.18225889
       4982.8101      0.18207118
       4984.2798      0.18188353
       4985.7500      0.18169582
       4987.2202      0.18150805
       4988.6899      0.18132040
       4990.1602      0.18113269
       4991.6299      0.18094504
       4993.1001      0.18075733
       4994.5698      0.18056969
       4996.0400      0.18038198
       4997.5098      0.18019433
       4998.9800      0.18000662
       5000.4502      0.17981891
       5001.9199      0.17963126
       5003.3901      0.17944355
       5004.8599      0.17925592
       5006.3301      0.17906821
       5007.7998      0.17888050
       5009.2700      0.17869279
       5010.7402      0.17850508
       5012.2100      0.17831743
       5013.6802      0.15002547
       5015.1499      0.16019326
       5016.6201      0.16981587
       5018.0898      0.15716499
       5019.5601      0.17133199
       5021.0298      0.16291399
       5022.5000      0.16007403
       5023.9702      0.16105004
       5025.4399      0.16202572
       5026.9102      0.16300173
       5028.3799      0.16397773
       5029.8501      0.16495374
       5031.3198      0.16592942
       5032.7900      0.16690543
       5034.2598      0.16788112
       5035.7300      0.16885713
       5037.2002      0.16983312
       5038.6699      0.17080881
       5040.1401      0.17178482
       5041.6099      0.17276050
       5043.0801      0.17373651
       5044.5498      0.17471220
       5046.0200      0.17568821
       5047.4902      0.17666420
       5048.9600      0.17764021
       5050.4302      0.17861623
       5051.8999      0.17959191
       5053.3701      0.18056792
       5054.8398      0.18154360
       5056.3101      0.18251961
       5057.7798      0.18349528
       5059.2500      0.18447129
       5060.7202      0.18544731
       5062.1899      0.17448165
       5063.6602      0.18198936
       5065.1299      0.19267432
       5066.6001      0.18019685
       5068.0698      0.15232165
       5069.5400      0.16819452
       5071.0098      0.15712734
       5072.4800      0.15812889
       5073.9502      0.17031454
       5075.4199      0.18298121
       5076.8901      0.20447038
       5078.3599      0.19702023
       5079.8301      0.17347354
       5081.2998      0.17041712
       5082.7700      0.16063996
       5084.2402      0.17476539
       5085.7100      0.18518530
       5087.1802      0.16451734
       5088.6499      0.16041398
       5090.1201      0.15931271
       5091.5898      0.15150702
       5093.0601      0.16459951
       5094.5298      0.18199430
       5096.0000      0.18611018
       5097.4702      0.18191366
       5098.9399      0.18209592
       5100.4102      0.16007996
       5101.8799      0.15008360
       5103.3501      0.14865586
       5104.8198      0.17556714
       5106.2900      0.18873382
       5107.7598      0.18152595
       5109.2300      0.17687611
       5110.7002      0.14131083
       5112.1699      0.16703096
       5113.6401      0.18714583
       5115.1099      0.17197020
       5116.5801      0.16940565
       5118.0498      0.15839180
       5119.5200      0.16659872
       5120.9902      0.18242198
       5122.4600      0.16674750
       5123.9302      0.15977392
       5125.3999      0.19622390
       5126.8701      0.18725412
       5128.3398      0.16822639
       5129.8101      0.18735206
       5131.2798      0.16312659
       5132.7500      0.17618334
       5134.2202      0.17044757
       5135.6899      0.13899422
       5137.1602      0.16923161
       5138.6299      0.16656607
       5140.1001      0.15044405
       5141.5698      0.16923033
       5143.0400      0.17589861
       5144.5098      0.15012483
       5145.9800      0.16846052
       5147.4502      0.17308544
       5148.9199      0.16539252
       5150.3901      0.19162871
       5151.8599      0.18340091
       5153.3301      0.17758778
       5154.7998      0.15386738
       5156.2700      0.17687446
       5157.7402      0.17461558
       5159.2100      0.17163543
       5160.6802      0.14096493
       5162.1499      0.15865400
       5163.6201      0.17413683
       5165.0898      0.16633956
       5166.5601      0.18600634
       5168.0298      0.19200332
       5169.5000      0.15705641
       5170.9702      0.17590460
       5172.4399      0.17510569
       5173.9102      0.16325583
       5175.3799      0.16708970
       5176.8501      0.17278990
       5178.3198      0.17085558
       5179.7900      0.17849828
       5181.2598      0.15883121
       5182.7300      0.17219244
       5184.2002      0.17547193
       5185.6699      0.16302428
       5187.1401      0.18016145
       5188.6099      0.20316464
       5190.0801      0.19635949
       5191.5498      0.18048671
       5193.0200      0.18031728
       5194.4902      0.17910302
       5195.9600      0.16409025
       5197.4302      0.17694560
       5198.8999      0.17506105
       5200.3701      0.17771761
       5201.8398      0.17793594
       5203.3101      0.18140966
       5204.7798      0.17303160
       5206.2500      0.18299592
       5207.7202      0.18669105
       5209.1899      0.19514807
       5210.6602      0.20512387
       5212.1299      0.17476849
       5213.6001      0.17548800
       5215.0698      0.17261137
       5216.5400      0.16004905
       5218.0098      0.17629956
       5219.4800      0.17628194
       5220.9502      0.17263842
       5222.4199      0.17223269
       5223.8901      0.17308360
       5225.3599      0.17533909
       5226.8301      0.19401161
       5228.2998      0.18781050
       5229.7700      0.18553165
       5231.2402      0.17815189
       5232.7100      0.16582918
       5234.1802      0.18181297
       5235.6499      0.18688512
       5237.1201      0.17489910
       5238.5898      0.17616956
       5240.0601      0.16723114
       5241.5298      0.17847660
       5243.0000      0.18717004
       5244.4702      0.16346546
       5245.9399      0.15920675
       5247.4102      0.17854781
       5248.8799      0.15916860
       5250.3501      0.16277882
       5251.8198      0.16844794
       5253.2900      0.17068870
       5254.7598      0.19402418
       5256.2300      0.17603400
       5257.7002      0.14916693
       5259.1699      0.15987946
       5260.6401      0.16361247
       5262.1099      0.16433552
       5263.5801      0.16337125
       5265.0498      0.16425899
       5266.5200      0.17197877
       5267.9902      0.16852941
       5269.4600      0.13727894
       5270.9302      0.13326500
       5272.3999      0.13990395
       5273.8701      0.16522685
       5275.3398      0.17611106
       5276.8101      0.16812137
       5278.2798      0.14289761
       5279.7500      0.15948224
       5281.2202      0.16351031
       5282.6899      0.15317705
       5284.1602      0.15396322
       5285.6299      0.15581648
       5287.1001      0.15224144
       5288.5698      0.15894870
       5290.0400      0.16922702
       5291.5098      0.17023458
       5292.9800      0.18214120
       5294.4502      0.16996892
       5295.9199      0.16988163
       5297.3901      0.17010581
       5298.8599      0.14122269
       5300.3301      0.14237238
       5301.7998      0.15890317
       5303.2700      0.16730596
       5304.7402      0.16450451
       5306.2100      0.16660549
       5307.6802      0.17125240
       5309.1499      0.14988783
       5310.6201      0.14429574
       5312.0898      0.14065745
       5313.5601      0.15105394
       5315.0298      0.17305680
       5316.5000      0.16558750
       5317.9702      0.15363130
       5319.4399      0.13787322
       5320.9102      0.15128288
       5322.3799      0.15174691
       5323.8501      0.14851120
       5325.3198      0.15526122
       5326.7900      0.16596530
       5328.2598      0.15122007
       5329.7300      0.13927490
       5331.2002      0.15648624
       5332.6699      0.16207039
       5334.1401      0.15724756
       5335.6099      0.13234095
       5337.0801      0.11912154
       5338.5498      0.14182156
       5340.0200      0.15621457
       5341.4902      0.15072437
       5342.9600      0.14916044
       5344.4302      0.16572596
       5345.8999      0.18426333
       5347.3701      0.16710846
       5348.8398      0.15155262
       5350.3101      0.14320105
       5351.7798      0.13853940
       5353.2500      0.15507773
       5354.7202      0.17100696
       5356.1899      0.18973473
       5357.6602      0.16267216
       5359.1299      0.13351625
       5360.6001      0.13723150
       5362.0698      0.15220475
       5363.5400      0.15920052
       5365.0098      0.14408727
       5366.4800      0.15790404
       5367.9502      0.17906740
       5369.4199      0.17461193
       5370.8901      0.14328831
       5372.3599      0.13204610
       5373.8301      0.15138017
       5375.2998      0.17485191
       5376.7700      0.17435715
       5378.2402      0.16371891
       5379.7100      0.16427876
       5381.1802      0.18418999
       5382.6499      0.17169452
       5384.1201      0.14578231
       5385.5898      0.14674233
       5387.0601      0.15172432
       5388.5298      0.15302339
       5390.0000      0.14469644
       5391.4702      0.15127335
       5392.9399      0.17970005
       5394.4102      0.16046511
       5395.8799      0.15312605
       5397.3501      0.15980645
       5398.8198      0.14841461
       5400.2900      0.14143725
       5401.7598      0.14963205
       5403.2300      0.18516882
       5404.7002      0.16714300
       5406.1699      0.14523470
       5407.6401      0.14522649
       5409.1099      0.14539127
       5410.5801      0.15536699
       5412.0498      0.17161892
       5413.5200      0.15831712
       5414.9902      0.16045439
       5416.4600      0.15522949
       5417.9302      0.15996602
       5419.3999      0.15092944
       5420.8701      0.13826494
       5422.3398      0.13851199
       5423.8101      0.14586772
       5425.2798      0.13496217
       5426.7500      0.13533264
       5428.2202      0.13627748
       5429.6899      0.13220954
       5431.1602      0.13293801
       5432.6299      0.14296412
       5434.1001      0.14330263
       5435.5698      0.13752766
       5437.0400      0.13667262
       5438.5098      0.12374656
       5439.9800      0.13210644
       5441.4502      0.13288474
       5442.9199      0.10501262
       5444.3901      0.10753167
       5445.8599      0.11741009
       5447.3301      0.10858157
       5448.7998      0.13453928
       5450.2700      0.11893488
       5451.7402      0.11539366
       5453.2100      0.11935834
       5454.6802      0.11746143
       5456.1499      0.12510334
       5457.6201      0.13551666
       5459.0898      0.12397125
       5460.5601     0.090245523
       5462.0298      0.11252157
       5463.5000      0.11314812
       5464.9702      0.14769198
       5466.4399      0.12117059
       5467.9102     0.079604723
       5469.3799     0.095283054
       5470.8501      0.11550810
       5472.3198     0.091314226
       5473.7900     0.094830066
       5475.2598      0.10818888
       5476.7300      0.10861935
       5478.2002      0.11322269
       5479.6699      0.10939382
       5481.1401     0.093637824
       5482.6099      0.10953764
       5484.0801      0.11180707
       5485.5498     0.094266653
       5487.0200     0.097280443
       5488.4902      0.11873963
       5489.9600      0.11285235
       5491.4302      0.12215409
       5492.8999      0.10978868
       5494.3701      0.10389584
       5495.8398      0.12471003
       5497.3101      0.11747044
       5498.7798      0.10247200
       5500.2500      0.11278450
       5501.7202     0.099323139
       5503.1899      0.11064329
       5504.6602      0.10885940
       5506.1299      0.12430045
       5507.6001      0.13846236
       5509.0698      0.12332191
       5510.5400      0.10548747
       5512.0098      0.12285827
       5513.4800      0.12601155
       5514.9502      0.12942992
       5516.4199      0.14186527
       5517.8901      0.12227975
       5519.3599      0.11225498
       5520.8301      0.13125455
       5522.2998      0.13403293
       5523.7700      0.12337582
       5525.2402      0.12468328
       5526.7100      0.14452064
       5528.1802      0.12506656
       5529.6499      0.13002561
       5531.1201      0.13030662
       5532.5898      0.11013994
       5534.0601      0.15384211
       5535.5298      0.14886035
       5537.0000      0.14125369
       5538.4702      0.14023349
       5539.9399      0.15500884
       5541.4102      0.15660062
       5542.8799      0.13740410
       5544.3501      0.11999274
       5545.8198      0.12098351
       5547.2900      0.11680369
       5548.7598      0.12985550
       5550.2300      0.14369039
       5551.7002      0.12862141
       5553.1699      0.15124159
       5554.6401      0.16009465
       5556.1099      0.14000003
       5557.5801      0.13892303
       5559.0498      0.14060993
       5560.5200      0.13328256
       5561.9902      0.13814226
       5563.4600      0.11630854
       5564.9302      0.10089882
       5566.3999      0.11817271
       5567.8701      0.14053059
       5569.3398      0.15590870
       5570.8101      0.14981340
       5572.2798      0.14282818
       5573.7500      0.12683427
       5575.2202      0.12962544
       5576.6899      0.16487613
       5578.1602      0.15569213
       5579.6299      0.16798449
       5581.1001      0.17537151
       5582.5698      0.15243909
       5584.0400      0.14346223
       5585.5098      0.15707593
       5586.9800      0.14460073
       5588.4502      0.13513832
       5589.9199      0.14179114
       5591.3901      0.15044019
       5592.8599      0.12463857
       5594.3301      0.12447803
       5595.7998      0.14217597
       5597.2700      0.14758824
       5598.7402      0.13270974
       5600.2100      0.12385872
       5601.6802      0.14944319
       5603.1499      0.16865794
       5604.6201      0.18591028
       5606.0898      0.15753560
       5607.5601      0.14149582
       5609.0298      0.15543337
       5610.5000      0.14879921
       5611.9702      0.15219183
       5613.4399      0.16693415
       5614.9102      0.14243858
       5616.3799      0.12420161
       5617.8501      0.14352141
       5619.3198      0.15494910
       5620.7900      0.15573549
       5622.2598      0.15582374
       5623.7300      0.14412527
       5625.2002      0.13701299
       5626.6699      0.13881038
       5628.1401      0.16333498
       5629.6099      0.17126037
       5631.0801      0.14546886
       5632.5498      0.14675428
       5634.0200      0.15218422
       5635.4902      0.15372887
       5636.9600      0.16038524
       5638.4302      0.14989419
       5639.8999      0.14733432
       5641.3701      0.17129512
       5642.8398      0.17820235
       5644.3101      0.17175017
       5645.7798      0.16202766
       5647.2500      0.13967080
       5648.7202      0.13720578
       5650.1899      0.15669486
       5651.6602      0.16901271
       5653.1299      0.18009378
       5654.6001      0.18547715
       5656.0698      0.17317565
       5657.5400      0.17612784
       5659.0098      0.17160256
       5660.4800      0.14864342
       5661.9502      0.15282139
       5663.4199      0.15398461
       5664.8901      0.15311365
       5666.3599      0.14196177
       5667.8301      0.14225982
       5669.2998      0.15673715
       5670.7700      0.13782261
       5672.2402      0.14962211
       5673.7100      0.15742053
       5675.1802      0.15932278
       5676.6499      0.13277775
       5678.1201      0.13800620
       5679.5898      0.12761101
       5681.0601      0.11220948
       5682.5298      0.13794345
       5684.0000      0.16129138
       5685.4702      0.16915399
       5686.9399      0.19652095
       5688.4102      0.18595500
       5689.8799      0.15638256
       5691.3501      0.14939398
       5692.8198      0.16494121
       5694.2900      0.18274242
       5695.7598      0.16759568
       5697.2300      0.14357457
       5698.7002      0.13895899
       5700.1699      0.15955488
       5701.6401      0.17698804
       5703.1099      0.14004777
       5704.5801      0.15804136
       5706.0498      0.18862271
       5707.5200      0.17649773
       5708.9902      0.17737870
       5710.4600      0.16122730
       5711.9302      0.14925398
       5713.3999      0.16157386
       5714.8701      0.15403540
       5716.3398      0.13523427
       5717.8101      0.14613387
       5719.2798      0.17932846
       5720.7500      0.17243499
       5722.2202      0.13636208
       5723.6899      0.11523455
       5725.1602      0.14136162
       5726.6299      0.15402454
       5728.1001      0.14138161
       5729.5698      0.12084064
       5731.0400      0.12305558
       5732.5098      0.12732670
       5733.9800      0.14771403
       5735.4502      0.15391214
       5736.9199      0.15119019
       5738.3901      0.13458912
       5739.8599      0.14125161
       5741.3301      0.14257590
       5742.7998      0.14714779
       5744.2700      0.14272812
       5745.7402      0.14045006
       5747.2100      0.13802715
       5748.6802      0.14589547
       5750.1499      0.15596111
       5751.6201      0.16853428
       5753.0898      0.16792041
       5754.5601      0.14969940
       5756.0298      0.14468694
       5757.5000      0.15418100
       5758.9702      0.16558491
       5760.4399      0.14093947
       5761.9102      0.13746226
       5763.3799      0.14184299
       5764.8501      0.15282242
       5766.3198      0.15886556
       5767.7900      0.17548729
       5769.2598      0.16527453
       5770.7300      0.13454714
       5772.2002      0.14594944
       5773.6699      0.15669368
       5775.1401      0.15000430
       5776.6099      0.16222383
       5778.0801      0.16041026
       5779.5498      0.14635262
       5781.0200      0.13436007
       5782.4902      0.13475640
       5783.9600      0.14307447
       5785.4302      0.15854995
       5786.8999      0.17228982
       5788.3701      0.14996597
       5789.8398      0.14476225
       5791.3101      0.17165336
       5792.7798      0.16339293
       5794.2500      0.14084822
       5795.7202      0.13534874
       5797.1899      0.12687139
       5798.6602      0.15599848
       5800.1299      0.15092553
       5801.6001      0.13586676
       5803.0698      0.15122640
       5804.5400      0.15136711
       5806.0098      0.14670461
       5807.4800      0.15264396
       5808.9502      0.16666020
       5810.4199      0.16742203
       5811.8901      0.15324423
       5813.3599      0.14074527
       5814.8301      0.12738942
       5816.2998      0.13216895
       5817.7700      0.13922405
       5819.2402      0.14266388
       5820.7100      0.13626260
       5822.1802      0.12967937
       5823.6499      0.14378181
       5825.1201      0.15199821
       5826.5898      0.13907167
       5828.0601      0.15432902
       5829.5298      0.15810053
       5831.0000      0.15426156
       5832.4702      0.14670123
       5833.9399      0.13678521
       5835.4102      0.14268447
       5836.8799      0.16960593
       5838.3501      0.16784200
       5839.8198      0.14255388
       5841.2900      0.14268237
       5842.7598      0.15355331
       5844.2300      0.16410482
       5845.7002      0.14911212
       5847.1699      0.14932786
       5848.6401      0.15661748
       5850.1099      0.11844636
       5851.5801      0.11845992
       5853.0498      0.13431670
       5854.5200      0.14188637
       5855.9902      0.14112599
       5857.4600      0.14549096
       5858.9302      0.16398725
       5860.3999      0.15696187
       5861.8701      0.13516441
       5863.3398      0.12860128
       5864.8101      0.15616252
       5866.2798      0.16178349
       5867.7500      0.15554482
       5869.2202      0.14993604
       5870.6899      0.14266656
       5872.1602      0.14744210
       5873.6299      0.14646219
       5875.1001      0.14827125
       5876.5698      0.14146627
       5878.0400      0.13021572
       5879.5098      0.14011115
       5880.9800      0.14406687
       5882.4502      0.14378639
       5883.9199      0.13114946
       5885.3901      0.13073565
       5886.8599      0.14621831
       5888.3301      0.14475825
       5889.7998      0.10046436
       5891.2700      0.10467871
       5892.7402      0.13963820
       5894.2100      0.12752214
       5895.6802      0.11027504
       5897.1499      0.14229745
       5898.6201      0.14769438
       5900.0898      0.12421354
       5901.5601      0.13138948
       5903.0298      0.13615134
       5904.5000      0.14775205
       5905.9702      0.15190183
       5907.4399      0.13251685
       5908.9102      0.14015113
       5910.3799      0.16052170
       5911.8501      0.12367757
       5913.3198      0.12593952
       5914.7900      0.14395209
       5916.2598      0.11626294
       5917.7300      0.10558455
       5919.2002      0.14262043
       5920.6699      0.12616268
       5922.1401      0.10289451
       5923.6099      0.11655622
       5925.0801      0.10102686
       5926.5498     0.097461261
       5928.0200      0.11124077
       5929.4902      0.12830552
       5930.9600      0.11355622
       5932.4302      0.12214945
       5933.8999      0.13038728
       5935.3701      0.10669024
       5936.8398      0.11111122
       5938.3101     0.098102741
       5939.7798     0.089006796
       5941.2500      0.10291093
       5942.7202      0.12626925
       5944.1899      0.11509552
       5945.6602     0.099779315
       5947.1299      0.10052209
       5948.6001     0.091874145
       5950.0698     0.085160233
       5951.5400     0.077948637
       5953.0098     0.090578064
       5954.4800      0.11029987
       5955.9502      0.11162413
       5957.4199      0.10554514
       5958.8901     0.089515716
       5960.3599      0.10097393
       5961.8301      0.11338297
       5963.2998      0.11701287
       5964.7700     0.087417282
       5966.2402     0.056317203
       5967.7100     0.089049920
       5969.1802     0.085397772
       5970.6499     0.067704432
       5972.1201     0.070568196
       5973.5898     0.086318128
       5975.0601     0.090382248
       5976.5298     0.083048627
       5978.0000     0.090040788
       5979.4702      0.11068510
       5980.9399     0.098368987
       5982.4102     0.093177870
       5983.8799     0.095611826
       5985.3501     0.097179607
       5986.8198     0.094982333
       5988.2900      0.12481920
       5989.7598      0.12613532
       5991.2300     0.087360375
       5992.7002     0.085904740
       5994.1699     0.076829605
       5995.6401     0.087824158
       5997.1099      0.10325616
       5998.5801     0.096899025
       6000.0498     0.097559601
       6001.5200      0.11166795
       6002.9902      0.13522118
       6004.4600      0.12410643
       6005.9302      0.10070341
       6007.3999     0.098279752
       6008.8701      0.10570902
       6010.3398      0.12496255
       6011.8101      0.13333879
       6013.2798      0.11569826
       6014.7500     0.096054219
       6016.2202     0.097212501
       6017.6899      0.11253024
       6019.1602      0.11902855
       6020.6299      0.10981817
       6022.1001     0.085367821
       6023.5698     0.094247811
       6025.0400      0.11995415
       6026.5098      0.13074093
       6027.9800      0.12269811
       6029.4502     0.094080046
       6030.9199      0.10444025
       6032.3901      0.12485757
       6033.8599      0.10202850
       6035.3301     0.096734047
       6036.7998     0.098440416
       6038.2700     0.090698317
       6039.7402      0.10191343
       6041.2100      0.13149379
       6042.6802      0.11965166
       6044.1499     0.099188872
       6045.6201      0.10662404
       6047.0898      0.11538661
       6048.5601      0.12282912
       6050.0298      0.12250565
       6051.5000      0.10764876
       6052.9702      0.12126366
       6054.4399      0.13195188
       6055.9102      0.13184066
       6057.3799      0.13691632
       6058.8501      0.10821680
       6060.3198     0.097550951
       6061.7900      0.12434551
       6063.2598      0.13328212
       6064.7300      0.12744819
       6066.2002      0.12313804
       6067.6699      0.11809745
       6069.1401      0.11021779
       6070.6099      0.10454822
       6072.0801      0.12027474
       6073.5498      0.12240359
       6075.0200      0.10662855
       6076.4902      0.12018219
       6077.9600      0.13519341
       6079.4302      0.13031507
       6080.8999      0.13692610
       6082.3701      0.13835353
       6083.8398      0.10567807
       6085.3101     0.099155270
       6086.7798      0.11577550
       6088.2500      0.13532305
       6089.7202      0.16098280
       6091.1899      0.14989811
       6092.6602      0.14551242
       6094.1299      0.14583628
       6095.6001      0.12214299
       6097.0698      0.11261798
       6098.5400      0.12449831
       6100.0098      0.12351462
       6101.4800      0.10883049
       6102.9502      0.10219285
       6104.4199     0.098866172
       6105.8901      0.11987385
       6107.3599      0.13100418
       6108.8301      0.13267276
       6110.2998      0.13466445
       6111.7700      0.13093472
       6113.2402      0.13989206
       6114.7100      0.15011963
       6116.1802      0.14934400
       6117.6499      0.13727498
       6119.1201      0.13599360
       6120.5898      0.13700581
       6122.0601      0.13843286
       6123.5298      0.13166481
       6125.0000      0.12649359
       6126.4702      0.13567051
       6127.9399      0.13132051
       6129.4102      0.13622047
       6130.8799      0.13699232
       6132.3501      0.13020761
       6133.8198      0.14202952
       6135.2900      0.16186124
       6136.7598      0.14832276
       6138.2300      0.13341726
       6139.7002      0.12680483
       6141.1699      0.13692598
       6142.6401      0.15012291
       6144.1099      0.15171430
       6145.5801      0.15392710
       6147.0498      0.15038176
       6148.5200      0.14308214
       6149.9902      0.13180195
       6151.4600      0.13982758
       6152.9302      0.13636926
       6154.3999      0.12300067
       6155.8701      0.12609564
       6157.3398      0.16291574
       6158.8101      0.15832154
       6160.2798      0.14357130
       6161.7500      0.13066760
       6163.2202      0.11826882
       6164.6899      0.14082366
       6166.1602      0.13004838
       6167.6299      0.12654005
       6169.1001      0.13890691
       6170.5698      0.14827259
       6172.0400      0.12814823
       6173.5098      0.12658836
       6174.9800      0.13238962
       6176.4502      0.10773821
       6177.9199     0.099727757
       6179.3901      0.10899422
       6180.8599      0.10540741
       6182.3301      0.11111268
       6183.7998      0.11764599
       6185.2700      0.12497509
       6186.7402      0.12232933
       6188.2100      0.11813736
       6189.6802      0.12010770
       6191.1499      0.11997114
       6192.6201      0.14022675
       6194.0898      0.13804668
       6195.5601      0.12930599
       6197.0298      0.13632499
       6198.5000      0.13621387
       6199.9702      0.11730190
       6201.4399     0.089371562
       6202.9102      0.10729314
       6204.3799      0.11310988
       6205.8501      0.10677372
       6207.3198     0.095761918
       6208.7900     0.091200128
       6210.2598      0.11291745
       6211.7300      0.11958122
       6213.2002      0.11695944
       6214.6699      0.12020397
       6216.1401     0.099853881
       6217.6099     0.081103154
       6219.0801      0.10417074
       6220.5498      0.13326064
       6222.0200      0.11695153
       6223.4902      0.11667046
       6224.9600      0.11340835
       6226.4302      0.10772065
       6227.8999     0.093385272
       6229.3701     0.093448304
       6230.8398      0.12099551
       6232.3101      0.11399906
       6233.7798     0.097137377
       6235.2500      0.10017540
       6236.7202     0.093907103
       6238.1899     0.099526949
       6239.6602     0.093370736
       6241.1299      0.10267684
       6242.6001      0.10485388
       6244.0698     0.088262737
       6245.5400      0.10476899
       6247.0098      0.10886816
       6248.4800      0.10408860
       6249.9502      0.10311241
       6251.4199      0.11286821
       6252.8901      0.12209444
       6254.3599      0.11102291
       6255.8301      0.11790063
       6257.2998      0.12347822
       6258.7700      0.11794126
       6260.2402      0.11354636
       6261.7100      0.10608906
       6263.1802      0.11901692
       6264.6499      0.13166147
       6266.1201      0.12125324
       6267.5898      0.12269560
       6269.0601      0.12314871
       6270.5298      0.11871519
       6272.0000      0.12826604
       6273.4702      0.11523825
       6274.9399     0.095891044
       6276.4102      0.10907063
       6277.8799      0.12469583
       6279.3501      0.12360309
       6280.8198      0.11579606
       6282.2900      0.11086557
       6283.7598      0.11711974
       6285.2300      0.11976264
       6286.7002      0.12009057
       6288.1699      0.11435575
       6289.6401      0.12352562
       6291.1099      0.12854774
       6292.5801      0.12356936
       6294.0498      0.10758001
       6295.5200     0.092282444
       6296.9902      0.10596959
       6298.4600      0.13451302
       6299.9302      0.12928842
       6301.3999     0.097684816
       6302.8701     0.070579343
       6304.3398      0.12162217
       6305.8101      0.16042604
       6307.2798      0.14256927
       6308.7500      0.12825386
       6310.2202      0.12243645
       6311.6899      0.11859676
       6313.1602      0.12984857
       6314.6299      0.13849691
       6316.1001      0.13407412
       6317.5698      0.14222780
       6319.0400      0.13560948
       6320.5098      0.10980901
       6321.9800      0.12902652
       6323.4502      0.13341892
       6324.9199      0.14589944
       6326.3901      0.14894506
       6327.8599      0.13401061
       6329.3301      0.15355502
       6330.7998      0.17277896
       6332.2700      0.13732956
       6333.7402      0.10111572
       6335.2100      0.11166977
       6336.6802      0.12688278
       6338.1499      0.11787103
       6339.6201      0.10937065
       6341.0898      0.11970392
       6342.5601      0.12114225
       6344.0298      0.11716104
       6345.5000      0.10675580
       6346.9702      0.11324143
       6348.4399      0.13846196
       6349.9102      0.14862502
       6351.3799      0.14221501
       6352.8501      0.12575394
       6354.3198      0.12297215
       6355.7900      0.13012189
       6357.2598      0.12292223
       6358.7300      0.12900004
       6360.2002      0.13952540
       6361.6699      0.12460778
       6363.1401      0.13729900
       6364.6099      0.12602213
       6366.0801      0.12040295
       6367.5498      0.14063026
       6369.0200      0.13321851
       6370.4902      0.11367623
       6371.9600      0.13016276
       6373.4302      0.13096792
       6374.8999      0.12658373
       6376.3701      0.11476894
       6377.8398      0.11288817
       6379.3101      0.11912595
       6380.7798      0.13771082
       6382.2500      0.15307450
       6383.7202      0.12395328
       6385.1899      0.11102678
       6386.6602      0.11239073
       6388.1299      0.10478863
       6389.6001      0.12402058
       6391.0698      0.12892374
       6392.5400      0.12439292
       6394.0098      0.11859278
       6395.4800      0.12647720
       6396.9502      0.13691957
       6398.4199      0.11659501
       6399.8901      0.10910260
       6401.3599      0.12076607
       6402.8301      0.11565063
       6404.2998      0.11975040
       6405.7700      0.13615045
       6407.2402      0.13554388
       6408.7100      0.12301311
       6410.1802      0.12791392
       6411.6499      0.13398112
       6413.1201      0.13097759
       6414.5898      0.13438760
       6416.0601      0.13404843
       6417.5298      0.12648322
       6419.0000      0.12459937
       6420.4702      0.13664404
       6421.9399      0.13727927
       6423.4102      0.13157982
       6424.8799      0.12829418
       6426.3501      0.11846306
       6427.8198      0.12200008
       6429.2900      0.11824117
       6430.7598     0.092660926
       6432.2300      0.11469445
       6433.7002      0.15851714
       6435.1699      0.15857601
       6436.6401      0.14000662
       6438.1099      0.12247910
       6439.5801      0.11463819
       6441.0498      0.12646444
       6442.5200      0.13834304
       6443.9902      0.13538477
       6445.4600      0.13082111
       6446.9302      0.12266389
       6448.3999      0.12056427
       6449.8701      0.12190647
       6451.3398      0.12763347
       6452.8101      0.12857503
       6454.2798      0.11095382
       6455.7500      0.11819844
       6457.2202      0.11454038
       6458.6899     0.094448283
       6460.1602      0.11564790
       6461.6299      0.13205543
       6463.1001      0.11773608
       6464.5698      0.11004074
       6466.0400      0.12177140
       6467.5098      0.12376717
       6468.9800      0.11162741
       6470.4502      0.11289330
       6471.9199      0.12022694
       6473.3901      0.11699482
       6474.8599      0.11530969
       6476.3301      0.13076249
       6477.7998      0.12988730
       6479.2700      0.11041759
       6480.7402      0.10923444
       6482.2100      0.11738542
       6483.6802      0.12552142
       6485.1499      0.12096109
       6486.6201      0.10768611
       6488.0898      0.10751139
       6489.5601      0.11283457
       6491.0298      0.12162965
       6492.5000      0.12703958
       6493.9702      0.11659373
       6495.4399      0.11418726
       6496.9102      0.13126856
       6498.3799      0.13824745
       6499.8501      0.13248567
       6501.3198      0.12930737
       6502.7900      0.12398478
       6504.2598      0.13058123
       6505.7300      0.12511396
       6507.2002      0.11633512
       6508.6699      0.10384773
       6510.1401      0.10830116
       6511.6099      0.12731870
       6513.0801      0.13350073
       6514.5498      0.13128851
       6516.0200      0.12769228
       6517.4902      0.12716997
       6518.9600      0.13023435
       6520.4302      0.12844609
       6521.8999      0.13166675
       6523.3701      0.13967189
       6524.8398      0.11192612
       6526.3101     0.087318204
       6527.7798      0.10928698
       6529.2500      0.12302595
       6530.7202      0.11360922
       6532.1899      0.10106274
       6533.6602      0.10168911
       6535.1299      0.12233888
       6536.6001      0.12973115
       6538.0698      0.11503953
       6539.5400      0.11099089
       6541.0098      0.11103270
       6542.4800      0.10250601
       6543.9502     0.095453024
       6545.4199      0.11050325
       6546.8901      0.13548180
       6548.3599      0.12695014
       6549.8301      0.11733641
       6551.2998      0.11753241
       6552.7700      0.10687730
       6554.2402      0.11135946
       6555.7100      0.11617950
       6557.1802      0.11091880
       6558.6499      0.10054649
       6560.1201      0.11800213
       6561.5898      0.12886865
       6563.0601      0.11714160
       6564.5298      0.11810420
       6566.0000      0.12984416
       6567.4702      0.12104373
       6568.9399     0.099211216
       6570.4102      0.10643068
       6571.8799      0.10199380
       6573.3501     0.084816195
       6574.8198     0.097257882
       6576.2900     0.097628951
       6577.7598     0.097999886
       6579.2300     0.098370954
       6580.7002     0.098742016
       6582.1699     0.099112958
       6583.6401     0.099484026
       6585.1099     0.099855088
       6586.5801      0.10022616
       6588.0498      0.10059710
       6589.5200      0.10096816
       6590.9902      0.10133923
       6592.4600      0.10171017
       6593.9302      0.10208123
       6595.3999      0.10245217
       6596.8701      0.10282324
       6598.3398      0.10319418
       6599.8101      0.10356525
       6601.2798      0.10393619
       6602.7500      0.10430726
       6604.2202      0.10467832
       6605.6899      0.10504939
       6607.1602      0.10542045
       6608.6299      0.10579139
       6610.1001      0.10616246
       6611.5698      0.10653339
       6613.0400      0.10690446
       6614.5098      0.10686418
       6615.9800      0.10682388
       6617.4502      0.10678358
       6618.9199      0.10674329
       6620.3901      0.10670299
       6621.8599      0.10666271
       6623.3301      0.10662241
       6624.7998      0.10658213
       6626.2700      0.10654181
       6627.7402      0.10650151
       6629.2100      0.10646123
       6630.6802      0.10642093
       6632.1499      0.10638064
       6633.6201      0.10634034
       6635.0898      0.10630006
       6636.5601      0.10625976
       6638.0298      0.10621947
       6639.5000      0.10617917
       6640.9702      0.10613888
       6642.4399      0.10609859
       6643.9102      0.10605829
       6645.3799      0.10601801
       6646.8501      0.10597769
       6648.3198      0.10593741
       6649.7900     0.090382248
       6651.2598     0.099501453
       6652.7300     0.095848337
       6654.2002      0.10885320
       6655.6699      0.13203855
       6657.1401      0.11672866
       6658.6099     0.099805668
       6660.0801     0.091327734
       6661.5498     0.099137373
       6663.0200      0.11649821
       6664.4902      0.12346568
       6665.9600      0.12887470
       6667.4302      0.13787027
       6668.8999      0.13532688
       6670.3701      0.11315442
       6671.8398      0.10389002
       6673.3101      0.10895144
       6674.7798      0.11581771
       6676.2500      0.12159426
       6677.7202      0.11807705
       6679.1899      0.11924876
       6680.6602      0.12268265
       6682.1299      0.12791410
       6683.6001      0.13387686
       6685.0698      0.12636659
       6686.5400      0.12018736
       6688.0098      0.11586200
       6689.4800      0.11442284
       6690.9502      0.11246350
       6692.4199      0.11650419
       6693.8901      0.11042909
       6695.3599     0.095013544
       6696.8301      0.10628588
       6698.2998      0.10825960
       6699.7700      0.10260227
       6701.2402      0.12426185
       6702.7100      0.13244402
       6704.1802      0.11438546
       6705.6499      0.10476805
       6707.1201      0.11799504
       6708.5898      0.13221446
       6710.0601      0.13361411
       6711.5298      0.12381199
       6713.0000      0.12094799
       6714.4702      0.12148522
       6715.9399      0.10252956
       6717.4102      0.10569879
       6718.8799      0.12345362
       6720.3501      0.11275149
       6721.8198     0.088078409
       6723.2900     0.087203339
       6724.7598      0.10601626
       6726.2300      0.11079513
       6727.7002      0.10416438
       6729.1699      0.10461742
       6730.6401     0.092963733
       6732.1099     0.084574997
       6733.5801      0.10019322
       6735.0498      0.11014748
       6736.5200      0.10458085
       6737.9902      0.11563956
       6739.4600      0.13194469
       6740.9302      0.13202839
       6742.3999      0.12965997
       6743.8701      0.13521209
       6745.3398      0.14231740
       6746.8101      0.14122611
       6748.2798      0.14013483
       6749.7500      0.13904354
       6751.2202      0.13795225
       6752.6899      0.13686134
       6754.1602      0.13577005
       6755.6299      0.13467914
       6757.1001      0.13358785
       6758.5698      0.13249692
       6760.0400      0.13189396
       6761.5098      0.13129121
       6762.9800      0.13068825
       6764.4502      0.13008529
       6765.9199      0.12948254
       6767.3901      0.12887938
       6768.8599      0.12827662
       6770.3301      0.12767366
       6771.7998      0.12707090
       6773.2700      0.12646794
       6774.7402      0.12586500
       6776.2100      0.12526223
       6777.6802      0.12465928
       6779.1499      0.12405652
       6780.6201      0.12345356
       6782.0898      0.12285081
       6783.5601      0.12224785
       6785.0298      0.12164509
       6786.5000      0.12104213
       6787.9702      0.12043898
       6789.4399      0.11983622
       6790.9102      0.11923327
       6792.3799      0.11863051
       6793.8501      0.11802755
       6795.3198      0.11742479
       6796.7900      0.11682183
       6798.2598     0.096861370
       6799.7300      0.11351864
       6801.2002      0.12390657
       6802.6699      0.11268444
       6804.1401      0.10765960
       6805.6099      0.10040104
       6807.0801      0.10497291
       6808.5498      0.13002507
       6810.0200      0.12237809
       6811.4902      0.11413156
       6812.9600      0.11586352
       6814.4302     0.098443754
       6815.8999     0.095783636
       6817.3701      0.11217274
       6818.8398      0.13476075
       6820.3101      0.12790988
       6821.7798      0.12037800
       6823.2500      0.11247545
       6824.7202      0.10874281
       6826.1899      0.11195929
       6827.6602     0.095179260
       6829.1299     0.095393881
       6830.6001      0.11604678
       6832.0698      0.12542213
       6833.5400      0.11557952
       6835.0098      0.11619643
       6836.4800      0.12917033
       6837.9502      0.12207079
       6839.4199      0.11205217
       6840.8901      0.11175048
       6842.3599      0.11569831
       6843.8301      0.12788542
       6845.2998      0.12600841
       6846.7700      0.11227389
       6848.2402      0.10406625
       6849.7100      0.10493715
       6851.1802      0.10297955
       6852.6499     0.098469503
       6854.1201     0.099941060
       6855.5898      0.10878380
       6857.0601      0.12042948
       6858.5298      0.11232492
       6860.0000      0.10424220
       6861.4702      0.12020402
       6862.9399      0.11141147
       6864.4102     0.098156422
       6865.8799      0.12296098
       6867.3501      0.13123646
       6868.8198      0.11610042
       6870.2900      0.11204354
       6871.7598      0.12014820
       6873.2300      0.11833820
       6874.7002      0.11712479
       6876.1699      0.12317165
       6877.6401      0.11993252
       6879.1099      0.10887088
       6880.5801      0.10747276
       6882.0498      0.10897680
       6883.5200     0.090243161
       6884.9902     0.089454070
       6886.4600      0.11039712
       6887.9302      0.11304753
       6889.3999      0.10251449
       6890.8701      0.10152649
       6892.3398      0.10755999
       6893.8101      0.10207298
       6895.2798     0.090767458
       6896.7500      0.10999365
       6898.2202      0.13031249
       6899.6899      0.10841272
       6901.1602     0.093327209
       6902.6299     0.089261614
       6904.1001     0.093850859
       6905.5698      0.12237300
       6907.0400      0.12048686
       6908.5098     0.099748574
       6909.9800     0.094167277
       6911.4502     0.097252317
       6912.9199      0.11317392
       6914.3901      0.12322655
       6915.8599      0.12901913
       6917.3301      0.11999442
       6918.7998      0.10191761
       6920.2700      0.10863087
       6921.7402      0.11981808
       6923.2100      0.11571538
       6924.6802      0.11061706
       6926.1499      0.11818808
       6927.6201      0.10980554
       6929.0898     0.078496717
       6930.5601     0.083037615
       6932.0298      0.11671243
       6933.5000      0.12315896
       6934.9702      0.11516975
       6936.4399      0.11482853
       6937.9102      0.10851531
       6939.3799      0.10794934
       6940.8501      0.10795559
       6942.3198      0.10539015
       6943.7900      0.11660175
       6945.2598      0.11765283
       6946.7300     0.098326050
       6948.2002     0.093337134
       6949.6699      0.10645855
       6951.1401     0.099448346
       6952.6099     0.098225951
       6954.0801      0.11849318
       6955.5498      0.12693229
       6957.0200      0.12240119
       6958.4902      0.12187184
       6959.9600      0.12003276
       6961.4302      0.11217896
       6962.8999      0.10342622
       6964.3701      0.10501910
       6965.8398      0.10912640
       6967.3101      0.10167068
       6968.7798      0.10490526
       6970.2500      0.10571738
       6971.7202     0.092455208
       6973.1899     0.097076952
       6974.6602      0.11153878
       6976.1299      0.11015292
       6977.6001      0.10889775
       6979.0698      0.12130024
       6980.5400      0.12098833
       6982.0098      0.11172050
       6983.4800      0.11724097
       6984.9502      0.11928572
       6986.4199      0.11608292
       6987.8901      0.11524957
       6989.3599      0.10829441
       6990.8301      0.10187645
       6992.2998      0.10701797
       6993.7700      0.11926924
       6995.2402      0.11668248
       6996.7100      0.10375523
       6998.1802      0.10072532
       6999.6499     0.092317119
       7001.1201      0.10345455
       7002.5898      0.11800031
       7004.0601      0.11640440
       7005.5298      0.12531850
       7007.0000      0.11205772
       7008.4702     0.092331827
       7009.9399      0.11428107
       7011.4102      0.13986036
       7012.8799      0.13515672
       7014.3501      0.12132353
       7015.8198      0.11191631
       7017.2900      0.11085170
       7018.7598      0.11178810
       7020.2300      0.10862344
       7021.7002      0.10925795
       7023.1699      0.10580830
       7024.6401      0.10254191
       7026.1099      0.10069853
       7027.5801      0.11721762
       7029.0498      0.11098827
       7030.5200     0.088274136
       7031.9902     0.097655714
       7033.4600      0.10507035
       7034.9302      0.10971307
       7036.3999      0.11905739
       7037.8701      0.11839913
       7039.3398      0.10471959
       7040.8101      0.10547000
       7042.2798     0.096774504
       7043.7500      0.10638871
       7045.2202      0.12503375
       7046.6899      0.11517008
       7048.1602      0.10056161
       7049.6299     0.097477168
       7051.1001      0.11096343
       7052.5698      0.12122313
       7054.0400      0.10611967
       7055.5098     0.099157564
       7056.9800     0.098754637
       7058.4502     0.095643066
       7059.9199      0.10665223
       7061.3901      0.10222803
       7062.8599      0.10280921
       7064.3301      0.12224564
       7065.7998      0.11400071
       7067.2700     0.092549607
       7068.7402     0.098347083
       7070.2100      0.10392873
       7071.6802      0.10321809
       7073.1499     0.093357928
       7074.6201     0.090699285
       7076.0898      0.11130835
       7077.5601      0.11811129
       7079.0298      0.10908573
       7080.5000      0.11162145
       7081.9702      0.11215900
       7083.4399      0.11262396
       7084.9102      0.11365803
       7086.3799      0.11680494
       7087.8501      0.10593847
       7089.3198     0.089557819
       7090.7900      0.10381231
       7092.2598      0.10943794
       7093.7300      0.10620293
       7095.2002      0.11029141
       7096.6699      0.10715128
       7098.1401      0.10129947
       7099.6099      0.10399782
       7101.0801      0.10390480
       7102.5498      0.10429075
       7104.0200      0.10143890
       7105.4902      0.10272904
       7106.9600      0.10173666
       7108.4302     0.092699021
       7109.8999     0.090294391
       7111.3701     0.098470271
       7112.8398      0.11691657
       7114.3101      0.11550991
       7115.7798      0.11202060
       7117.2500      0.11165769
       7118.7202      0.10271622
       7120.1899      0.10209284
       7121.6602      0.11233114
       7123.1299      0.10661561
       7124.6001     0.081388146
       7126.0698     0.057832651
       7127.5400     0.062253613
       7129.0098     0.082819164
       7130.4800     0.093949877
       7131.9502      0.11088444
       7133.4199      0.11983066
       7134.8901      0.12048934
       7136.3599      0.11482360
       7137.8301      0.11687940
       7139.2998      0.11936573
       7140.7700      0.10796864
       7142.2402     0.099726997
       7143.7100     0.096076816
       7145.1802     0.091085292
       7146.6499     0.092711799
       7148.1201      0.10118069
       7149.5898      0.10044889
       7151.0601     0.091553040
       7152.5298     0.090574622
       7154.0000     0.094320431
       7155.4702     0.093210861
       7156.9399     0.088971153
       7158.4102     0.089833483
       7159.8799     0.097712457
       7161.3501     0.098713033
       7162.8198      0.10110950
       7164.2900      0.10738492
       7165.7598     0.099321805
       7167.2300     0.096305497
       7168.7002      0.12391707
       7170.1699      0.14431912
       7171.6401      0.12217607
       7173.1099     0.099158719
       7174.5801     0.093407109
       7176.0498     0.094831556
       7177.5200      0.11641786
       7178.9902      0.12424273
       7180.4600      0.11364475
       7181.9302      0.10740669
       7183.3999      0.10328845
       7184.8701      0.10734209
       7186.3398      0.10478318
       7187.8101      0.11195765
       7189.2798      0.11894681
       7190.7500      0.10508940
       7192.2202     0.091091841
       7193.6899     0.096642606
       7195.1602      0.11102539
       7196.6299      0.10533576
       7198.1001     0.089430414
       7199.5698     0.079145499
       7201.0400     0.095341280
       7202.5098      0.11063968
       7203.9800      0.10051355
       7205.4502     0.095408797
       7206.9199     0.094553031
       7208.3901     0.098238297
       7209.8599      0.11106506
       7211.3301      0.11192024
       7212.7998      0.10431369
       7214.2700      0.10041745
       7215.7402     0.096004844
       7217.2100     0.087488554
       7218.6802     0.076492220
       7220.1499     0.082797624
       7221.6201      0.10473194
       7223.0898      0.11402525
       7224.5601      0.10124919
       7226.0298     0.097741835
       7227.5000      0.10175679
       7228.9702     0.099314444
       7230.4399     0.090566747
       7231.9102     0.088360280
       7233.3799      0.11266982
       7234.8501      0.11697808
       7236.3198     0.095929593
       7237.7900     0.082120351
       7239.2598     0.088710092
       7240.7300      0.12337637
       7242.2002      0.13510013
       7243.6699     0.097805552
       7245.1401     0.072741285
       7246.6099     0.076817155
       7248.0801     0.086861305
       7249.5498     0.099838614
       7251.0200      0.10133152
       7252.4902     0.096290305
       7253.9600      0.10459155
       7255.4302      0.10023788
       7256.8999     0.087489694
       7258.3701      0.10052138
       7259.8398      0.11795599
       7261.3101      0.11684102
       7262.7798      0.10851421
       7264.2500     0.093304299
       7265.7202     0.093373224
       7267.1899      0.11123361
       7268.6602      0.10594275
       7270.1299     0.096744098
       7271.6001     0.079604916
       7273.0698     0.073787853
       7274.5400     0.089641921
       7276.0098     0.096816272
       7277.4800      0.10601155
       7278.9502      0.10904018
       7280.4199     0.096881732
       7281.8901     0.078866586
       7283.3599     0.072565340
       7284.8301     0.088066816
       7286.2998      0.11449767
       7287.7700      0.10548919
       7289.2402     0.095232338
       7290.7100      0.10840163
       7292.1802      0.10503555
       7293.6499     0.078658395
       7295.1201     0.083365776
       7296.5898     0.081805125
       7298.0601     0.066602990
       7299.5298     0.061564170
       7301.0000     0.072393842
       7302.4702      0.10650211
       7303.9399      0.12296344
       7305.4102     0.095213920
       7306.8799     0.077625535
       7308.3501     0.066123098
       7309.8198     0.077654339
       7311.2900     0.099736847
       7312.7598     0.088533193
       7314.2300     0.085595623
       7315.7002      0.12948777
       7317.1699      0.16876210
       7318.6401      0.11110755
       7320.1099     0.056691676
       7321.5801     0.081303842
       7323.0498     0.092610896
       7324.5200     0.084575593
       7325.9902     0.084868968
       7327.4600     0.086080790
       7328.9302     0.077579640
       7330.3999     0.084825061
       7331.8701      0.11149810
       7333.3398      0.10368855
       7334.8101     0.090410247
       7336.2798     0.081126690
       7337.7500     0.067800067
       7339.2202     0.068689704
       7340.6899     0.091250695
       7342.1602     0.078146227
       7343.6299     0.063915543
       7345.1001     0.087044574
       7346.5698     0.073762007
       7348.0400     0.073872015
       7349.5098     0.097845480
       7350.9800     0.086578242
       7352.4502     0.088220298
       7353.9199     0.090041101
       7355.3901     0.073920108
       7356.8599     0.086790621
       7358.3301     0.093186215
       7359.7998     0.089394368
       7361.2700     0.070595212
       7362.7402     0.066820405
       7364.2100     0.085765734
       7365.6802     0.089379355
       7367.1499     0.076772407
       7368.6201     0.072287336
       7370.0898     0.073099457
       7371.5601     0.089840919
       7373.0298     0.094336770
       7374.5000     0.076131053
       7375.9702     0.070559651
       7377.4399     0.073036954
       7378.9102     0.086131409
       7380.3799     0.087351233
       7381.8501     0.086929642
       7383.3198     0.095484778
       7384.7900     0.084768392
       7386.2598     0.070583984
       7387.7300     0.081802525
       7389.2002     0.072014593
       7390.6699     0.053999525
       7392.1401     0.071965978
       7393.6099     0.089006178
       7395.0801     0.080967806
       7396.5498     0.077683546
       7398.0200     0.079623260
       7399.4902     0.059877254
       7400.9600     0.069795698
       7402.4302     0.097602621
       7403.8999      0.11481220
       7405.3701     0.093026094
       7406.8398     0.073215306
       7408.3101     0.075329587
       7409.7798     0.079754636
       7411.2500     0.091114022
       7412.7202     0.067440435
       7414.1899     0.071106724
       7415.6602     0.082314029
       7417.1299     0.082452856
       7418.6001     0.085708745
       7420.0698     0.092182949
       7421.5400     0.092719592
