       3206.0000      0.74181426
       3207.9500      0.73926699
       3209.8999      0.72180772
       3211.8501      0.72325891
       3213.8000      0.70998377
       3215.7500      0.73380566
       3217.7000      0.73263365
       3219.6499      0.73902178
       3221.6001      0.70921701
       3223.5500      0.68916255
       3225.5000      0.69489956
       3227.4500      0.69433916
       3229.3999      0.68928403
       3231.3501      0.67413938
       3233.3000      0.69538051
       3235.2500      0.68165475
       3237.2000      0.69758934
       3239.1499      0.72054625
       3241.1001      0.70172900
       3243.0500      0.70826066
       3245.0000      0.70212364
       3246.9500      0.68234164
       3248.8999      0.68972343
       3250.8501      0.70992708
       3252.8000      0.69184023
       3254.7500      0.72300267
       3256.7000      0.71965319
       3258.6499      0.70928472
       3260.6001      0.69430667
       3262.5500      0.71111214
       3264.5000      0.72266704
       3266.4500      0.75054044
       3268.3999      0.78024185
       3270.3501      0.77500987
       3272.3000      0.75102443
       3274.2500      0.75416481
       3276.2000      0.75059521
       3278.1499      0.75177151
       3280.1001      0.77212149
       3282.0500      0.75616544
       3284.0000      0.74740356
       3285.9500      0.76896536
       3287.8999      0.76192546
       3289.8501      0.75913042
       3291.8000      0.77872497
       3293.7500      0.79175943
       3295.7000      0.77598774
       3297.6499      0.78242558
       3299.6001      0.81241047
       3301.5500      0.81075972
       3303.5000      0.80616784
       3305.4500      0.79034245
       3307.3999      0.79396796
       3309.3501      0.79617649
       3311.3000      0.78693694
       3313.2500      0.78265256
       3315.2000      0.79419512
       3317.1499      0.81764632
       3319.1001      0.81578606
       3321.0500      0.80793798
       3323.0000      0.84267634
       3324.9500      0.85170895
       3326.8999      0.83799303
       3328.8501      0.83891189
       3330.8000      0.82781172
       3332.7500      0.85487235
       3334.7000      0.87532777
       3336.6499      0.87370110
       3338.6001      0.86303896
       3340.5500      0.84578401
       3342.5000      0.83195329
       3344.4500      0.83478844
       3346.3999      0.82433397
       3348.3501      0.86197054
       3350.3000      0.91385394
       3352.2500      0.91595143
       3354.2000      0.91206038
       3356.1499      0.90427083
       3358.1001      0.91087866
       3360.0500      0.93664825
       3362.0000      0.91690171
       3363.9500      0.92903996
       3365.8999      0.96551627
       3367.8501      0.96823651
       3369.8000      0.96832818
       3371.7500      0.97912550
       3373.7000      0.98608339
       3375.6499      0.97440171
       3377.6001      0.99467200
       3379.5500      0.99661386
       3381.5000      0.97241974
       3383.4500      0.98761511
       3385.3999       1.0168725
       3387.3501       1.0129623
       3389.3000       1.0250138
       3391.2500       1.0473908
       3393.2000       1.0506907
       3395.1499       1.0691764
       3397.1001       1.0615222
       3399.0500       1.0375361
       3401.0000       1.0363239
       3402.9500       1.0468209
       3404.8999       1.0540264
       3406.8501       1.0596722
       3408.8000       1.0619013
       3410.7500       1.0707916
       3412.7000       1.0696628
       3414.6499       1.0839415
       3416.6001       1.0906776
       3418.5500       1.0918823
       3420.5000       1.0819949
       3422.4500       1.0803452
       3424.3999       1.0730720
       3426.3501       1.0749359
       3428.3000       1.0915498
       3430.2500       1.0892240
       3432.2000       1.0890346
       3434.1499       1.1043218
       3436.1001       1.1069090
       3438.0500       1.0917981
       3440.0000       1.1013106
       3441.9500       1.0912931
       3443.8999       1.0837231
       3445.8501       1.1034800
       3447.8000       1.0996922
       3449.7500       1.1082515
       3451.7000       1.1220396
       3453.6499       1.1275550
       3455.6001       1.1070393
       3457.5500       1.0908004
       3459.5000       1.1019676
       3461.4500       1.1103157
       3463.3999       1.1128875
       3465.3501       1.1052740
       3467.3000       1.0971533
       3469.2500       1.0971609
       3471.2000       1.0935564
       3473.1499       1.0764055
       3475.1001       1.0878854
       3477.0500       1.1038560
       3479.0000       1.0927726
       3480.9500       1.0993031
       3482.8999       1.0887756
       3484.8501       1.0635067
       3486.8000       1.0671910
       3488.7500       1.0635099
       3490.7000       1.0632145
       3492.6499       1.0602722
       3494.6001       1.0588921
       3496.5500       1.0736418
       3498.5000       1.0763277
       3500.4500       1.0480276
       3502.3999       1.0389529
       3504.3501       1.0643247
       3506.3000       1.0654006
       3508.2500       1.0468016
       3510.2000       1.0434955
       3512.1499       1.0435885
       3514.1001       1.0449560
       3516.0500       1.0424873
       3518.0000       1.0393891
       3519.9500       1.0317672
       3521.8999       1.0218600
       3523.8501       1.0249361
       3525.8000       1.0276613
       3527.7500       1.0240641
       3529.7000       1.0233339
       3531.6499       1.0419463
       3533.6001       1.0247686
       3535.5500       1.0161324
       3537.5000       1.0170881
       3539.4500       1.0121700
       3541.3999       1.0334370
       3543.3501       1.0389677
       3545.3000       1.0184252
       3547.2500       1.0158052
       3549.2000       1.0342333
       3551.1499       1.0421995
       3553.1001       1.0376534
       3555.0500       1.0315714
       3557.0000       1.0450760
       3558.9500       1.0532309
       3560.8999       1.0372628
       3562.8501       1.0199050
       3564.8000       1.0349025
       3566.7500       1.0376464
       3568.7000       1.0442315
       3570.6499       1.0668128
       3572.6001       1.0573535
       3574.5500       1.0454457
       3576.5000       1.0445449
       3578.4500       1.0395678
       3580.3999       1.0432243
       3582.3501       1.0495505
       3584.3000       1.0514097
       3586.2500       1.0478433
       3588.2000       1.0511346
       3590.1499       1.0501951
       3592.1001       1.0498253
       3594.0500       1.0733800
       3596.0000       1.0974385
       3597.9500       1.0982485
       3599.8999       1.0844322
       3601.8501       1.0932995
       3603.8000       1.0945393
       3605.7500       1.0833200
       3607.7000       1.0981258
       3609.6499       1.1095184
       3611.6001       1.0889852
       3613.5500       1.0753620
       3615.5000       1.0812654
       3617.4500       1.0630182
       3619.3999       1.0342076
       3621.3501       1.0342268
       3623.3000       1.0274608
       3625.2500       1.0076056
       3627.2000      0.99167979
       3629.1499      0.98022413
       3631.1001      0.98608994
       3633.0500      0.97037816
       3635.0000      0.94729674
       3636.9500      0.95159185
       3638.8999      0.94816375
       3640.8501      0.92476100
       3642.8000      0.91712689
       3644.7500      0.92027289
       3646.7000      0.91098613
       3648.6499      0.90405732
       3650.6001      0.89057714
       3652.5500      0.88213944
       3654.5000      0.87849027
       3656.4500      0.87223750
       3658.3999      0.87115711
       3660.3501      0.86487985
       3662.3000      0.84668875
       3664.2500      0.82823849
       3666.2000      0.82955927
       3668.1499      0.82171893
       3670.1001      0.79846859
       3672.0500      0.78897852
       3674.0000      0.77692479
       3675.9500      0.75230587
       3677.8999      0.74569774
       3679.8501      0.74703407
       3681.8000      0.73646969
       3683.7500      0.72454554
       3685.7000      0.72183365
       3687.6499      0.70887768
       3689.6001      0.70552719
       3691.5500      0.72626364
       3693.5000      0.71619064
       3695.4500      0.68959010
       3697.3999      0.68255919
       3699.3501      0.68007141
       3701.3000      0.67906940
       3703.2500      0.67426485
       3705.2000      0.66976160
       3707.1499      0.66775012
       3709.1001      0.66387534
       3711.0500      0.64795542
       3713.0000      0.65375519
       3714.9500      0.65170759
       3716.8999      0.64776564
       3718.8501      0.64313376
       3720.8000      0.63819772
       3722.7500      0.63461250
       3724.7000      0.63411480
       3726.6499      0.62791407
       3728.6001      0.63033015
       3730.5500      0.62920755
       3732.5000      0.63555771
       3734.4500      0.63951504
       3736.3999      0.64347184
       3738.3501      0.64802361
       3740.3000      0.65257430
       3742.2500      0.65712547
       3744.2000      0.66167617
       3746.1499      0.66622680
       3748.1001      0.67077857
       3750.0500      0.67532921
       3752.0000      0.67988044
       3753.9500      0.68443108
       3755.8999      0.68898231
       3757.8501      0.69353354
       3759.8000      0.69808471
       3761.7500      0.70263541
       3763.7000      0.70718658
       3765.6499      0.71173728
       3767.6001      0.71628904
       3769.5500      0.72083968
       3771.5000      0.72539091
       3773.4500      0.72994155
       3775.3999      0.73990828
       3777.3501      0.73721242
       3779.3000      0.74142498
       3781.2500      0.75933844
       3783.2000      0.77229863
       3785.1499      0.78328979
       3787.1001      0.80273658
       3789.0500      0.82917261
       3791.0000      0.85365230
       3792.9500      0.87131327
       3794.8999      0.88431555
       3796.8501      0.89980954
       3798.8000      0.91232920
       3800.7500      0.91580033
       3802.7000      0.93080795
       3804.6499      0.96137172
       3806.6001      0.97260982
       3808.5500      0.99692649
       3810.5000       1.0211465
       3812.4500       1.0521443
       3814.3999       1.0900038
       3816.3501       1.1126906
       3818.3000       1.1474212
       3820.2500       1.1743230
       3822.2000       1.2023232
       3824.1499       1.2376878
       3826.1001       1.2544057
       3828.0500       1.2902268
       3830.0000       1.3334094
       3831.9500       1.3750037
       3833.8999       1.4098649
       3835.8501       1.4138793
       3837.8000       1.4361129
       3839.7500       1.4791435
       3841.7000       1.5112224
       3843.6499       1.5341928
       3845.6001       1.5492246
       3847.5500       1.5799674
       3849.5000       1.6095496
       3851.4500       1.6189576
       3853.3999       1.6073232
       3855.3501       1.6363376
       3857.3000       1.6604948
       3859.2500       1.6774434
       3861.2000       1.6968831
       3863.1499       1.7186486
       3865.1001       1.7128545
       3867.0500       1.7427728
       3869.0000       1.7577000
       3870.9500       1.7774702
       3872.8999       1.7452048
       3874.8501       1.7468261
       3876.8000       1.7550936
       3878.7500       1.7337589
       3880.7000       1.7119142
       3882.6499       1.6897926
       3884.6001       1.6427239
       3886.5500       1.5511695
       3888.5000       1.4528352
       3890.4500       1.4307866
       3892.3999       1.4881710
       3894.3501       1.5415499
       3896.3000       1.5704919
       3898.2500       1.5565764
       3900.2000       1.5530328
       3902.1499       1.5263021
       3904.1001       1.5198954
       3906.0500       1.5055594
       3908.0000       1.5054735
       3909.9500       1.5164022
       3911.8999       1.5252105
       3913.8501       1.5235221
       3915.8000       1.5121679
       3917.7500       1.4900084
       3919.7000       1.5054365
       3921.6499       1.5009327
       3923.6001       1.4975413
       3925.5500       1.5062970
       3927.5000       1.5032340
       3929.4500       1.4808071
       3931.3999       1.4330957
       3933.3501       1.4517223
       3935.3000       1.4885004
       3937.2500       1.5283052
       3939.2000       1.5574960
       3941.1499       1.5491366
       3943.1001       1.5693252
       3945.0500       1.5476938
       3947.0000       1.5355588
       3948.9500       1.5416881
       3950.8999       1.5376816
       3952.8501       1.5143431
       3954.8000       1.4630460
       3956.7500       1.3856119
       3958.7000       1.3799316
       3960.6499       1.4485922
       3962.6001       1.5210192
       3964.5500       1.5169371
       3966.5000       1.4946560
       3968.4500       1.4883399
       3970.3999       1.4940720
       3972.3501       1.5158725
       3974.3000       1.5327632
       3976.2500       1.5483751
       3978.2000       1.5514144
       3980.1499       1.5537426
       3982.1001       1.5532129
       3984.0500       1.5328748
       3986.0000       1.5330453
       3987.9500       1.5291070
       3989.8999       1.4897940
       3991.8501       1.4444163
       3993.8000       1.4531584
       3995.7500       1.4942672
       3997.7000       1.5126340
       3999.6499       1.5148330
       4001.6001       1.5093006
       4003.5500       1.5184406
       4005.5000       1.4937695
       4007.4500       1.4609314
       4009.3999       1.4532498
       4011.3501       1.4380122
       4013.3000       1.4117805
       4015.2500       1.3990835
       4017.2000       1.3919758
       4019.1499       1.3812335
       4021.1001       1.3697286
       4023.0500       1.3538882
       4025.0000       1.3479589
       4026.9500       1.3194278
       4028.8999       1.3137882
       4030.8501       1.3222855
       4032.8000       1.3119887
       4034.7500       1.3081331
       4036.7000       1.3041537
       4038.6499       1.2944916
       4040.6001       1.2794195
       4042.5500       1.2688593
       4044.5000       1.2574098
       4046.4500       1.2530189
       4048.3999       1.2536327
       4050.3501       1.2411402
       4052.3000       1.2391565
       4054.2500       1.2378880
       4056.2000       1.2344010
       4058.1499       1.2415580
       4060.1001       1.2593888
       4062.0500       1.2550855
       4064.0000       1.2525905
       4065.9500       1.2621464
       4067.8999       1.2555356
       4069.8501       1.2656024
       4071.8000       1.2823387
       4073.7500       1.2920964
       4075.7000       1.2921041
       4077.6499       1.3026937
       4079.6001       1.2881883
       4081.5500       1.2860315
       4083.5000       1.3029789
       4085.4500       1.3137896
       4087.3999       1.3297538
       4089.3501       1.3196255
       4091.3000       1.3075763
       4093.2500       1.3157372
       4095.2000       1.3151565
       4097.1499       1.3018012
       4099.1001       1.2933569
       4101.0498       1.2819968
       4103.0000       1.2797773
       4104.9502       1.2641553
       4106.8999       1.2507613
       4108.8501       1.2379299
       4110.7998       1.2211565
       4112.7500       1.2162073
       4114.7002       1.2017189
       4116.6499       1.2034701
       4118.6001       1.1958286
       4120.5498       1.1833169
       4122.5000       1.1646991
       4124.4502       1.1841605
       4126.3999       1.1973110
       4128.3501       1.1879495
       4130.2998       1.1518379
       4132.2500       1.1313519
       4134.2002       1.1422299
       4136.1499       1.1423215
       4138.1001       1.1431597
       4140.0498       1.1495959
       4142.0000       1.1451373
       4143.9502       1.1477177
       4145.8999       1.1401156
       4147.8501       1.1467055
       4149.7998       1.1540065
       4151.7500       1.1390061
       4153.7002       1.1280659
       4155.6499       1.1168060
       4157.6001       1.1068752
       4159.5498       1.0968409
       4161.5000       1.0940527
       4163.4502       1.1100198
       4165.3999       1.1100316
       4167.3501       1.1170899
       4169.2998       1.1166166
       4171.2500       1.1056330
       4173.2002       1.0919002
       4175.1499       1.0749930
       4177.1001       1.0735859
       4179.0498       1.0736487
       4181.0000       1.0762335
       4182.9502       1.0720202
       4184.8999       1.0694500
       4186.8501       1.0777531
       4188.7998       1.0722216
       4190.7500       1.0734770
       4192.7002       1.0676469
       4194.6499       1.0663264
       4196.6001       1.0616988
       4198.5498       1.0401572
       4200.5000       1.0271747
       4202.4502       1.0305216
       4204.3999       1.0492133
       4206.3501       1.0595819
       4208.2998       1.0586939
       4210.2500       1.0678066
       4212.2002       1.0762823
       4214.1499       1.0635552
       4216.1001       1.0588040
       4218.0498       1.0676132
       4220.0000       1.0793626
       4221.9502       1.0710971
       4223.8999       1.0594635
       4225.8501       1.0500767
       4227.7998       1.0445262
       4229.7500       1.0413312
       4231.7002       1.0357381
       4233.6499       1.0195153
       4235.6001       1.0066528
       4237.5498      0.99913448
       4239.5000       1.0040520
       4241.4502       1.0020943
       4243.3999      0.99360758
       4245.3501      0.98978502
       4247.2998      0.98421496
       4249.2500      0.97696280
       4251.2002      0.96067411
       4253.1499      0.95063853
       4255.1001      0.96060842
       4257.0498      0.95743650
       4259.0000      0.93558729
       4260.9502      0.92533565
       4262.8999      0.92348194
       4264.8501      0.91386211
       4266.7998      0.91393864
       4268.7500      0.92273980
       4270.7002      0.92998886
       4272.6499      0.92323899
       4274.6001      0.91606396
       4276.5498      0.90193915
       4278.5000      0.88950503
       4280.4502      0.90204787
       4282.3999      0.90754133
       4284.3501      0.90509951
       4286.2998      0.90799904
       4288.2500      0.90744919
       4290.2002      0.90545940
       4292.1499      0.90514988
       4294.1001      0.91539323
       4296.0498      0.92355579
       4298.0000      0.91650796
       4299.9502      0.92024976
       4301.8999      0.92945772
       4303.8501      0.94614750
       4305.7998      0.94991875
       4307.7500      0.95090073
       4309.7002      0.95752096
       4311.6499      0.96648878
       4313.6001      0.97996724
       4315.5498      0.98072106
       4317.5000      0.97536945
       4319.4502      0.97900474
       4321.3999      0.99902087
       4323.3501       1.0117861
       4325.2998       1.0103341
       4327.2500       1.0214800
       4329.2002       1.0288247
       4331.1499       1.0103109
       4333.1001       1.0049940
       4335.0498       1.0147028
       4337.0000       1.0261021
       4338.9502       1.0466595
       4340.8999       1.0610774
       4342.8501       1.0751089
       4344.7998       1.0880313
       4346.7500       1.0843306
       4348.7002       1.0908650
       4350.6499       1.0949842
       4352.6001       1.1041358
       4354.5498       1.1138220
       4356.5000       1.1139666
       4358.4502       1.1317294
       4360.3999       1.1461055
       4362.3501       1.1678483
       4364.2998       1.1983600
       4366.2500       1.2313610
       4368.2002       1.2433704
       4370.1499       1.2323925
       4372.1001       1.2212143
       4374.0498       1.2261740
       4376.0000       1.2460577
       4377.9502       1.2659415
       4379.8999       1.2858253
       4381.8501       1.3057090
       4383.7998       1.3255877
       4385.7500       1.3454714
       4387.7002       1.3653551
       4389.6499       1.3852389
       4391.6001       1.4051226
       4393.5498       1.4250014
       4395.5000       1.4448851
       4397.4502       1.4647739
       4399.3999       1.4846526
       4401.3501       1.5045364
       4403.2998       1.5244150
       4405.2500       1.5443039
       4407.2002       1.5641875
       4409.1499       1.5840663
       4411.1001       1.6039500
       4413.0498       1.6238338
       4415.0000       1.6462415
       4416.9502       1.6846347
       4418.8999       1.7020259
       4420.8501       1.7308708
       4422.7998       1.7590085
       4424.7500       1.7591536
       4426.7002       1.7799410
       4428.6499       1.8043835
       4430.6001       1.8233951
       4432.5498       1.8463978
       4434.5000       1.8750328
       4436.4502       1.8883151
       4438.3999       1.8908651
       4440.3501       1.8916985
       4442.2998       1.8810087
       4444.2500       1.8604434
       4446.2002       1.8484501
       4448.1499       1.8402592
       4450.1001       1.8244915
       4452.0498       1.8150468
       4454.0000       1.8255941
       4455.9502       1.8267686
       4457.8999       1.8265265
       4459.8501       1.8334174
       4461.7998       1.8371378
       4463.7500       1.8389769
       4465.7002       1.8254700
       4467.6499       1.8051490
       4469.6001       1.7858083
       4471.5498       1.7729968
       4473.5000       1.7893373
       4475.4502       1.8311200
       4477.3999       1.8688284
       4479.3501       1.8852826
       4481.2998       1.8942381
       4483.2500       1.8952602
       4485.2002       1.8801380
       4487.1499       1.8664103
       4489.1001       1.8601869
       4491.0498       1.8599964
       4493.0000       1.8444834
       4494.9502       1.8228623
       4496.8999       1.8391899
       4498.8501       1.8542275
       4500.7998       1.8408449
       4502.7500       1.8264180
       4504.7002       1.8123381
       4506.6499       1.7904751
       4508.6001       1.7675369
       4510.5498       1.7402987
       4512.5000       1.7255757
       4514.4502       1.7097704
       4516.3999       1.6897962
       4518.3501       1.6900733
       4520.2998       1.6735717
       4522.2500       1.6522421
       4524.2002       1.6470020
       4526.1499       1.6413559
       4528.1001       1.6382346
       4530.0498       1.6237406
       4532.0000       1.6063440
       4533.9502       1.6051400
       4535.8999       1.6039178
       4537.8501       1.5745595
       4539.7998       1.5650290
       4541.7500       1.5615376
       4543.7002       1.5335668
       4545.6499       1.5134380
       4547.6001       1.5200183
       4549.5498       1.5182548
       4551.5000       1.5128336
       4553.4502       1.5013940
       4555.3999       1.4942912
       4557.3501       1.4869692
       4559.2998       1.4775784
       4561.2500       1.4740809
       4563.2002       1.4780245
       4565.1499       1.4742236
       4567.1001       1.4775772
       4569.0498       1.4874201
       4571.0000       1.4872553
       4572.9502       1.4842175
       4574.8999       1.4962111
       4576.8501       1.5024980
       4578.7998       1.5005113
       4580.7500       1.5128396
       4582.7002       1.5234867
       4584.6499       1.5262293
       4586.6001       1.5329884
       4588.5498       1.5321252
       4590.5000       1.5279913
       4592.4502       1.5296773
       4594.3999       1.5199542
       4596.3501       1.5206888
       4598.2998       1.5221014
       4600.2500       1.5110376
       4602.2002       1.5063001
       4604.1499       1.4853728
       4606.1001       1.4845155
       4608.0498       1.4682490
       4610.0000       1.4510497
       4611.9502       1.4502672
       4613.8999       1.4336402
       4615.8501       1.4398826
       4617.7998       1.4425235
       4619.7500       1.4292481
       4621.7002       1.4182760
       4623.6499       1.4243768
       4625.6001       1.4204155
       4627.5498       1.4196805
       4629.5000       1.4271510
       4631.4502       1.4238950
       4633.3999       1.4310143
       4635.3501       1.4383389
       4637.2998       1.4479332
       4639.2500       1.4496552
       4641.2002       1.4484322
       4643.1499       1.4535154
       4645.1001       1.4809204
       4647.0498       1.4956273
       4649.0000       1.4911678
       4650.9502       1.5015895
       4652.8999       1.5143467
       4654.8501       1.5252230
       4656.7998       1.5147007
       4658.7500       1.5131832
       4660.7002       1.5248786
       4662.6499       1.5146163
       4664.6001       1.5123006
       4666.5498       1.5165684
       4668.5000       1.5032930
       4670.4502       1.4828563
       4672.3999       1.4761808
       4674.3501       1.4788367
       4676.2998       1.4594254
       4678.2500       1.4671621
       4680.2002       1.4540416
       4682.1499       1.4038846
       4684.1001       1.3623950
       4686.0498       1.3410529
       4688.0000       1.3109059
       4689.9502       1.2995121
       4691.8999       1.2710544
       4693.8501       1.2264258
       4695.7998       1.2008189
       4697.7500       1.1703806
       4699.7002       1.1655637
       4701.6499       1.1574972
       4703.6001       1.1484540
       4705.5498       1.1427948
       4707.5000       1.1505212
       4709.4502       1.1475749
       4711.3999       1.1341096
       4713.3501       1.1462631
       4715.2998       1.1475071
       4717.2500       1.1589373
       4719.2002       1.1807812
       4721.1499       1.1900022
       4723.1001       1.1865690
       4725.0498       1.2019106
       4727.0000       1.2110330
       4728.9502       1.2189026
       4730.8999       1.2265511
       4732.8501       1.2489707
       4734.7998       1.2563287
       4736.7500       1.2629443
       4738.7002       1.2713246
       4740.6499       1.2757291
       4742.6001       1.2830926
       4744.5498       1.2907821
       4746.5000       1.2888337
       4748.4502       1.3046215
       4750.3999       1.3228117
       4752.3501       1.3321790
       4754.2998       1.3459383
       4756.2500       1.3572413
       4758.2002       1.3724836
       4760.1499       1.3839262
       4762.1001       1.3676640
       4764.0498       1.3693554
       4766.0000       1.3859113
       4767.9502       1.3854727
       4769.8999       1.3953574
       4771.8501       1.3999605
       4773.7998       1.4127756
       4775.7500       1.4219813
       4777.7002       1.4177101
       4779.6499       1.4104718
       4781.6001       1.4097373
       4783.5498       1.4045490
       4785.5000       1.3989469
       4787.4502       1.3736583
       4789.3999       1.3475786
       4791.3501       1.3414133
       4793.2998       1.3406878
       4795.2500       1.3375539
       4797.2002       1.3371996
       4799.1499       1.3335609
       4801.1001       1.3342501
       4803.0498       1.3323053
       4805.0000       1.3322146
       4806.9502       1.3371646
       4808.8999       1.3278565
       4810.8501       1.3097608
       4812.7998       1.3081361
       4814.7500       1.3038132
       4816.7002       1.2941793
       4818.6499       1.2848577
       4820.6001       1.2702976
       4822.5498       1.2619154
       4824.5000       1.2480506
       4826.4502       1.2399707
       4828.3999       1.2354589
       4830.3501       1.2264763
       4832.2998       1.2095090
       4834.2500       1.1946528
       4836.2002       1.1820916
       4838.1499       1.1785753
       4840.1001       1.1681494
       4842.0498       1.1535072
       4844.0000       1.1357939
       4845.9502       1.1151844
       4847.8999       1.1002084
       4849.8501       1.0963881
       4851.7998       1.0954276
       4853.7500       1.0871638
       4855.7002       1.0873019
       4857.6499       1.0891062
       4859.6001       1.0953563
       4861.5498       1.0933357
       4863.5000       1.0940146
       4865.4502       1.0991915
       4867.3999       1.1032040
       4869.3501       1.1135116
       4871.2998       1.1165384
       4873.2500       1.1241168
       4875.2002       1.1148429
       4877.1499       1.1267338
       4879.1001       1.1293706
       4881.0498       1.1320068
       4883.0000       1.1346437
       4884.9502       1.1372805
       4886.8999       1.1399173
       4888.8501       1.1425542
       4890.7998       1.1451904
       4892.7500       1.1478271
       4894.7002       1.1504647
       4896.6499       1.1531008
       4898.6001       1.1557376
       4900.5498       1.1583738
       4902.5000       1.1610113
       4904.4502       1.1636482
       4906.3999       1.1662843
       4908.3501       1.1689212
       4910.2998       1.1715580
       4912.2500       1.1741949
       4914.2002       1.1768317
       4916.1499       1.1710232
       4918.1001       1.1868324
       4920.0498       1.1797450
       4922.0000       1.1776767
       4923.9502       1.1890156
       4925.8999       1.1862446
       4927.8501       1.1969324
       4929.7998       1.2171627
       4931.7500       1.2155837
       4933.7002       1.2213755
       4935.6499       1.2142043
       4937.6001       1.2180792
       4939.5498       1.2248956
       4941.5000       1.2345778
       4943.4502       1.2410326
       4945.3999       1.2521538
       4947.3501       1.2523774
       4949.2998       1.2548386
       4951.2500       1.2833040
       4953.2002       1.2841860
       4955.1499       1.2781128
       4957.1001       1.2842065
       4959.0498       1.2905289
       4961.0000       1.2874981
       4962.9502       1.2876381
       4964.8999       1.2925789
       4966.8501       1.2921525
       4968.7998       1.2891759
       4970.7500       1.2800864
       4972.7002       1.2910073
       4974.6499       1.2883854
       4976.6001       1.2911071
       4978.5498       1.2938274
       4980.5000       1.2965485
       4982.4502       1.2992694
       4984.3999       1.3019905
       4986.3501       1.3047115
       4988.2998       1.3074318
       4990.2500       1.3101528
       4992.2002       1.3128746
       4994.1499       1.3155948
       4996.1001       1.3183159
       4998.0498       1.3210362
       5000.0000       1.3237579
       5001.9502       1.3264788
       5003.8999       1.3291992
       5005.8501       1.3319203
       5007.7998       1.3346412
       5009.7500       1.3373623
       5011.7002       1.3400832
       5013.6499       1.3428036
       5015.6001       1.3369533
       5017.5498       1.3479648
       5019.5000       1.3750407
       5021.4502       1.4004209
       5023.3999       1.4260260
       5025.3501       1.4349306
       5027.2998       1.4438307
       5029.2500       1.4527332
       5031.2002       1.4616355
       5033.1499       1.4705379
       5035.1001       1.4794403
       5037.0498       1.4883404
       5039.0000       1.4972428
       5040.9502       1.5061475
       5042.8999       1.5150476
       5044.8501       1.5239500
       5046.7998       1.5328501
       5048.7500       1.5417547
       5050.7002       1.5506572
       5052.6499       1.5595572
       5054.6001       1.5684596
       5056.5498       1.5773621
       5058.5000       1.5862644
       5060.4502       1.5951668
       5062.3999       1.5875936
       5064.3501       1.5953834
       5066.2998       1.6151558
       5068.2500       1.6090610
       5070.2002       1.5931611
       5072.1499       1.6153392
       5074.1001       1.6313343
       5076.0498       1.6413882
       5078.0000       1.6534348
       5079.9502       1.6652796
       5081.8999       1.6735235
       5083.8501       1.6918569
       5085.7998       1.7024567
       5087.7500       1.7086458
       5089.7002       1.7388973
       5091.6499       1.7455747
       5093.6001       1.7569987
       5095.5498       1.7663817
       5097.5000       1.7647346
       5099.4502       1.7846395
       5101.3999       1.8105364
       5103.3501       1.8184729
       5105.2998       1.8288374
       5107.2500       1.8419782
       5109.2002       1.8650575
       5111.1499       1.8831972
       5113.1001       1.8738676
       5115.0498       1.8696073
       5117.0000       1.8830409
       5118.9502       1.8841358
       5120.8999       1.8747183
       5122.8501       1.8732890
       5124.7998       1.8773755
       5126.7500       1.8675114
       5128.7002       1.8689013
       5130.6499       1.8787771
       5132.6001       1.8665398
       5134.5498       1.8641491
       5136.5000       1.8637776
       5138.4502       1.8650894
       5140.3999       1.8664278
       5142.3501       1.8515695
       5144.2998       1.8586321
       5146.2500       1.8737620
       5148.2002       1.8749731
       5150.1499       1.8510489
       5152.1001       1.8349528
       5154.0498       1.8404548
       5156.0000       1.8472134
       5157.9502       1.8442541
       5159.8999       1.8330359
       5161.8501       1.8304708
       5163.7998       1.8327231
       5165.7500       1.8188640
       5167.7002       1.8206018
       5169.6499       1.8272787
       5171.6001       1.8225536
       5173.5498       1.8195294
       5175.5000       1.8315818
       5177.4502       1.8384697
       5179.3999       1.8398278
       5181.3501       1.8485136
       5183.2998       1.8662723
       5185.2500       1.8781595
       5187.2002       1.8750145
       5189.1499       1.8749737
       5191.1001       1.8882180
       5193.0498       1.9048108
       5195.0000       1.9165527
       5196.9502       1.9205678
       5198.8999       1.9194876
       5200.8501       1.9327755
       5202.7998       1.9504025
       5204.7500       1.9561162
       5206.7002       1.9614221
       5208.6499       1.9793257
       5210.6001       1.9916209
       5212.5498       1.9880203
       5214.5000       1.9882326
       5216.4502       1.9835302
       5218.3999       1.9844109
       5220.3501       1.9870052
       5222.2998       1.9879051
       5224.2500       1.9927102
       5226.2002       1.9995302
       5228.1499       2.0007267
       5230.1001       1.9991357
       5232.0498       2.0126243
       5234.0000       2.0203521
       5235.9502       2.0161738
       5237.8999       2.0217392
       5239.8501       2.0354533
       5241.7998       2.0446322
       5243.7500       2.0530295
       5245.7002       2.0515511
       5247.6499       2.0366793
       5249.6001       2.0316267
       5251.5498       2.0384746
       5253.5000       2.0399756
       5255.4502       2.0524156
       5257.3999       2.0651269
       5259.3501       2.0438232
       5261.2998       2.0298171
       5263.2500       2.0454295
       5265.2002       2.0525975
       5267.1499       2.0342157
       5269.1001       2.0165243
       5271.0498       2.0079207
       5273.0000       1.9961836
       5274.9502       1.9818704
       5276.8999       1.9804373
       5278.8501       1.9975208
       5280.7998       1.9948691
       5282.7500       1.9708210
       5284.7002       1.9652941
       5286.6499       1.9709712
       5288.6001       1.9588507
       5290.5498       1.9561315
       5292.5000       1.9660671
       5294.4502       1.9602580
       5296.3999       1.9560628
       5298.3501       1.9525287
       5300.2998       1.9428385
       5302.2500       1.9296650
       5304.2002       1.9297590
       5306.1499       1.9372311
       5308.1001       1.9354442
       5310.0498       1.9357152
       5312.0000       1.9335358
       5313.9502       1.9306108
       5315.8999       1.9274018
       5317.8501       1.9088637
       5319.7998       1.9159048
       5321.7500       1.9242753
       5323.7002       1.9188054
       5325.6499       1.9284496
       5327.6001       1.9390124
       5329.5498       1.9371707
       5331.5000       1.9296592
       5333.4502       1.9277128
       5335.3999       1.9295061
       5337.3501       1.9271066
       5339.2998       1.9213341
       5341.2500       1.9199529
       5343.2002       1.9251764
       5345.1499       1.9092917
       5347.1001       1.9064012
       5349.0498       1.9144551
       5351.0000       1.9094096
       5352.9502       1.9141704
       5354.8999       1.9103723
       5356.8501       1.9024336
       5358.7998       1.9206675
       5360.7500       1.9357911
       5362.7002       1.9215351
       5364.6499       1.9152601
       5366.6001       1.9240872
       5368.5498       1.9219300
       5370.5000       1.9170825
       5372.4502       1.9109595
       5374.3999       1.9064522
       5376.3501       1.8948509
       5378.2998       1.8999431
       5380.2500       1.8976448
       5382.2002       1.8790944
       5384.1499       1.8795621
       5386.1001       1.8880163
       5388.0498       1.8904332
       5390.0000       1.8834239
       5391.9502       1.8576881
       5393.8999       1.8541909
       5395.8501       1.8516020
       5397.7998       1.8476621
       5399.7500       1.8376729
       5401.7002       1.8337721
       5403.6499       1.8372278
       5405.6001       1.8290739
       5407.5498       1.8229847
       5409.5000       1.8140427
       5411.4502       1.7903183
       5413.3999       1.7853018
       5415.3501       1.7906919
       5417.2998       1.7825185
       5419.2500       1.7754500
       5421.2002       1.7650406
       5423.1499       1.7577507
       5425.1001       1.7577795
       5427.0498       1.7518113
       5429.0000       1.7563394
       5430.9502       1.7611957
       5432.8999       1.7319359
       5434.8501       1.7272030
       5436.7998       1.7238879
       5438.7500       1.7067981
       5440.7002       1.6887970
       5442.6499       1.6905320
       5444.6001       1.6871340
       5446.5498       1.6762042
       5448.5000       1.6657889
       5450.4502       1.6526022
       5452.3999       1.6390535
       5454.3501       1.6271737
       5456.2998       1.6128075
       5458.2500       1.5883988
       5460.2002       1.5840945
       5462.1499       1.5596942
       5464.1001       1.4932514
       5466.0498       1.4548604
       5468.0000       1.4175880
       5469.9502       1.3795891
       5471.8999       1.3344926
       5473.8501       1.3255107
       5475.7998       1.3114870
       5477.7500       1.3029568
       5479.7002       1.3081223
       5481.6499       1.3178644
       5483.6001       1.3174906
       5485.5498       1.3309165
       5487.5000       1.3231047
       5489.4502       1.3222606
       5491.3999       1.3318214
       5493.3501       1.3298616
       5495.2998       1.3351054
       5497.2500       1.3382405
       5499.2002       1.3498037
       5501.1499       1.3296958
       5503.1001       1.3343517
       5505.0498       1.3349204
       5507.0000       1.3371099
       5508.9502       1.3505007
       5510.8999       1.3381194
       5512.8501       1.3239567
       5514.7998       1.3212023
       5516.7500       1.3142867
       5518.7002       1.3269486
       5520.6499       1.3311877
       5522.6001       1.3402818
       5524.5498       1.3396976
       5526.5000       1.3266172
       5528.4502       1.3144752
       5530.3999       1.3195739
       5532.3501       1.3280945
       5534.2998       1.3277756
       5536.2500       1.3155856
       5538.2002       1.3079352
       5540.1499       1.2897505
       5542.1001       1.2759104
       5544.0498       1.2855990
       5546.0000       1.2901529
       5547.9502       1.2609719
       5549.8999       1.2593375
       5551.8501       1.2590736
       5553.7998       1.2606891
       5555.7500       1.2492595
       5557.7002       1.2488003
       5559.6499       1.2640573
       5561.6001       1.2465342
       5563.5498       1.2507007
       5565.5000       1.2596891
       5567.4502       1.2594551
       5569.3999       1.2777324
       5571.3501       1.2830559
       5573.2998       1.2729709
       5575.2500       1.2541828
       5577.2002       1.2665459
       5579.1499       1.2673970
       5581.1001       1.2859106
       5583.0498       1.2843947
       5585.0000       1.2880596
       5586.9502       1.2784542
       5588.8999       1.2815748
       5590.8501       1.2850528
       5592.7998       1.2933003
       5594.7500       1.2768199
       5596.7002       1.2804748
       5598.6499       1.2934455
       5600.6001       1.3162001
       5602.5498       1.3092875
       5604.5000       1.3141308
       5606.4502       1.3085761
       5608.3999       1.3206947
       5610.3501       1.3328501
       5612.2998       1.3361073
       5614.2500       1.3204818
       5616.2002       1.3124477
       5618.1499       1.3385880
       5620.1001       1.3417680
       5622.0498       1.3536085
       5624.0000       1.3519562
       5625.9502       1.3313367
       5627.8999       1.3286265
       5629.8501       1.3359841
       5631.7998       1.3200251
       5633.7500       1.3133664
       5635.7002       1.3023623
       5637.6499       1.2822721
       5639.6001       1.3044609
       5641.5498       1.3103664
       5643.5000       1.2996529
       5645.4502       1.2813234
       5647.3999       1.3106720
       5649.3501       1.3170633
       5651.2998       1.3206325
       5653.2500       1.3330362
       5655.2002       1.3344125
       5657.1499       1.3347334
       5659.1001       1.3473169
       5661.0498       1.3434064
       5663.0000       1.3419999
       5664.9502       1.3846946
       5666.8999       1.3988931
       5668.8501       1.3880379
       5670.7998       1.3833636
       5672.7500       1.4034133
       5674.7002       1.4153714
       5676.6499       1.4379792
       5678.6001       1.4465243
       5680.5498       1.4622684
       5682.5000       1.4500537
       5684.4502       1.4523779
       5686.3999       1.4473684
       5688.3501       1.4329889
       5690.2998       1.4401280
       5692.2500       1.4581083
       5694.2002       1.4562320
       5696.1499       1.4627693
       5698.1001       1.4859715
       5700.0498       1.4712839
       5702.0000       1.4767767
       5703.9502       1.4767377
       5705.8999       1.4888991
       5707.8501       1.4844722
       5709.7998       1.5003824
       5711.7500       1.5179882
       5713.7002       1.5109080
       5715.6499       1.5083214
       5717.6001       1.5136772
       5719.5498       1.5309803
       5721.5000       1.5497910
       5723.4502       1.5610042
       5725.3999       1.5653219
       5727.3501       1.5678625
       5729.2998       1.5777448
       5731.2500       1.5747349
       5733.2002       1.5709288
       5735.1499       1.5430782
       5737.1001       1.5677807
       5739.0498       1.5928288
       5741.0000       1.6038746
       5742.9502       1.6245215
       5744.8999       1.6227100
       5746.8501       1.5969837
       5748.7998       1.6021001
       5750.7500       1.6148473
       5752.7002       1.6283784
       5754.6499       1.6297214
       5756.6001       1.6250346
       5758.5498       1.6171104
       5760.5000       1.6134331
       5762.4502       1.6167229
       5764.3999       1.6305467
       5766.3501       1.6187087
       5768.2998       1.6353065
       5770.2500       1.6500174
       5772.2002       1.6494347
       5774.1499       1.6597803
       5776.1001       1.6641585
       5778.0498       1.6931429
       5780.0000       1.7121818
       5781.9502       1.7052122
       5783.8999       1.6805519
       5785.8501       1.6742702
       5787.7998       1.6473017
       5789.7500       1.6398139
       5791.7002       1.6472299
       5793.6499       1.6515942
       5795.6001       1.6723729
       5797.5498       1.6835490
       5799.5000       1.6428213
       5801.4502       1.6365290
       5803.3999       1.6435494
       5805.3501       1.6235554
       5807.2998       1.6245306
       5809.2500       1.6316308
       5811.2002       1.6315761
       5813.1499       1.6194748
       5815.1001       1.6037267
       5817.0498       1.5963888
       5819.0000       1.6041346
       5820.9502       1.6088986
       5822.8999       1.5982561
       5824.8501       1.6051518
       5826.7998       1.6050334
       5828.7500       1.5839746
       5830.7002       1.5841268
       5832.6499       1.5911412
       5834.6001       1.5842049
       5836.5498       1.5860330
       5838.5000       1.5839156
       5840.4502       1.5957416
       5842.3999       1.5833607
       5844.3501       1.5678153
       5846.2998       1.5583713
       5848.2500       1.5651112
       5850.2002       1.5644547
       5852.1499       1.5420063
       5854.1001       1.5479453
       5856.0498       1.5352981
       5858.0000       1.5283148
       5859.9502       1.5185002
       5861.8999       1.5067608
       5863.8501       1.5129247
       5865.7998       1.4983547
       5867.7500       1.4955553
       5869.7002       1.5136799
       5871.6499       1.5327408
       5873.6001       1.5876162
       5875.5498       1.6691772
       5877.5000       1.6376575
       5879.4502       1.5563725
       5881.3999       1.5010353
       5883.3501       1.4781741
       5885.2998       1.4736553
       5887.2500       1.4992676
       5889.2002       1.5656813
       5891.1499       1.6054882
       5893.1001       1.5923787
       5895.0498       1.5879691
       5897.0000       1.5896533
       5898.9502       1.5262234
       5900.8999       1.4850540
       5902.8501       1.4804103
       5904.7998       1.4748491
       5906.7500       1.4742360
       5908.7002       1.4915395
       5910.6499       1.4983022
       5912.6001       1.4896764
       5914.5498       1.4932283
       5916.5000       1.5024011
       5918.4502       1.5131425
       5920.3999       1.5228755
       5922.3501       1.4856973
       5924.2998       1.4246241
       5926.2500       1.4194221
       5928.2002       1.4534959
       5930.1499       1.4648910
       5932.1001       1.4435997
       5934.0498       1.4531397
       5936.0000       1.4598747
       5937.9502       1.4530603
       5939.8999       1.4541668
       5941.8501       1.4416767
       5943.7998       1.4349957
       5945.7500       1.4116288
       5947.7002       1.3873984
       5949.6499       1.3561339
       5951.6001       1.3205417
       5953.5498       1.3127502
       5955.5000       1.2958745
       5957.4502       1.2684389
       5959.3999       1.2405139
       5961.3501       1.2219090
       5963.2998       1.2014149
       5965.2500       1.1918954
       5967.2002       1.1779166
       5969.1499       1.1521095
       5971.1001       1.1385444
       5973.0498       1.1129144
       5975.0000       1.0822960
       5976.9502       1.0840741
       5978.8999       1.0751269
       5980.8501       1.0518603
       5982.7998       1.0460685
       5984.7500       1.0522650
       5986.7002       1.0434971
       5988.6499       1.0378113
       5990.6001       1.0132836
       5992.5498       1.0012568
       5994.5000       1.0021502
       5996.4502       1.0001980
       5998.3999      0.98879462
       6000.3501      0.97895265
       6002.2998      0.97353989
       6004.2500      0.95747983
       6006.2002      0.95505404
       6008.1499      0.97233450
       6010.1001      0.96324682
       6012.0498      0.95664209
       6014.0000      0.96356547
       6015.9502      0.95895869
       6017.8999      0.93555808
       6019.8501      0.93177783
       6021.7998      0.94398570
       6023.7500      0.94923240
       6025.7002      0.94629502
       6027.6499      0.94161415
       6029.6001      0.94416666
       6031.5498      0.94575310
       6033.5000      0.94971949
       6035.4502      0.94042975
       6037.3999      0.93550205
       6039.3501      0.93363434
       6041.2998      0.93250674
       6043.2500      0.92854118
       6045.2002      0.92930382
       6047.1499      0.91402686
       6049.1001      0.91391575
       6051.0498      0.92398083
       6053.0000      0.92015630
       6054.9502      0.91737932
       6056.8999      0.92017007
       6058.8501      0.91386235
       6060.7998      0.91065711
       6062.7500      0.90409994
       6064.7002      0.89686471
       6066.6499      0.90079725
       6068.6001      0.90617919
       6070.5498      0.90466774
       6072.5000      0.90008646
       6074.4502      0.89531237
       6076.3999      0.89511096
       6078.3501      0.90149689
       6080.2998      0.90618575
       6082.2500      0.90498620
       6084.2002      0.91275281
       6086.1499      0.91398495
       6088.1001      0.91778141
       6090.0498      0.92643553
       6092.0000      0.93686396
       6093.9502      0.94795245
       6095.8999      0.94671142
       6097.8501      0.94719893
       6099.7998      0.95397055
       6101.7500      0.95369893
       6103.7002      0.96721190
       6105.6499      0.98251516
       6107.6001      0.98351425
       6109.5498      0.98062599
       6111.5000      0.97222227
       6113.4502      0.98526162
       6115.3999       1.0066608
       6117.3501       1.0207168
       6119.2998       1.0332155
       6121.2500       1.0401559
       6123.2002       1.0410436
       6125.1499       1.0405260
       6127.1001       1.0470682
       6129.0498       1.0569686
       6131.0000       1.0660295
       6132.9502       1.0659875
       6134.8999       1.0581651
       6136.8501       1.0617363
       6138.7998       1.0805707
       6140.7500       1.1012949
       6142.7002       1.1119239
       6144.6499       1.1135651
       6146.6001       1.1111190
       6148.5498       1.1108441
       6150.5000       1.1109368
       6152.4502       1.1158053
       6154.3999       1.1187290
       6156.3501       1.1250188
       6158.2998       1.1503637
       6160.2500       1.1625527
       6162.2002       1.1610962
       6164.1499       1.1716439
       6166.1001       1.1721100
       6168.0498       1.1722864
       6170.0000       1.1748742
       6171.9502       1.1840807
       6173.8999       1.1945770
       6175.8501       1.2041022
       6177.7998       1.2088673
       6179.7500       1.2116834
       6181.7002       1.2254025
       6183.6499       1.2271961
       6185.6001       1.2229381
       6187.5498       1.2302246
       6189.5000       1.2316117
       6191.4502       1.2362248
       6193.3999       1.2337826
       6195.3501       1.2284235
       6197.2998       1.2353582
       6199.2500       1.2458503
       6201.2002       1.2324156
       6203.1499       1.2366055
       6205.1001       1.2470646
       6207.0498       1.2376478
       6209.0000       1.2307217
       6210.9502       1.2301073
       6212.8999       1.2198319
       6214.8501       1.2055681
       6216.7998       1.2099327
       6218.7500       1.2062395
       6220.7002       1.1903021
       6222.6499       1.1889027
       6224.6001       1.2007298
       6226.5498       1.2054807
       6228.5000       1.2124661
       6230.4502       1.2130175
       6232.3999       1.2030852
       6234.3501       1.2002556
       6236.2998       1.1971294
       6238.2500       1.1930221
       6240.2002       1.1991408
       6242.1499       1.1982597
       6244.1001       1.1888043
       6246.0498       1.2050242
       6248.0000       1.2103109
       6249.9502       1.2214426
       6251.8999       1.2298141
       6253.8501       1.2302583
       6255.7998       1.2305707
       6257.7500       1.2270961
       6259.7002       1.2330756
       6261.6499       1.2434587
       6263.6001       1.2434176
       6265.5498       1.2450200
       6267.5000       1.2672892
       6269.4502       1.2750312
       6271.3999       1.2712109
       6273.3501       1.2793792
       6275.2998       1.2767489
       6277.2500       1.2901314
       6279.2002       1.3129622
       6281.1499       1.3273623
       6283.1001       1.3332397
       6285.0498       1.3328537
       6287.0000       1.3387538
       6288.9502       1.3210469
       6290.8999       1.2941396
       6292.8501       1.2949663
       6294.7998       1.3057286
       6296.7500       1.2961135
       6298.7002       1.2914042
       6300.6499       1.3053323
       6302.6001       1.3067485
       6304.5498       1.2929746
       6306.5000       1.2993737
       6308.4502       1.2908388
       6310.3999       1.2736056
       6312.3501       1.2806461
       6314.2998       1.2796520
       6316.2500       1.2832440
       6318.2002       1.3000361
       6320.1499       1.2932472
       6322.1001       1.2629869
       6324.0498       1.2487655
       6326.0000       1.2684962
       6327.9502       1.2674768
       6329.8999       1.2554594
       6331.8501       1.2774142
       6333.7998       1.2959598
       6335.7500       1.3067033
       6337.7002       1.2936456
       6339.6499       1.2930278
       6341.6001       1.3047527
       6343.5498       1.2949122
       6345.5000       1.2898498
       6347.4502       1.2969395
       6349.3999       1.2805748
       6351.3501       1.2567067
       6353.2998       1.2893888
       6355.2500       1.2811183
       6357.2002       1.2511293
       6359.1499       1.2526737
       6361.1001       1.2162346
       6363.0498       1.2297834
       6365.0000       1.2302549
       6366.9502       1.2164626
       6368.8999       1.2184196
       6370.8501       1.2129177
       6372.7998       1.2188152
       6374.7500       1.2144719
       6376.7002       1.2039021
       6378.6499       1.2010307
       6380.6001       1.2000694
       6382.5498       1.1963592
       6384.5000       1.1889399
       6386.4502       1.1994566
       6388.3999       1.2007183
       6390.3501       1.2037601
       6392.2998       1.2264289
       6394.2500       1.2232380
       6396.2002       1.2102331
       6398.1499       1.2205040
       6400.1001       1.2147533
       6402.0498       1.1957147
       6404.0000       1.1921906
       6405.9502       1.1822163
       6407.8999       1.1861395
       6409.8501       1.1891114
       6411.7998       1.1947775
       6413.7500       1.1950561
       6415.7002       1.1937836
       6417.6499       1.1937501
       6419.6001       1.2015988
       6421.5498       1.2107671
       6423.5000       1.2055365
       6425.4502       1.2137872
       6427.3999       1.2262913
       6429.3501       1.2435259
       6431.2998       1.2326976
       6433.2500       1.2204393
       6435.2002       1.2091098
       6437.1499       1.2194946
       6439.1001       1.2380555
       6441.0498       1.2309093
       6443.0000       1.2457776
       6444.9502       1.2451956
       6446.8999       1.2409605
       6448.8501       1.2415631
       6450.7998       1.2650024
       6452.7500       1.2892464
       6454.7002       1.2836779
       6456.6499       1.2846926
       6458.6001       1.2821373
       6460.5498       1.2890331
       6462.5000       1.2819519
       6464.4502       1.2733116
       6466.3999       1.2806596
       6468.3501       1.2897208
       6470.2998       1.2883629
       6472.2500       1.2912678
       6474.2002       1.2764704
       6476.1499       1.2855530
       6478.1001       1.3073088
       6480.0498       1.3050975
       6482.0000       1.3055596
       6483.9502       1.3017011
       6485.8999       1.2973057
       6487.8501       1.2919483
       6489.7998       1.3118277
       6491.7500       1.3211622
       6493.7002       1.3084313
       6495.6499       1.3020252
       6497.6001       1.3253115
       6499.5498       1.3205714
       6501.5000       1.3207307
       6503.4502       1.3191650
       6505.3999       1.3141960
       6507.3501       1.3310786
       6509.2998       1.3281859
       6511.2500       1.3276575
       6513.2002       1.3337774
       6515.1499       1.3360374
       6517.1001       1.3295972
       6519.0498       1.3222432
       6521.0000       1.3098646
       6522.9502       1.3016000
       6524.8999       1.3207157
       6526.8501       1.3298143
       6528.7998       1.3128744
       6530.7500       1.2838913
       6532.7002       1.2907631
       6534.6499       1.2961618
       6536.6001       1.2869350
       6538.5498       1.2929868
       6540.5000       1.2688228
       6542.4502       1.2774957
       6544.3999       1.2802557
       6546.3501       1.2851735
       6548.2998       1.2816349
       6550.2500       1.2655963
       6552.2002       1.2620392
       6554.1499       1.2572242
       6556.1001       1.2533926
       6558.0498       1.2550023
       6560.0000       1.2391599
       6561.9502       1.2303971
       6563.8999       1.2348250
       6565.8501       1.2446585
       6567.7998       1.2562820
       6569.7500       1.2403854
       6571.7002       1.2241733
       6573.6499       1.2129790
       6575.6001       1.2061594
       6577.5498       1.2057632
       6579.5000       1.2053671
       6581.4502       1.2049707
       6583.3999       1.2045746
       6585.3501       1.2041785
       6587.2998       1.2037823
       6589.2500       1.2033861
       6591.2002       1.2029898
       6593.1499       1.2025937
       6595.1001       1.2021976
       6597.0498       1.2018013
       6599.0000       1.2014052
       6600.9502       1.2010089
       6602.8999       1.2006128
       6604.8501       1.2002167
       6606.7998       1.1998204
       6608.7500       1.1994241
       6610.7002       1.1990280
       6612.6499       1.1986319
       6614.6001       1.1983455
       6616.5498       1.1980593
       6618.5000       1.1977730
       6620.4502       1.1974866
       6622.3999       1.1972004
       6624.3501       1.1969141
       6626.2998       1.1966279
       6628.2500       1.1963416
       6630.2002       1.1960552
       6632.1499       1.1957690
       6634.1001       1.1954827
       6636.0498       1.1951965
       6638.0000       1.1949102
       6639.9502       1.1946238
       6641.8999       1.1943376
       6643.8501       1.1940513
       6645.7998       1.1937650
       6647.7500       1.1934787
       6649.7002       1.1932632
       6651.6499       1.1982892
       6653.6001       1.2089114
       6655.5498       1.2045735
       6657.5000       1.1965764
       6659.4502       1.1924530
       6661.3999       1.1954339
       6663.3501       1.2023753
       6665.2998       1.1908789
       6667.2500       1.1740882
       6669.2002       1.1734794
       6671.1499       1.1693451
       6673.1001       1.1506881
       6675.0498       1.1333253
       6677.0000       1.1475201
       6678.9502       1.1421465
       6680.8999       1.1289787
       6682.8501       1.1276580
       6684.7998       1.1397276
       6686.7500       1.1438502
       6688.7002       1.1377776
       6690.6499       1.1366904
       6692.6001       1.1425982
       6694.5498       1.1374112
       6696.5000       1.1433990
       6698.4502       1.1711589
       6700.3999       1.1748226
       6702.3501       1.1524810
       6704.2998       1.1509479
       6706.2500       1.1420075
       6708.2002       1.1377466
       6710.1499       1.1374601
       6712.1001       1.1193738
       6714.0498       1.1077666
       6716.0000       1.1156465
       6717.9502       1.1062838
       6719.8999       1.0975767
       6721.8501       1.0941416
       6723.7998       1.0679389
       6725.7500       1.0702890
       6727.7002       1.0812043
       6729.6499       1.0744559
       6731.6001       1.0675043
       6733.5498       1.0497203
       6735.5000       1.0433038
       6737.4502       1.0388857
       6739.3999       1.0199915
       6741.3501       1.0138639
       6743.2998       1.0286025
       6745.2500       1.0391462
       6747.2002       1.0388218
       6749.1499       1.0384976
       6751.1001       1.0381733
       6753.0498       1.0378489
       6755.0000       1.0375246
       6756.9502       1.0372003
       6758.8999       1.0368761
       6760.8501       1.0382285
       6762.7998       1.0395801
       6764.7500       1.0409322
       6766.7002       1.0422843
       6768.6499       1.0436362
       6770.6001       1.0449883
       6772.5498       1.0463400
       6774.5000       1.0476921
       6776.4502       1.0490444
       6778.3999       1.0503961
       6780.3501       1.0517482
       6782.2998       1.0530998
       6784.2500       1.0544518
       6786.2002       1.0558043
       6788.1499       1.0571558
       6790.1001       1.0585079
       6792.0498       1.0598596
       6794.0000       1.0612121
       6795.9502       1.0625640
       6797.8999       1.0639157
       6799.8501       1.0551165
       6801.7998       1.0526165
       6803.7500       1.0762902
       6805.7002       1.0819714
       6807.6499       1.0773906
       6809.6001       1.0844048
       6811.5498       1.0820019
       6813.5000       1.0830110
       6815.4502       1.1017699
       6817.3999       1.1043677
       6819.3501       1.1023189
       6821.2998       1.1032698
       6823.2500       1.1116776
       6825.2002       1.1150231
       6827.1499       1.1205424
       6829.1001       1.1320211
       6831.0498       1.1282175
       6833.0000       1.1234897
       6834.9502       1.1182386
       6836.8999       1.1185377
       6838.8501       1.1192349
       6840.7998       1.1241695
       6842.7500       1.1292224
       6844.7002       1.1244524
       6846.6499       1.1184210
       6848.6001       1.1307081
       6850.5498       1.1303195
       6852.5000       1.1212784
       6854.4502       1.1270554
       6856.3999       1.1207461
       6858.3501       1.1240023
       6860.2998       1.1231557
       6862.2500       1.1065017
       6864.2002       1.1233815
       6866.1499       1.1296912
       6868.1001       1.1175258
       6870.0498       1.0850439
       6872.0000       1.0791276
       6873.9502       1.0808797
       6875.8999       1.0788095
       6877.8501       1.0926083
       6879.7998       1.1031066
       6881.7500       1.1101407
       6883.7002       1.1143671
       6885.6499       1.1161132
       6887.6001       1.1239017
       6889.5498       1.1276058
       6891.5000       1.1242902
       6893.4502       1.1259602
       6895.3999       1.1336981
       6897.3501       1.1507070
       6899.2998       1.1482315
       6901.2500       1.1466047
       6903.2002       1.1460297
       6905.1499       1.1365874
       6907.1001       1.1267829
       6909.0498       1.1263868
       6911.0000       1.1339369
       6912.9502       1.1304162
       6914.8999       1.1313605
       6916.8501       1.1321931
       6918.7998       1.1392604
       6920.7500       1.1479932
       6922.7002       1.1493127
       6924.6499       1.1474023
       6926.6001       1.1540767
       6928.5498       1.1453125
       6930.5000       1.1604772
       6932.4502       1.1882336
       6934.3999       1.1782604
       6936.3501       1.1720611
       6938.2998       1.1132772
       6940.2500       1.0718882
       6942.2002       1.1536288
       6944.1499       1.1858292
       6946.1001       1.1757118
       6948.0498       1.1877367
       6950.0000       1.1978087
       6951.9502       1.1992922
       6953.8999       1.1708119
       6955.8501       1.1399028
       6957.7998       1.1456846
       6959.7500       1.1433697
       6961.7002       1.1309596
       6963.6499       1.1402410
       6965.6001       1.1464866
       6967.5498       1.1427560
       6969.5000       1.1455710
       6971.4502       1.1438841
       6973.3999       1.1332335
       6975.3501       1.1333311
       6977.2998       1.1267705
       6979.2500       1.1242683
       6981.2002       1.1445092
       6983.1499       1.1477190
       6985.1001       1.1299998
       6987.0498       1.1240757
       6989.0000       1.1351503
       6990.9502       1.1505815
       6992.8999       1.1531837
       6994.8501       1.1428856
       6996.7998       1.1312883
       6998.7500       1.1234789
       7000.7002       1.1205120
       7002.6499       1.1173108
       7004.6001       1.1223065
       7006.5498       1.1146076
       7008.5000       1.0855306
       7010.4502       1.0829395
       7012.3999       1.0882509
       7014.3501       1.0824258
       7016.2998       1.0924623
       7018.2500       1.1115533
       7020.2002       1.1160253
       7022.1499       1.1101967
       7024.1001       1.1196537
       7026.0498       1.1191980
       7028.0000       1.0917484
       7029.9502       1.0873164
       7031.8999       1.1127203
       7033.8501       1.1125792
       7035.7998       1.1058731
       7037.7500       1.1161371
       7039.7002       1.0991261
       7041.6499       1.0823210
       7043.6001       1.0861222
       7045.5498       1.0744938
       7047.5000       1.0575457
       7049.4502       1.0624213
       7051.3999       1.0729014
       7053.3501       1.0739807
       7055.2998       1.0737640
       7057.2500       1.0788873
       7059.2002       1.0779608
       7061.1499       1.0885421
       7063.1001       1.1298457
       7065.0498       1.1594661
       7067.0000       1.1515285
       7068.9502       1.1369648
       7070.8999       1.1201719
       7072.8501       1.1015202
       7074.7998       1.1001960
       7076.7500       1.0916700
       7078.7002       1.0918034
       7080.6499       1.0849631
       7082.6001       1.0831639
       7084.5498       1.0800779
       7086.5000       1.0737628
       7088.4502       1.0677847
       7090.3999       1.0625160
       7092.3501       1.0701810
       7094.2998       1.0702391
       7096.2500       1.0611284
       7098.2002       1.0545640
       7100.1499       1.0692917
       7102.1001       1.0873348
       7104.0498       1.1124964
       7106.0000       1.1098495
       7107.9502       1.1015234
       7109.8999       1.1018828
       7111.8501       1.1023992
       7113.7998       1.1069006
       7115.7500       1.1035055
       7117.7002       1.1011071
       7119.6499       1.0893414
       7121.6001       1.0916266
       7123.5498       1.0884342
       7125.5000       1.0810381
       7127.4502       1.0812697
       7129.3999       1.0767432
       7131.3501       1.0709670
       7133.2998       1.0851679
       7135.2500       1.0812207
       7137.2002       1.0817935
       7139.1499       1.0811968
       7141.1001       1.0721217
       7143.0498       1.0865469
       7145.0000       1.1138513
       7146.9502       1.0933228
       7148.8999       1.0809023
       7150.8501       1.0987301
       7152.7998       1.1057785
       7154.7500       1.1166501
       7156.7002       1.1234729
       7158.6499       1.1161625
       7160.6001       1.0940801
       7162.5498       1.0932610
       7164.5000       1.0986338
       7166.4502       1.0894362
       7168.3999       1.0669094
       7170.3501       1.0710782
       7172.2998       1.0813137
       7174.2500       1.0762291
       7176.2002       1.0887789
       7178.1499       1.0940400
       7180.1001       1.0849516
       7182.0498       1.0846461
       7184.0000       1.0808511
       7185.9502       1.0865326
       7187.8999       1.0997235
       7189.8501       1.0960025
       7191.7998       1.1001091
       7193.7500       1.0823634
       7195.7002       1.0804952
       7197.6499       1.0945179
       7199.6001       1.0842439
       7201.5498       1.0630292
       7203.5000       1.0606409
       7205.4502       1.0536104
       7207.3999       1.0413247
       7209.3501       1.0350651
       7211.2998       1.0482849
       7213.2500       1.0458945
       7215.2002       1.0468640
       7217.1499       1.0312676
       7219.1001       1.0250679
       7221.0498       1.0353557
       7223.0000       1.0532696
       7224.9502       1.0689564
       7226.8999       1.0638888
       7228.8501       1.0564936
       7230.7998       1.0725268
       7232.7500       1.0711118
       7234.7002       1.0588669
       7236.6499       1.0546216
       7238.6001       1.0504903
       7240.5498       1.0336835
       7242.5000       1.0366431
       7244.4502       1.0284718
       7246.3999       1.0147339
       7248.3501       1.0074968
       7250.2998       1.0061828
       7252.2500       1.0005583
       7254.2002      0.99061871
       7256.1499      0.98349541
       7258.1001      0.97228539
       7260.0498      0.97898388
       7262.0000      0.98800719
       7263.9502      0.99285555
       7265.8999      0.98664635
       7267.8501      0.96934772
       7269.7998      0.97032219
       7271.7500      0.99013370
       7273.7002      0.98680270
       7275.6499      0.97129411
       7277.6001      0.97974461
       7279.5498      0.97937256
       7281.5000      0.97745836
       7283.4502      0.96794832
       7285.3999      0.94296336
       7287.3501      0.92030883
       7289.2998      0.90273845
       7291.2500      0.89876872
       7293.2002      0.88990289
       7295.1499      0.88621420
       7297.1001      0.90870154
       7299.0498      0.92638606
       7301.0000      0.90530300
       7302.9502      0.88047057
       7304.8999      0.88639534
       7306.8501      0.89890218
       7308.7998      0.89207906
       7310.7500      0.87457395
       7312.7002      0.87764794
       7314.6499      0.87214470
       7316.6001      0.86546153
       7318.5498      0.88562024
       7320.5000      0.85858798
       7322.4502      0.83500582
       7324.3999      0.84908652
       7326.3501      0.84459221
       7328.2998      0.84142166
       7330.2500      0.83907747
       7332.2002      0.83747768
       7334.1499      0.83080047
       7336.1001      0.82341278
       7338.0498      0.82761204
       7340.0000      0.81722838
       7341.9502      0.78664571
       7343.8999      0.79849392
       7345.8501      0.80635411
       7347.7998      0.79284763
       7349.7500      0.80942082
       7351.7002      0.81025547
       7353.6499      0.81129479
       7355.6001      0.81223315
       7357.5498      0.79501408
       7359.5000      0.78991759
       7361.4502      0.81909907
       7363.3999      0.81799638
       7365.3501      0.81329006
       7367.2998      0.80554181
       7369.2500      0.81380051
       7371.2002      0.80271828
       7373.1499      0.79529428
       7375.1001      0.78751397
       7377.0498      0.77378511
       7379.0000      0.78996664
       7380.9502      0.79236656
       7382.8999      0.77356774
       7384.8501      0.76783282
       7386.7998      0.78222060
       7388.7500      0.77332884
       7390.7002      0.77151060
       7392.6499      0.76494700
       7394.6001      0.77614111
       7396.5498      0.78459400
       7398.5000      0.80833989
       7400.4502      0.78445476
       7402.3999      0.78132349
       7404.3501      0.79483926
       7406.2998      0.77570885
       7408.2500      0.78769094
       7410.2002      0.79469985
       7412.1499      0.77661443
       7414.1001      0.76124513
       7416.0498      0.75246936
       7418.0000      0.75222981
       7419.9502      0.74716985
       7421.8999      0.73064011
       7423.8501      0.72112656
       7425.7998      0.71160662
       7427.7500      0.72213030
       7429.7002      0.71911627
       7431.6499      0.70607871
       7433.6001      0.71915048
       7435.5498      0.72113979
       7437.5000      0.71802938
       7439.4502      0.72346693
       7441.3999      0.73142970
       7443.3501      0.73554510
       7445.2998      0.73558199
       7447.2500      0.75081331
       7449.2002      0.73251641
       7451.1499      0.73411846
       7453.1001      0.74977148
       7455.0498      0.75758302
       7457.0000      0.74192065
       7458.9502      0.74387592
       7460.8999      0.74452221
       7462.8501      0.73770195
       7464.7998      0.73316914
       7466.7500      0.72737575
       7468.7002      0.72966975
       7470.6499      0.72173560
       7472.6001      0.72184289
       7474.5498      0.73681498
       7476.5000      0.72912920
       7478.4502      0.73677200
       7480.3999      0.74222690
       7482.3501      0.73788613
       7484.2998      0.73700541
       7486.2500      0.75323379
       7488.2002      0.76392066
       7490.1499      0.76117074
       7492.1001      0.77258956
       7494.0498      0.78031605
       7496.0000      0.78184354
       7497.9502      0.78522527
       7499.8999      0.78100365
       7501.8501      0.77780181
       7503.7998      0.77481622
       7505.7500      0.75553399
       7507.7002      0.73754334
       7509.6499      0.74570912
       7511.6001      0.75849897
       7513.5498      0.75570709
       7515.5000      0.75242698
       7517.4502      0.76095670
       7519.3999      0.76491553
       7521.3501      0.75798082
       7523.2998      0.76200587
       7525.2500      0.77477765
       7527.2002      0.77444249
       7529.1499      0.78154796
       7531.1001      0.78593767
       7533.0498      0.78075749
       7535.0000      0.79314995
       7536.9502      0.79395598
       7538.8999      0.79437947
       7540.8501      0.79106128
       7542.7998      0.78723037
       7544.7500      0.80406201
       7546.7002      0.80395305
       7548.6499      0.77656925
       7550.6001      0.77515870
       7552.5498      0.77882785
       7554.5000      0.77919137
       7556.4502      0.78469151
       7558.3999      0.79054981
       7560.3501      0.78357720
       7562.2998      0.80080873
       7564.2500      0.80798310
       7566.2002      0.81804585
       7568.1499      0.81643713
       7570.1001      0.82076615
       7572.0498      0.83959311
       7574.0000      0.82227170
       7575.9502      0.82612836
       7577.8999      0.85121244
       7579.8501      0.86066508
       7581.7998      0.86466539
       7583.7500      0.84647429
       7585.7002      0.84000516
       7587.6499      0.85275429
       7589.6001      0.86433154
       7591.5498      0.85522431
       7593.5000      0.84754515
       7595.4502      0.81498814
       7597.3999      0.82590508
       7599.3501      0.82965422
       7601.2998      0.81525755
       7603.2500      0.79551166
       7605.2002      0.78185606
       7607.1499      0.80582070
       7609.1001      0.80235922
       7611.0498      0.81752110
       7613.0000      0.80754495
       7614.9502      0.81891018
       7616.8999      0.85499889
       7618.8501      0.90482289
       7620.7998      0.91504031
       7622.7500      0.89047045
       7624.7002      0.86555415
       7626.6499      0.85645473
       7628.6001      0.87004048
       7630.5498      0.86415863
       7632.5000      0.85987300
       7634.4502      0.87944126
       7636.3999      0.88829321
       7638.3501      0.88587004
       7640.2998      0.88096750
       7642.2500      0.85920280
       7644.2002      0.83826697
       7646.1499      0.84838003
       7648.1001      0.85503930
       7650.0498      0.85987222
       7652.0000      0.86678725
       7653.9502      0.85508949
       7655.8999      0.85458690
       7657.8501      0.88732362
       7659.7998      0.90271747
       7661.7500      0.92079902
       7663.7002      0.93046600
       7665.6499      0.93284285
       7667.6001      0.95199162
       7669.5498      0.95990384
       7671.5000      0.97130162
       7673.4502      0.97181314
       7675.3999      0.96265727
       7677.3501      0.95285165
       7679.2998      0.94453967
       7681.2500      0.92083144
       7683.2002      0.91371095
       7685.1499      0.91999221
       7687.1001      0.91183800
       7689.0498      0.90935713
       7691.0000      0.90552402
       7692.9502      0.88438141
       7694.8999      0.87669104
       7696.8501      0.88718623
       7698.7998      0.90069318
       7700.7500      0.90523815
       7702.7002      0.90013415
       7704.6499      0.89296079
       7706.6001      0.89440137
       7708.5498      0.91620231
       7710.5000      0.93075281
       7712.4502      0.93436778
       7714.3999      0.93830657
       7716.3501      0.93331534
       7718.2998      0.91594946
       7720.2500      0.90941602
       7722.2002      0.90911049
       7724.1499      0.90105975
       7726.1001      0.90366334
       7728.0498      0.90703106
       7730.0000      0.90472037
       7731.9502      0.89908165
       7733.8999      0.88718647
       7735.8501      0.87361223
       7737.7998      0.86892945
       7739.7500      0.86670369
       7741.7002      0.86351782
       7743.6499      0.85470259
       7745.6001      0.85463959
       7747.5498      0.86347693
       7749.5000      0.86336863
       7751.4502      0.86460388
       7753.3999      0.88054025
       7755.3501      0.89445198
       7757.2998      0.88863361
       7759.2500      0.88812846
       7761.2002      0.90505493
       7763.1499      0.92560017
       7765.1001      0.93180937
       7767.0498      0.91947097
       7769.0000      0.91401571
       7770.9502      0.92772353
       7772.8999      0.92996204
       7774.8501      0.92970312
       7776.7998      0.91442037
       7778.7500      0.88792461
       7780.7002      0.87815458
       7782.6499      0.85701030
       7784.6001      0.86217070
       7786.5498      0.87305689
       7788.5000      0.84982514
       7790.4502      0.84440643
       7792.3999      0.84926611
       7794.3501      0.83591813
       7796.2998      0.84001940
       7798.2500      0.85675257
       7800.2002      0.86241537
       7802.1499      0.87314987
       7804.1001      0.86365807
       7806.0498      0.86057550
       7808.0000      0.87394387
       7809.9502      0.87129980
       7811.8999      0.87569135
       7813.8501      0.89022988
       7815.7998      0.89272827
       7817.7500      0.87631166
       7819.7002      0.85657215
       7821.6499      0.85326773
       7823.6001      0.85954386
       7825.5498      0.85749984
       7827.5000      0.84335494
       7829.4502      0.82615143
       7831.3999      0.81637770
       7833.3501      0.81706184
       7835.2998      0.80979460
       7837.2500      0.80843705
       7839.2002      0.80693173
       7841.1499      0.80442017
       7843.1001      0.81682998
       7845.0498      0.82137817
       7847.0000      0.82108927
       7848.9502      0.82894051
       7850.8999      0.83287269
       7852.8501      0.83294398
       7854.7998      0.83271116
       7856.7500      0.83139235
       7858.7002      0.83054668
       7860.6499      0.83353174
       7862.6001      0.83750534
       7864.5498      0.83516806
       7866.5000      0.84040809
       7868.4502      0.83491719
       7870.3999      0.82091165
       7872.3501      0.81532562
       7874.2998      0.80556691
       7876.2500      0.80688870
       7878.2002      0.80485475
       7880.1499      0.79263455
       7882.1001      0.78500879
       7884.0498      0.78846687
       7886.0000      0.79618597
       7887.9502      0.79271561
       7889.8999      0.78807241
       7891.8501      0.78613234
       7893.7998      0.79138726
       7895.7500      0.80393296
       7897.7002      0.81167209
       7899.6499      0.80773056
       7901.6001      0.80976641
       7903.5498      0.81223273
       7905.5000      0.80248642
       7907.4502      0.79762524
       7909.3999      0.79497111
       7911.3501      0.79396003
       7913.2998      0.78001869
       7915.2500      0.77035969
       7917.2002      0.76863176
       7919.1499      0.74223500
       7921.1001      0.72435313
       7923.0498      0.72023344
       7925.0000      0.69259620
       7926.9502      0.67197537
       7928.8999      0.66335380
       7930.8501      0.63432312
       7932.7998      0.60673392
       7934.7500      0.60783231
       7936.7002      0.60772449
       7938.6499      0.59683543
       7940.6001      0.57799447
       7942.5498      0.56525326
       7944.5000      0.55875587
       7946.4502      0.54864055
       7948.3999      0.53642017
       7950.3501      0.53112245
       7952.2998      0.52698433
       7954.2500      0.52647644
       7956.2002      0.52335012
       7958.1499      0.52839804
       7960.1001      0.51068461
       7962.0498      0.48895344
       7964.0000      0.48556584
       7965.9502      0.48227462
       7967.8999      0.46162334
       7969.8501      0.44285071
       7971.7998      0.44046646
       7973.7500      0.43234432
       7975.7002      0.44024521
       7977.6499      0.42405692
       7979.6001      0.41614521
       7981.5498      0.39977154
       7983.5000      0.38504288
       7985.4502      0.38576725
       7987.3999      0.37985674
       7989.3501      0.37086564
       7991.2998      0.37630302
       7993.2500      0.37638381
       7995.2002      0.38297924
       7997.1499      0.38084090
       7999.1001      0.36895257
       8001.0498      0.36419606
       8003.0000      0.38240153
       8004.9502      0.38671455
       8006.8999      0.36948434
       8008.8501      0.37306297
       8010.7998      0.38054952
       8012.7500      0.38497877
       8014.7002      0.37568289
       8016.6499      0.36816928
       8018.6001      0.36839241
       8020.5498      0.36264241
       8022.5000      0.36218023
       8024.4502      0.36952025
       8026.3999      0.36844760
       8028.3501      0.35334149
       8030.2998      0.34970903
       8032.2500      0.36796829
       8034.2002      0.37103111
       8036.1499      0.36399186
       8038.1001      0.36100307
       8040.0498      0.36544797
       8042.0000      0.37555483
       8043.9502      0.38200590
       8045.8999      0.38760924
       8047.8501      0.39657837
       8049.7998      0.39649361
       8051.7500      0.39760524
       8053.7002      0.40075579
       8055.6499      0.39984334
       8057.6001      0.39515978
       8059.5498      0.38731968
       8061.5000      0.39732453
       8063.4502      0.38334998
       8065.3999      0.36969790
       8067.3501      0.38933542
       8069.2998      0.39000157
       8071.2500      0.37689126
       8073.2002      0.37986681
       8075.1499      0.37017179
       8077.1001      0.37618357
       8079.0498      0.37990889
       8081.0000      0.36564541
       8082.9502      0.36237130
       8084.8999      0.36316520
       8086.8501      0.36758044
       8088.7998      0.36401537
       8090.7500      0.35490724
       8092.7002      0.35225093
       8094.6499      0.34755579
       8096.6001      0.34333462
       8098.5498      0.34907013
       8100.5000      0.34883118
       8102.4502      0.33768120
       8104.3999      0.32710680
       8106.3501      0.31772885
       8108.2998      0.32303739
       8110.2500      0.32839394
       8112.2002      0.32114381
       8114.1499      0.32395568
       8116.1001      0.32112151
       8118.0498      0.30757794
       8120.0000      0.30973935
       8121.9502      0.30281609
       8123.8999      0.29824653
       8125.8501      0.31511888
       8127.7998      0.32308078
       8129.7500      0.32507259
       8131.7002      0.31204149
       8133.6499      0.31702617
       8135.6001      0.32555026
       8137.5498      0.33770064
       8139.5000      0.33409706
       8141.4502      0.32733282
       8143.3999      0.32302931
       8145.3501      0.34043050
       8147.2998      0.33771729
       8149.2500      0.33381665
       8151.2002      0.33013454
       8153.1499      0.33608544
       8155.1001      0.33658242
       8157.0498      0.32953572
       8159.0000      0.34761176
       8160.9502      0.34722519
       8162.8999      0.33885735
       8164.8501      0.36534214
       8166.7998      0.37881860
       8168.7500      0.36403725
       8170.7002      0.36827230
       8172.6499      0.37498313
       8174.6001      0.38486451
       8176.5498      0.38225418
       8178.5000      0.38817349
       8180.4502      0.39908943
       8182.3999      0.38354239
       8184.3501      0.38349912
       8186.2998      0.40256199
       8188.2500      0.41452968
       8190.2002      0.40714759
       8192.1504      0.39129460
       8194.0996      0.39889804
       8196.0498      0.41106156
       8198.0000      0.42877895
       8199.9502      0.44037938
       8201.9004      0.44326684
       8203.8496      0.46881077
       8205.7998      0.46504667
       8207.7500      0.45904389
       8209.7002      0.47071332
       8211.6504      0.47095692
       8213.5996      0.48210570
       8215.5498      0.48844472
       8217.5000      0.49480036
       8219.4502      0.48093358
       8221.4004      0.47159174
       8223.3496      0.45925835
       8225.2998      0.47400969
       8227.2500      0.46829727
       8229.2002      0.48176602
       8231.1504      0.51028192
       8233.0996      0.50812465
       8235.0498      0.52274829
       8237.0000      0.55340397
       8238.9502      0.53995049
       8240.9004      0.53371060
       8242.8496      0.52973872
       8244.7998      0.54318810
       8246.7500      0.54620737
       8248.7002      0.54610789
       8250.6504      0.52272862
       8252.5996      0.53047156
       8254.5498      0.53522420
       8256.5000      0.53106254
       8258.4502      0.55135727
       8260.4004      0.56314111
       8262.3496      0.57735610
       8264.2998      0.57931852
       8266.2500      0.56927347
       8268.2002      0.57836360
       8270.1504      0.58222544
       8272.0996      0.56664175
       8274.0498      0.58734661
       8276.0000      0.58445036
       8277.9502      0.57036740
       8279.9004      0.60664111
       8281.8496      0.60655129
       8283.7998      0.62029332
       8285.7500      0.60167474
       8287.7002      0.60560983
       8289.6504      0.60608548
       8291.5996      0.60923558
       8293.5498      0.59791744
       8295.5000      0.60730654
       8297.4502      0.61969149
       8299.4004      0.63672018
       8301.3496      0.65220118
       8303.2998      0.64247471
       8305.2500      0.64246148
       8307.2002      0.65662712
       8309.1504      0.65813059
       8311.0996      0.66488355
       8313.0498      0.64322567
       8315.0000      0.65217113
       8316.9502      0.65086293
       8318.9004      0.66038555
       8320.8496      0.68392724
       8322.7998      0.67851788
       8324.7500      0.65953076
       8326.7002      0.66321009
       8328.6504      0.66161853
       8330.5996      0.64851272
       8332.5498      0.64307034
       8334.5000      0.65670556
       8336.4502      0.67960101
       8338.4004      0.68181735
       8340.3496      0.68709892
       8342.2998      0.67992514
       8344.2500      0.68149716
       8346.2002      0.69818944
       8348.1504      0.68451798
       8350.0996      0.68782228
       8352.0498      0.68949074
       8354.0000      0.69179934
       8355.9502      0.72357881
       8357.9004      0.70958477
       8359.8496      0.70606321
       8361.7998      0.70346117
       8363.7500      0.69795316
       8365.7002      0.72462839
       8367.6504      0.73149967
       8369.5996      0.73329026
       8371.5498      0.71886826
       8373.5000      0.71244538
       8375.4502      0.73503798
       8377.4004      0.75323564
       8379.3496      0.76119947
       8381.2998      0.76947570
       8383.2500      0.72725099
       8385.2002      0.71251583
       8387.1504      0.71205103
       8389.0996      0.71332437
       8391.0498      0.73483324
       8393.0000      0.75586987
       8394.9502      0.72678632
       8396.9004      0.73275906
       8398.8496      0.73431236
