       3471.0000      0.65618604
       3472.4700      0.62994266
       3473.9399      0.57321006
       3475.4099      0.40588379
       3476.8799     0.012301719
       3478.3501      0.27161586
       3479.8201      0.38013902
       3481.2900      0.50699276
       3482.7600      0.75419545
       3484.2300      0.70397615
       3485.7000      0.65375692
       3487.1699      0.60353768
       3488.6399      0.55331838
       3490.1101      0.50309908
       3491.5801      0.45287985
       3493.0500      0.45287985
       3494.5200      0.35092664
       3495.9900      0.24321073
       3497.4600      0.35801831
       3498.9299      0.61855686
       3500.3999      0.22128867
       3501.8701   -0.0085159121
       3503.3401      0.12519945
       3504.8101      0.31464157
       3506.2800      0.22639075
       3507.7500      0.55839700
       3509.2200      0.48216230
       3510.6899      0.17591953
       3512.1599      0.31054136
       3513.6299     0.067465812
       3515.1001      0.22065699
       3516.5701      0.52574623
       3518.0400      0.26184332
       3519.5100     0.055333428
       3520.9800     0.014164491
       3522.4500      0.10645368
       3523.9199      0.31925431
       3525.3899      0.53443974
       3526.8601      0.24859634
       3528.3301      0.15218981
       3529.8000      0.44535640
       3531.2700      0.42116588
       3532.7400      0.46666238
       3534.2100      0.36485410
       3535.6799      0.59133416
       3537.1499      0.21620534
       3538.6201     -0.16031168
       3540.0901      0.28261164
       3541.5601      0.25834873
       3543.0300     0.099389195
       3544.5000      0.44525212
       3545.9700      0.38083068
       3547.4399      0.30360925
       3548.9099      0.44336283
       3550.3799      0.29827213
       3551.8501      0.58280993
       3553.3201      0.17478973
       3554.7900      0.33936855
       3556.2600      0.35798308
       3557.7300      0.26460546
       3559.2000      0.10397292
       3560.6699      0.15813349
       3562.1399      0.70719904
       3563.6101      0.94872361
       3565.0801      0.41780454
       3566.5500    -0.034286376
       3568.0200      0.34801149
       3569.4900      0.34262869
       3570.9600      0.31645381
       3572.4299      0.18609354
       3573.8999      0.37934595
       3575.3701      0.44518015
       3576.8401      0.25249436
       3578.3101      0.30542204
       3579.7800      0.28869364
       3581.2500      0.20806955
       3582.7200      0.25303128
       3584.1899      0.44579017
       3585.6599      0.75696403
       3587.1299      0.35009685
       3588.6001      0.25083965
       3590.0701      0.47625089
       3591.5400      0.71396679
       3593.0100      0.84125513
       3594.4800      0.76065207
       3595.9500      0.58786470
       3597.4199      0.64898437
       3598.8899      0.39599773
       3600.3601      0.25159848
       3601.8301      0.12925613
       3603.3000      0.22151324
       3604.7700      0.27391580
       3606.2400      0.38764089
       3607.7100      0.35839993
       3609.1799      0.43727881
       3610.6499      0.60233504
       3612.1201      0.63509232
       3613.5901      0.24176598
       3615.0601      0.14645115
       3616.5300      0.36634123
       3618.0000      0.15139920
       3619.4700      0.11321379
       3620.9399    -0.018699126
       3622.4099      0.10191564
       3623.8799      0.40375236
       3625.3501      0.16819037
       3626.8201      0.50700659
       3628.2900      0.46109700
       3629.7600      0.40170556
       3631.2300     0.034796458
       3632.7000     0.089457333
       3634.1699      0.25368980
       3635.6399      0.38492924
       3637.1101      0.49577963
       3638.5801      0.39116508
       3640.0500      0.16224787
       3641.5200      0.22236286
       3642.9900      0.24852936
       3644.4600      0.44012931
       3645.9299      0.41214788
       3647.3999      0.50509280
       3648.8701      0.28811121
       3650.3401      0.29838604
       3651.8101      0.24129170
       3653.2800    -0.035759117
       3654.7500     -0.10972489
       3656.2200      0.47733557
       3657.6899      0.45105168
       3659.1599   -0.0080914106
       3660.6299     -0.14414138
       3662.1001      0.13550927
       3663.5701      0.32243961
       3665.0400      0.15352620
       3666.5100     0.067403935
       3667.9800      0.23702708
       3669.4500     0.085995384
       3670.9199     0.016709525
       3672.3899      0.23975004
       3673.8601      0.36321321
       3675.3301      0.33849451
       3676.8000      0.29585862
       3678.2700      0.11491292
       3679.7400   -0.0090866638
       3681.2100    -0.093912140
       3682.6799      0.17892428
       3684.1499      0.32479948
       3685.6201      0.11879944
       3687.0901     0.078036599
       3688.5601      0.29856303
       3690.0300      0.14662942
       3691.5000    -0.029525369
       3692.9700    -0.020764027
       3694.4399      0.32794806
       3695.9099      0.27665526
       3697.3799      0.25359586
       3698.8501      0.35906523
       3700.3201      0.20669281
       3701.7900      0.10617825
       3703.2600    0.0082335221
       3704.7300    0.0025531207
       3706.2000      0.28431323
       3707.6699      0.33327648
       3709.1399      0.33429998
       3710.6101      0.32706216
       3712.0801      0.26713863
       3713.5500    -0.051633436
       3715.0200      0.28330830
       3716.4900      0.38012102
       3717.9600      0.25448257
       3719.4299     0.051158346
       3720.8999      0.20917264
       3722.3701      0.32891247
       3723.8401      0.43090683
       3725.3101      0.25671563
       3726.7800      0.12808903
       3728.2500      0.26660615
       3729.7200      0.19949947
       3731.1899      0.18241468
       3732.6599      0.16523792
       3734.1299      0.16784459
       3735.6001      0.17045170
       3737.0701      0.17163606
       3738.5400      0.17282040
       3740.0100      0.17400476
       3741.4800      0.17518912
       3742.9500      0.17637368
       3744.4199      0.17755802
       3745.8899      0.17874238
       3747.3601      0.17992693
       3748.8301      0.18111129
       3750.3000      0.18229565
       3751.7700      0.18347999
       3753.2400      0.18466455
       3754.7100      0.18584891
       3756.1799      0.18703327
       3757.6499      0.18821761
       3759.1201      0.18940216
       3760.5901      0.19058652
       3762.0601      0.19177088
       3763.5300      0.19295543
       3765.0000      0.19413978
       3766.4700      0.19532414
       3767.9399      0.19650850
       3769.4099      0.19769284
       3770.8799      0.19887720
       3772.3501      0.20006195
       3773.8201      0.20124631
       3775.2900      0.21425638
       3776.7600      0.41683412
       3778.2300      0.46669167
       3779.7000      0.39060134
       3781.1699      0.36892021
       3782.6399      0.32448238
       3784.1101      0.33493051
       3785.5801      0.36296973
       3787.0500      0.46354976
       3788.5200      0.34059829
       3789.9900      0.23554118
       3791.4600      0.24930677
       3792.9299      0.23501675
       3794.3999      0.40866905
       3795.8701      0.32809788
       3797.3401      0.21945268
       3798.8101      0.28102067
       3800.2800      0.49790394
       3801.7500      0.41090965
       3803.2200      0.35764259
       3804.6899      0.37617373
       3806.1599      0.35975456
       3807.6299      0.36592764
       3809.1001      0.44728076
       3810.5701      0.23345861
       3812.0400      0.34046042
       3813.5100      0.27550623
       3814.9800      0.29183927
       3816.4500      0.19606782
       3817.9199      0.32782695
       3819.3899      0.38802612
       3820.8601      0.18798691
       3822.3301      0.23495314
       3823.8000      0.34262055
       3825.2700      0.35587427
       3826.7400      0.46115324
       3828.2100      0.46096429
       3829.6799      0.48343131
       3831.1499      0.44453803
       3832.6201      0.53036690
       3834.0901      0.59508222
       3835.5601      0.49686351
       3837.0300      0.30660686
       3838.5000      0.26949272
       3839.9700      0.35337225
       3841.4399      0.44247299
       3842.9099      0.48623204
       3844.3799      0.54176831
       3845.8501      0.60253108
       3847.3201      0.45268956
       3848.7900      0.23620006
       3850.2600      0.44692290
       3851.7300      0.50651938
       3853.2000      0.43346205
       3854.6699      0.52849752
       3856.1399      0.56765378
       3857.6101      0.51157993
       3859.0801      0.43739995
       3860.5500      0.45812017
       3862.0200      0.39853367
       3863.4900      0.43806374
       3864.9600      0.56646681
       3866.4299      0.51925379
       3867.8999      0.45454979
       3869.3701      0.35412809
       3870.8401      0.38604718
       3872.3101      0.37433115
       3873.7800      0.30425188
       3875.2500      0.47867697
       3876.7200      0.45713335
       3878.1899      0.33254626
       3879.6599      0.38153815
       3881.1299      0.40844387
       3882.6001      0.37324190
       3884.0701      0.35304445
       3885.5400      0.34745437
       3887.0100      0.35965356
       3888.4800      0.41097456
       3889.9500      0.43427673
       3891.4199      0.46985397
       3892.8899      0.20406267
       3894.3601      0.34535846
       3895.8301      0.44606736
       3897.3000      0.46048588
       3898.7700      0.34840825
       3900.2400      0.19652444
       3901.7100      0.26391777
       3903.1799      0.27954274
       3904.6499      0.45092869
       3906.1201      0.36787862
       3907.5901      0.21422547
       3909.0601      0.39128736
       3910.5300      0.33973464
       3912.0000      0.38176003
       3913.4700      0.35803583
       3914.9399      0.37228322
       3916.4099      0.25930175
       3917.8799      0.31337351
       3919.3501      0.46681058
       3920.8201      0.36487460
       3922.2900      0.34577230
       3923.7600      0.30182007
       3925.2300      0.35110652
       3926.7000      0.46136281
       3928.1699      0.47792727
       3929.6399      0.29768720
       3931.1101      0.30286896
       3932.5801      0.39551002
       3934.0500      0.44118693
       3935.5200      0.40307894
       3936.9900      0.52350408
       3938.4600      0.47276852
       3939.9299      0.36883703
       3941.3999      0.35537374
       3942.8701      0.38328412
       3944.3401      0.36153030
       3945.8101      0.31282839
       3947.2800      0.27998641
       3948.7500      0.32214531
       3950.2200      0.37165114
       3951.6899      0.29189572
       3953.1599      0.32965177
       3954.6299      0.35324961
       3956.1001      0.34573144
       3957.5701      0.26243797
       3959.0400      0.26386884
       3960.5100      0.37210998
       3961.9800      0.38154417
       3963.4500      0.30920404
       3964.9199      0.44231406
       3966.3899      0.43259406
       3967.8601      0.32664123
       3969.3301      0.37307081
       3970.8000      0.30791432
       3972.2700      0.28712198
       3973.7400      0.31647539
       3975.2100      0.43036139
       3976.6799      0.47919416
       3978.1499      0.37839249
       3979.6201      0.22232698
       3981.0901      0.33111992
       3982.5601      0.40760192
       3984.0300      0.36872721
       3985.5000      0.40954855
       3986.9700      0.36471605
       3988.4399      0.34474015
       3989.9099      0.36986461
       3991.3799      0.32475537
       3992.8501      0.29736185
       3994.3201      0.36590841
       3995.7900      0.34333879
       3997.2600      0.32667124
       3998.7300      0.47067705
       4000.2000      0.37993771
       4001.6699      0.36396474
       4003.1399      0.40962964
       4004.6101      0.34676823
       4006.0801      0.31604972
       4007.5500      0.31453577
       4009.0200      0.21615256
       4010.4900      0.20128661
       4011.9600      0.39980865
       4013.4299      0.33054835
       4014.8999      0.42164782
       4016.3701      0.32065308
       4017.8401      0.28543821
       4019.3101      0.29432380
       4020.7800      0.31722155
       4022.2500      0.37932205
       4023.7200      0.33199888
       4025.1899      0.27277020
       4026.6599      0.30120271
       4028.1299      0.29396847
       4029.6001      0.36004055
       4031.0701      0.38381985
       4032.5400      0.33502495
       4034.0100      0.39048639
       4035.4800      0.34135255
       4036.9500      0.28966066
       4038.4199      0.44598603
       4039.8899      0.30773449
       4041.3601      0.30917680
       4042.8301      0.39614490
       4044.3000      0.28287712
       4045.7700      0.28591830
       4047.2400      0.36924946
       4048.7100      0.34604535
       4050.1799      0.28083915
       4051.6499      0.46385705
       4053.1201      0.34799132
       4054.5901      0.45200256
       4056.0601      0.33518702
       4057.5300      0.30143663
       4059.0000      0.38770324
       4060.4700      0.43748188
       4061.9399      0.42298332
       4063.4099      0.42789301
       4064.8799      0.49143147
       4066.3501      0.45689264
       4067.8201      0.38561562
       4069.2900      0.40387413
       4070.7600      0.33469492
       4072.2300      0.29604098
       4073.7000      0.31096652
       4075.1699      0.44033521
       4076.6399      0.40186325
       4078.1101      0.37778929
       4079.5801      0.40720806
       4081.0500      0.45660177
       4082.5200      0.46835554
       4083.9900      0.46695131
       4085.4600      0.33366600
       4086.9299      0.35514545
       4088.3999      0.42143169
       4089.8701      0.30802116
       4091.3401      0.25581899
       4092.8101      0.28275141
       4094.2800      0.22513571
       4095.7500      0.16430844
       4097.2202      0.27860060
       4098.6899      0.30764359
       4100.1602      0.28532073
       4101.6299      0.29107821
       4103.1001      0.35800570
       4104.5698      0.33584386
       4106.0400      0.36467713
       4107.5098      0.37651518
       4108.9800      0.33124101
       4110.4502      0.30404615
       4111.9199      0.33655331
       4113.3901      0.36912417
       4114.8599      0.35623109
       4116.3301      0.33093789
       4117.7998      0.30140951
       4119.2700      0.26817867
       4120.7402      0.25813535
       4122.2100      0.28612614
       4123.6802      0.35554779
       4125.1499      0.31628639
       4126.6201      0.31277704
       4128.0898      0.25186884
       4129.5601      0.32938406
       4131.0298      0.26746455
       4132.5000      0.32926869
       4133.9702      0.37455282
       4135.4399      0.32209921
       4136.9102      0.32465205
       4138.3799      0.29479834
       4139.8501      0.20272127
       4141.3198      0.32029235
       4142.7900      0.30711320
       4144.2598      0.29439700
       4145.7300      0.26915184
       4147.2002      0.23161352
       4148.6699      0.23956472
       4150.1401      0.31181401
       4151.6099      0.31426597
       4153.0801      0.29315966
       4154.5498      0.31995186
       4156.0200      0.28996208
       4157.4902      0.12786697
       4158.9600      0.37655234
       4160.4302      0.34209383
       4161.8999      0.36268809
       4163.3701      0.35252857
       4164.8398      0.31199920
       4166.3101      0.41200173
       4167.7798      0.23492798
       4169.2500      0.32492110
       4170.7202      0.33527178
       4172.1899      0.22110103
       4173.6602      0.22778879
       4175.1299      0.22874372
       4176.6001      0.21601175
       4178.0698      0.33373922
       4179.5400      0.28695136
       4181.0098      0.24769750
       4182.4800      0.19847998
       4183.9502      0.21766081
       4185.4199      0.25208187
       4186.8901      0.24242271
       4188.3599      0.27296454
       4189.8301      0.26150352
       4191.2998      0.21493368
       4192.7700      0.28618085
       4194.2402      0.27423137
       4195.7100      0.25267941
       4197.1802      0.16078442
       4198.6499     0.022896931
       4200.1201      0.29313061
       4201.5898      0.22396576
       4203.0601      0.18945105
       4204.5298      0.25472066
       4206.0000      0.30326104
       4207.4702      0.19152287
       4208.9399      0.14895537
       4210.4102      0.27609119
       4211.8799      0.39863560
       4213.3501      0.27117383
       4214.8198      0.12967619
       4216.2900      0.14561844
       4217.7598      0.14626685
       4219.2300      0.24288198
       4220.7002      0.28685150
       4222.1699      0.23849329
       4223.6401      0.21423177
       4225.1099      0.26922423
       4226.5801      0.30767977
       4228.0498      0.37529984
       4229.5200      0.26347333
       4230.9902      0.17842099
       4232.4600      0.20076014
       4233.9302      0.27010706
       4235.3999      0.32510665
       4236.8701      0.30704206
       4238.3398      0.23924500
       4239.8101      0.21300061
       4241.2798      0.25559279
       4242.7500      0.30366993
       4244.2202      0.27335259
       4245.6899      0.17234431
       4247.1602      0.18461971
       4248.6299      0.22289567
       4250.1001      0.28526071
       4251.5698      0.28770262
       4253.0400      0.13625835
       4254.5098     0.079201691
       4255.9800      0.20943548
       4257.4502      0.25065887
       4258.9199      0.15353271
       4260.3901      0.20545885
       4261.8599      0.26245800
       4263.3301      0.22143003
       4264.7998      0.21071887
       4266.2700      0.26074669
       4267.7402      0.24594240
       4269.2100      0.16936210
       4270.6802      0.19169517
       4272.1499      0.32881740
       4273.6201      0.31630477
       4275.0898      0.25817022
       4276.5601      0.22145385
       4278.0298      0.23960640
       4279.5000      0.23353966
       4280.9702      0.22859329
       4282.4399      0.25530997
       4283.9102      0.22154643
       4285.3799      0.19226652
       4286.8501      0.22238775
       4288.3198      0.26803789
       4289.7900      0.28685257
       4291.2598      0.19824436
       4292.7300      0.27488545
       4294.2002      0.34299615
       4295.6699      0.32905510
       4297.1401      0.29565561
       4298.6099      0.23731513
       4300.0801      0.20121692
       4301.5498      0.22017987
       4303.0200      0.29025269
       4304.4902      0.26339126
       4305.9600      0.30171403
       4307.4302      0.28191236
       4308.8999      0.24547574
       4310.3701      0.27516395
       4311.8398      0.27247781
       4313.3101      0.27159864
       4314.7798      0.31950191
       4316.2500      0.30509076
       4317.7202      0.36381891
       4319.1899      0.31016329
       4320.6602      0.28067669
       4322.1299      0.23001564
       4323.6001      0.20263804
       4325.0698      0.27363747
       4326.5400      0.30936834
       4328.0098      0.26520708
       4329.4800      0.32222974
       4330.9502      0.31984866
       4332.4199      0.36112684
       4333.8901      0.30339667
       4335.3599      0.23578738
       4336.8301      0.28471306
       4338.2998      0.31463712
       4339.7700      0.36057502
       4341.2402      0.34916285
       4342.7100      0.31600282
       4344.1802      0.31868806
       4345.6499      0.27060926
       4347.1201      0.26127353
       4348.5898      0.35305896
       4350.0601      0.29976156
       4351.5298      0.26631290
       4353.0000      0.14419803
       4354.4702      0.27225325
       4355.9399      0.38938659
       4357.4102      0.40604341
       4358.8799      0.28275481
       4360.3501      0.36768734
       4361.8198      0.37219927
       4363.2900      0.29524499
       4364.7598      0.28762159
       4366.2300      0.36445907
       4367.7002      0.40687868
       4369.1699      0.43078861
       4370.6401      0.42646521
       4372.1099      0.29884344
       4373.5801      0.34576127
       4375.0498      0.33968139
       4376.5200      0.34200999
       4377.9902      0.34433860
       4379.4600      0.34666643
       4380.9302      0.34899503
       4382.3999      0.35132286
       4383.8701      0.35365146
       4385.3398      0.35597929
       4386.8101      0.35830790
       4388.2798      0.36063573
       4389.7500      0.36296433
       4391.2202      0.36529294
       4392.6899      0.36762077
       4394.1602      0.36994937
       4395.6299      0.37227800
       4397.1001      0.37460661
       4398.5698      0.37693444
       4400.0400      0.37926304
       4401.5098      0.38159087
       4402.9800      0.38391948
       4404.4502      0.38624808
       4405.9199      0.38857591
       4407.3901      0.39090452
       4408.8599      0.39323235
       4410.3301      0.39556095
       4411.7998      0.39788878
       4413.2700      0.40021738
       4414.7402      0.38114721
       4416.2100      0.35728195
       4417.6802      0.44762707
       4419.1499      0.36824900
       4420.6201      0.40053430
       4422.0898      0.41922405
       4423.5601      0.37134060
       4425.0298      0.42443204
       4426.5000      0.43896806
       4427.9702      0.45294788
       4429.4399      0.48633486
       4430.9102      0.45224872
       4432.3799      0.47198346
       4433.8501      0.44585052
       4435.3198      0.37914261
       4436.7900      0.33814633
       4438.2598      0.35175711
       4439.7300      0.37613297
       4441.2002      0.43233749
       4442.6699      0.46931902
       4444.1401      0.39679578
       4445.6099      0.44539383
       4447.0801      0.39141569
       4448.5498      0.33706906
       4450.0200      0.32436085
       4451.4902      0.37394601
       4452.9600      0.38270459
       4454.4302      0.37478837
       4455.8999      0.30075675
       4457.3701      0.25285730
       4458.8398      0.39454511
       4460.3101      0.44966593
       4461.7798      0.46554461
       4463.2500      0.43624347
       4464.7202      0.33859366
       4466.1899      0.36240569
       4467.6602      0.42044124
       4469.1299      0.49515131
       4470.6001      0.46300650
       4472.0698      0.42372188
       4473.5400      0.46145868
       4475.0098      0.47032610
       4476.4800      0.43488234
       4477.9502      0.39561388
       4479.4199      0.44569474
       4480.8901      0.40426981
       4482.3599      0.36697644
       4483.8301      0.39857608
       4485.2998      0.42405576
       4486.7700      0.32363108
       4488.2402      0.29973602
       4489.7100      0.42830706
       4491.1802      0.38952616
       4492.6499      0.36570948
       4494.1201      0.44062173
       4495.5898      0.40098363
       4497.0601      0.37539709
       4498.5298      0.39740154
       4500.0000      0.34830222
       4501.4702      0.36048356
       4502.9399      0.35237530
       4504.4102      0.37954137
       4505.8799      0.39780450
       4507.3501      0.31938711
       4508.8198      0.32586619
       4510.2900      0.36707458
       4511.7598      0.35847443
       4513.2300      0.35079873
       4514.7002      0.36530244
       4516.1699      0.39829105
       4517.6401      0.37637845
       4519.1099      0.38130784
       4520.5801      0.41464585
       4522.0498      0.33135101
       4523.5200      0.28386897
       4524.9902      0.30988854
       4526.4600      0.27485493
       4527.9302      0.33562028
       4529.3999      0.36033130
       4530.8701      0.28101465
       4532.3398      0.22504711
       4533.8101      0.25956213
       4535.2798      0.28072873
       4536.7500      0.25772533
       4538.2202      0.25835481
       4539.6899      0.32910854
       4541.1602      0.28200075
       4542.6299      0.28069985
       4544.1001      0.33278608
       4545.5698      0.31987318
       4547.0400      0.28028184
       4548.5098      0.25644979
       4549.9800      0.32594454
       4551.4502      0.36085236
       4552.9199      0.34743038
       4554.3901      0.28619367
       4555.8599      0.26997250
       4557.3301      0.33805072
       4558.7998      0.35979119
       4560.2700      0.27953088
       4561.7402      0.25367785
       4563.2100      0.31975010
       4564.6802      0.34899473
       4566.1499      0.32901567
       4567.6201      0.36865050
       4569.0898      0.27278107
       4570.5601      0.27572510
       4572.0298      0.34613520
       4573.5000      0.29192427
       4574.9702      0.28685892
       4576.4399      0.32117304
       4577.9102      0.32232502
       4579.3799      0.32032621
       4580.8501      0.31352657
       4582.3198      0.28664154
       4583.7900      0.35425797
       4585.2598      0.39382294
       4586.7300      0.30298191
       4588.2002      0.34959492
       4589.6699      0.36475030
       4591.1401      0.32743543
       4592.6099      0.35052359
       4594.0801      0.28544933
       4595.5498      0.20631841
       4597.0200      0.21600012
       4598.4902      0.33409926
       4599.9600      0.31714797
       4601.4302      0.35624689
       4602.8999      0.35486156
       4604.3701      0.27200699
       4605.8398      0.31379020
       4607.3101      0.28030482
       4608.7798      0.27895886
       4610.2500      0.29375502
       4611.7202      0.28945395
       4613.1899      0.28360489
       4614.6602      0.26811296
       4616.1299      0.24635009
       4617.6001      0.29671019
       4619.0698      0.26941520
       4620.5400      0.24486820
       4622.0098      0.23785898
       4623.4800      0.23593070
       4624.9502      0.26669300
       4626.4199      0.26139757
       4627.8901      0.25032711
       4629.3599      0.25353035
       4630.8301      0.34597924
       4632.2998      0.33569002
       4633.7700      0.25045952
       4635.2402      0.24021670
       4636.7100      0.32889512
       4638.1802      0.42392001
       4639.6499      0.29830459
       4641.1201      0.31098136
       4642.5898      0.41114107
       4644.0601      0.35653734
       4645.5298      0.33541644
       4647.0000      0.26401421
       4648.4702      0.31924626
       4649.9399      0.39893645
       4651.4102      0.32845572
       4652.8799      0.27747867
       4654.3501      0.27462628
       4655.8198      0.31561399
       4657.2900      0.37499541
       4658.7598      0.38670456
       4660.2300      0.36163256
       4661.7002      0.37559107
       4663.1699      0.32773799
       4664.6401      0.34998935
       4666.1099      0.31226778
       4667.5801      0.32192221
       4669.0498      0.28421575
       4670.5200      0.30084804
       4671.9902      0.26571465
       4673.4600      0.31402832
       4674.9302      0.29964542
       4676.3999      0.28186673
       4677.8701      0.30133089
       4679.3398      0.33001769
       4680.8101      0.22811824
       4682.2798      0.23727505
       4683.7500      0.27283198
       4685.2202      0.26669160
       4686.6899      0.22181654
       4688.1602      0.27399668
       4689.6299      0.26331270
       4691.1001      0.29191205
       4692.5698      0.23198842
       4694.0400      0.26111218
       4695.5098      0.28768569
       4696.9800      0.27522761
       4698.4502      0.20251715
       4699.9199      0.19779918
       4701.3901      0.19700809
       4702.8599      0.23909129
       4704.3301      0.19887313
       4705.7998      0.18648894
       4707.2700      0.23377259
       4708.7402      0.31028765
       4710.2100      0.21505222
       4711.6802      0.24104041
       4713.1499      0.29742807
       4714.6201      0.31225434
       4716.0898      0.20176952
       4717.5601      0.21084778
       4719.0298      0.21260072
       4720.5000      0.35662609
       4721.9702      0.32472703
       4723.4399      0.24491842
       4724.9102      0.28060040
       4726.3799      0.28967115
       4727.8501      0.28192997
       4729.3198      0.26681527
       4730.7900      0.24433643
       4732.2598      0.22289465
       4733.7300      0.25719219
       4735.2002      0.25951079
       4736.6699      0.33974805
       4738.1401      0.23209327
       4739.6099      0.29679590
       4741.0801      0.29944786
       4742.5498      0.28492248
       4744.0200      0.30484319
       4745.4902      0.19658574
       4746.9600      0.25526407
       4748.4302      0.27348858
       4749.8999      0.24693546
       4751.3701      0.28354844
       4752.8398      0.29806462
       4754.3101      0.26214677
       4755.7798      0.21776095
       4757.2500      0.33357286
       4758.7202      0.26285028
       4760.1899      0.32166952
       4761.6602      0.34263065
       4763.1299      0.26190308
       4764.6001      0.35352233
       4766.0698      0.26001135
       4767.5400      0.31617126
       4769.0098      0.31632420
       4770.4800      0.23878786
       4771.9502      0.23610514
       4773.4199      0.24002206
       4774.8901      0.32605875
       4776.3599      0.34862742
       4777.8301      0.28138295
       4779.2998      0.26837322
       4780.7700      0.32078093
       4782.2402      0.22723497
       4783.7100      0.19382830
       4785.1802      0.18824698
       4786.6499      0.33719838
       4788.1201      0.26866731
       4789.5898      0.19941674
       4791.0601      0.29767314
       4792.5298      0.27237666
       4794.0000      0.30560401
       4795.4702      0.27960873
       4796.9399      0.27349332
       4798.4102      0.28100649
       4799.8799      0.25863102
       4801.3501      0.30748439
       4802.8198      0.26416871
       4804.2900      0.25404221
       4805.7598      0.27457085
       4807.2300      0.29495931
       4808.7002      0.22333717
       4810.1699      0.22458807
       4811.6401      0.26591364
       4813.1099      0.29185107
       4814.5801      0.31093514
       4816.0498      0.29629141
       4817.5200      0.24728972
       4818.9902      0.27366036
       4820.4600      0.30810648
       4821.9302      0.27774146
       4823.3999      0.30782440
       4824.8701      0.25617152
       4826.3398      0.25082475
       4827.8101      0.25244349
       4829.2798      0.22446130
       4830.7500      0.22268862
       4832.2202      0.30799341
       4833.6899      0.25124177
       4835.1602      0.29344064
       4836.6299      0.33654776
       4838.1001      0.34010452
       4839.5698      0.27149746
       4841.0400      0.26232648
       4842.5098      0.20343544
       4843.9800      0.20036851
       4845.4502      0.24428223
       4846.9199      0.22060351
       4848.3901      0.15981479
       4849.8599      0.13773054
       4851.3301      0.22220767
       4852.7998      0.22892088
       4854.2700      0.25458318
       4855.7402      0.24691564
       4857.2100      0.27154684
       4858.6802      0.26069838
       4860.1499      0.19659370
       4861.6201      0.22190732
       4863.0898      0.26633638
       4864.5601      0.24368483
       4866.0298      0.20709771
       4867.5000      0.24660684
       4868.9702      0.23562919
       4870.4399      0.19888446
       4871.9102      0.29730418
       4873.3799      0.33638507
       4874.8501      0.26905438
       4876.3198      0.21406619
       4877.7900      0.21765232
       4879.2598      0.22123724
       4880.7300      0.22482456
       4882.2002      0.22841068
       4883.6699      0.23199561
       4885.1401      0.23558173
       4886.6099      0.23916665
       4888.0801      0.24275278
       4889.5498      0.24633770
       4891.0200      0.24992383
       4892.4902      0.25350994
       4893.9600      0.25709486
       4895.4302      0.26068097
       4896.8999      0.26426589
       4898.3701      0.26785204
       4899.8398      0.27143696
       4901.3101      0.27502427
       4902.7798      0.27860919
       4904.2500      0.28219533
       4905.7202      0.28578144
       4907.1899      0.28936636
       4908.6602      0.29295248
       4910.1299      0.29653740
       4911.6001      0.30012354
       4913.0698      0.30370846
       4914.5400      0.30729458
       4916.0098      0.30710983
       4917.4800      0.31198588
       4918.9502      0.26037180
       4920.4199      0.32529578
       4921.8901      0.32539415
       4923.3599      0.22409940
       4924.8301      0.29891741
       4926.2998      0.19211040
       4927.7700      0.26891938
       4929.2402      0.20102222
       4930.7100      0.26654458
       4932.1802      0.24629138
       4933.6499      0.24338603
       4935.1201      0.32578549
       4936.5898      0.39936587
       4938.0601      0.36149767
       4939.5298      0.33186179
       4941.0000      0.29339287
       4942.4702      0.25666395
       4943.9399      0.30241919
       4945.4102      0.34560087
       4946.8799      0.28878808
       4948.3501      0.31626692
       4949.8198      0.28959242
       4951.2900      0.32520849
       4952.7598      0.28694594
       4954.2300      0.27583385
       4955.7002      0.27024150
       4957.1699      0.34606308
       4958.6401      0.32062471
       4960.1099      0.28632215
       4961.5801      0.30732849
       4963.0498      0.30687362
       4964.5200      0.29935226
       4965.9902      0.27264878
       4967.4600      0.26955250
       4968.9302      0.30333221
       4970.3999      0.31988865
       4971.8701      0.25475395
       4973.3398      0.30049086
       4974.8101      0.24890707
       4976.2798      0.25147611
       4977.7500      0.25404599
       4979.2202      0.25661588
       4980.6899      0.25918490
       4982.1602      0.26175565
       4983.6299      0.26432469
       4985.1001      0.26689458
       4986.5698      0.26946360
       4988.0400      0.27203348
       4989.5098      0.27460253
       4990.9800      0.27717242
       4992.4502      0.27974230
       4993.9199      0.28231132
       4995.3901      0.28488120
       4996.8599      0.28745025
       4998.3301      0.29002014
       4999.7998      0.29258916
       5001.2700      0.29515904
       5002.7402      0.29772979
       5004.2100      0.30029884
       5005.6802      0.30286872
       5007.1499      0.30543774
       5008.6201      0.30800763
       5010.0898      0.31057668
       5011.5601      0.31314656
       5013.0298      0.31571558
       5014.5000      0.44352296
       5015.9702      0.30741504
       5017.4399      0.27227074
       5018.9102      0.32585272
       5020.3799      0.36688289
       5021.8501      0.33461374
       5023.3198      0.35839778
       5024.7900      0.35835147
       5026.2598      0.35830516
       5027.7300      0.35825884
       5029.2002      0.35821253
       5030.6699      0.35816622
       5032.1401      0.35811990
       5033.6099      0.35807362
       5035.0801      0.35802731
       5036.5498      0.35798100
       5038.0200      0.35793468
       5039.4902      0.35788837
       5040.9600      0.35784206
       5042.4302      0.35779572
       5043.8999      0.35774943
       5045.3701      0.35770312
       5046.8398      0.35765681
       5048.3101      0.35761049
       5049.7798      0.35756418
       5051.2500      0.35751787
       5052.7202      0.35747156
       5054.1899      0.35742524
       5055.6602      0.35737893
       5057.1299      0.35733265
       5058.6001      0.35728633
       5060.0698      0.35724002
       5061.5400      0.30593053
       5063.0098      0.33560544
       5064.4800      0.37480319
       5065.9502      0.33113584
       5067.4199      0.32180747
       5068.8901      0.23994780
       5070.3599      0.37897336
       5071.8301      0.33429584
       5073.2998      0.27542052
       5074.7700      0.29528323
       5076.2402      0.34289294
       5077.7100      0.37676576
       5079.1802      0.36329058
       5080.6499      0.35437542
       5082.1201      0.39079511
       5083.5898      0.35219631
       5085.0601      0.33551365
       5086.5298      0.30997479
       5088.0000      0.34440523
       5089.4702      0.35514480
       5090.9399      0.34164301
       5092.4102      0.32907450
       5093.8799      0.31559056
       5095.3501      0.31962883
       5096.8198      0.34655368
       5098.2900      0.34286001
       5099.7598      0.29915988
       5101.2300      0.31352520
       5102.7002      0.33058172
       5104.1699      0.34482625
       5105.6401      0.33743918
       5107.1099      0.32617503
       5108.5801      0.30985701
       5110.0498      0.32930946
       5111.5200      0.32614207
       5112.9902      0.38164172
       5114.4600      0.33389691
       5115.9302      0.36099043
       5117.3999      0.34932607
       5118.8701      0.33999673
       5120.3398      0.31579721
       5121.8101      0.35588968
       5123.2798      0.36958173
       5124.7500      0.30657667
       5126.2202      0.34633568
       5127.6899      0.36538541
       5129.1602      0.28494292
       5130.6299      0.28883502
       5132.1001      0.36648637
       5133.5698      0.38499603
       5135.0400      0.36759973
       5136.5098      0.36279452
       5137.9800      0.32948977
       5139.4502      0.36950633
       5140.9199      0.38379273
       5142.3901      0.33977386
       5143.8599      0.29649314
       5145.3301      0.37844884
       5146.7998      0.27312508
       5148.2700      0.31429088
       5149.7402      0.26754770
       5151.2100      0.35095036
       5152.6802      0.35244581
       5154.1499      0.42471394
       5155.6201      0.33249405
       5157.0898      0.34901401
       5158.5601      0.33727318
       5160.0298      0.31203800
       5161.5000      0.27850583
       5162.9702      0.31045967
       5164.4399      0.27947658
       5165.9102      0.35907465
       5167.3799      0.31619814
       5168.8501      0.27527663
       5170.3198      0.26404947
       5171.7900      0.29967478
       5173.2598      0.28967103
       5174.7300      0.35881600
       5176.2002      0.26871961
       5177.6699      0.32235393
       5179.1401      0.41038907
       5180.6099      0.35419998
       5182.0801      0.34520423
       5183.5498      0.31436822
       5185.0200      0.26606378
       5186.4902      0.33840501
       5187.9600      0.34567389
       5189.4302      0.31338716
       5190.8999      0.26744589
       5192.3701      0.34723285
       5193.8398      0.35527313
       5195.3101      0.31756768
       5196.7798      0.37912208
       5198.2500      0.34414917
       5199.7202      0.34435728
       5201.1899      0.31306195
       5202.6602      0.35185593
       5204.1299      0.34673291
       5205.6001      0.33274484
       5207.0698      0.34671345
       5208.5400      0.35265401
       5210.0098      0.33477825
       5211.4800      0.34698603
       5212.9502      0.37524793
       5214.4199      0.37363043
       5215.8901      0.36798999
       5217.3599      0.30972603
       5218.8301      0.35394329
       5220.2998      0.36974365
       5221.7700      0.36674559
       5223.2402      0.36892667
       5224.7100      0.39941794
       5226.1802      0.36054975
       5227.6499      0.31560308
       5229.1201      0.28542978
       5230.5898      0.31732196
       5232.0601      0.35648417
       5233.5298      0.37856314
       5235.0000      0.38745058
       5236.4702      0.36617675
       5237.9399      0.30866370
       5239.4102      0.34094265
       5240.8799      0.36992925
       5242.3501      0.36780858
       5243.8198      0.37302804
       5245.2900      0.33702666
       5246.7598      0.32507506
       5248.2300      0.31548172
       5249.7002      0.31215730
       5251.1699      0.30269539
       5252.6401      0.31868574
       5254.1099      0.29939905
       5255.5801      0.33862275
       5257.0498      0.34434077
       5258.5200      0.30213201
       5259.9902      0.38806948
       5261.4600      0.36689678
       5262.9302      0.33791241
       5264.3999      0.39021233
       5265.8701      0.35055876
       5267.3398      0.33077782
       5268.8101      0.36094615
       5270.2798      0.34718719
       5271.7500      0.34063071
       5273.2202      0.36235544
       5274.6899      0.30434689
       5276.1602      0.31102973
       5277.6299      0.31832495
       5279.1001      0.33458480
       5280.5698      0.32695079
       5282.0400      0.33483085
       5283.5098      0.37516376
       5284.9800      0.39156061
       5286.4502      0.37092200
       5287.9199      0.29200888
       5289.3901      0.27881852
       5290.8599      0.27302319
       5292.3301      0.31793717
       5293.7998      0.31570557
       5295.2700      0.24144965
       5296.7402      0.24296798
       5298.2100      0.28207034
       5299.6802      0.31083438
       5301.1499      0.31276563
       5302.6201      0.32923186
       5304.0898      0.28606701
       5305.5601      0.28579804
       5307.0298      0.32946938
       5308.5000      0.31644252
       5309.9702      0.32053351
       5311.4399      0.31541735
       5312.9102      0.31688103
       5314.3799      0.33937317
       5315.8501      0.33186638
       5317.3198      0.28390601
       5318.7900      0.27408943
       5320.2598      0.30380976
       5321.7300      0.28402102
       5323.2002      0.26302412
       5324.6699      0.31115651
       5326.1401      0.30048132
       5327.6099      0.25247473
       5329.0801      0.30659705
       5330.5498      0.32845834
       5332.0200      0.31660065
       5333.4902      0.30829528
       5334.9600      0.28593722
       5336.4302      0.31136724
       5337.8999      0.30859569
       5339.3701      0.25463736
       5340.8398      0.24001411
       5342.3101      0.30347303
       5343.7798      0.31980318
       5345.2500      0.28572509
       5346.7202      0.30155393
       5348.1899      0.26013106
       5349.6602      0.26216215
       5351.1299      0.29876325
       5352.6001      0.27400786
       5354.0698      0.32217214
       5355.5400      0.31569663
       5357.0098      0.31188199
       5358.4800      0.25365281
       5359.9502      0.23822872
       5361.4199      0.29319987
       5362.8901      0.29884768
       5364.3599      0.33195803
       5365.8301      0.32560313
       5367.2998      0.29027548
       5368.7700      0.27358362
       5370.2402      0.29352751
       5371.7100      0.27083182
       5373.1802      0.29721463
       5374.6499      0.36064249
       5376.1201      0.37794617
       5377.5898      0.35567340
       5379.0601      0.35057545
       5380.5298      0.32682300
       5382.0000      0.28203830
       5383.4702      0.29284272
       5384.9399      0.28098947
       5386.4102      0.29247057
       5387.8799      0.33037028
       5389.3501      0.30953142
       5390.8198      0.30715761
       5392.2900      0.34209099
       5393.7598      0.27974749
       5395.2300      0.25105625
       5396.7002      0.29623172
       5398.1699      0.30915326
       5399.6401      0.29617444
       5401.1099      0.27945912
       5402.5801      0.20927444
       5404.0498      0.25579992
       5405.5200      0.31041479
       5406.9902      0.36868510
       5408.4600      0.34588256
       5409.9302      0.34505367
       5411.3999      0.33116755
       5412.8701      0.28061339
       5414.3398      0.27944341
       5415.8101      0.25625488
       5417.2798      0.32526755
       5418.7500      0.30382347
       5420.2202      0.29500833
       5421.6899      0.32636547
       5423.1602      0.26608482
       5424.6299      0.32630247
       5426.1001      0.30469400
       5427.5698      0.22051322
       5429.0400      0.24636349
       5430.5098      0.23806480
       5431.9800      0.24703264
       5433.4502      0.28342640
       5434.9199      0.24148592
       5436.3901      0.25415277
       5437.8599      0.27630961
       5439.3301      0.22054026
       5440.7998      0.28025416
       5442.2700      0.26709434
       5443.7402      0.22891618
       5445.2100      0.22570395
       5446.6802      0.25820005
       5448.1499      0.24439952
       5449.6201      0.22885014
       5451.0898      0.26460761
       5452.5601      0.27607802
       5454.0298      0.28411171
       5455.5000      0.23508410
       5456.9702      0.25525677
       5458.4399      0.30558383
       5459.9102      0.24800895
       5461.3799      0.21521565
       5462.8501      0.21268180
       5464.3198      0.16476904
       5465.7900      0.15968816
       5467.2598      0.18071470
       5468.7300      0.24364905
       5470.2002      0.17735802
       5471.6699      0.17414528
       5473.1401      0.23128653
       5474.6099      0.20651701
       5476.0801      0.22475843
       5477.5498      0.17805584
       5479.0200      0.12927729
       5480.4902      0.14906518
       5481.9600      0.21111323
       5483.4302      0.15656690
       5484.8999      0.17563328
       5486.3701      0.23098244
       5487.8398      0.21807693
       5489.3101      0.19197847
       5490.7798      0.13479765
       5492.2500      0.14002232
       5493.7202      0.20608231
       5495.1899      0.18515134
       5496.6602      0.21134248
       5498.1299      0.26189885
       5499.6001      0.22771259
       5501.0698      0.18174228
       5502.5400      0.15702328
       5504.0098      0.20170674
       5505.4800      0.22719306
       5506.9502      0.17276596
       5508.4199      0.17398104
       5509.8901      0.19544002
       5511.3599      0.16227859
       5512.8301      0.22608684
       5514.2998      0.24664648
       5515.7700      0.21917041
       5517.2402      0.24006139
       5518.7100      0.14704399
       5520.1802      0.20685577
       5521.6499      0.15739085
       5523.1201      0.19311313
       5524.5898      0.28608835
       5526.0601      0.22867692
       5527.5298      0.25239587
       5529.0000      0.21500742
       5530.4702      0.17796677
       5531.9399      0.18608332
       5533.4102      0.29296356
       5534.8799      0.32204965
       5536.3501      0.26094723
       5537.8198      0.35169178
       5539.2900      0.28696853
       5540.7598      0.21291584
       5542.2300      0.24446836
       5543.7002      0.19935215
       5545.1699      0.23775175
       5546.6401      0.22921579
       5548.1099      0.24588247
       5549.5801      0.24521257
       5551.0498      0.23320895
       5552.5200      0.24212790
       5553.9902      0.24545947
       5555.4600      0.28323784
       5556.9302      0.25925007
       5558.3999      0.20843278
       5559.8701      0.25740415
       5561.3398      0.22737628
       5562.8101      0.24449551
       5564.2798      0.22358650
       5565.7500      0.25881290
       5567.2202      0.31944311
       5568.6899      0.31588203
       5570.1602      0.28230068
       5571.6299      0.28548542
       5573.1001      0.27656201
       5574.5698      0.29129085
       5576.0400      0.35051328
       5577.5098      0.35783708
       5578.9800      0.26984066
       5580.4502      0.20429936
       5581.9199      0.23004439
       5583.3901      0.29763448
       5584.8599      0.29802787
       5586.3301      0.23695411
       5587.7998      0.25715041
       5589.2700      0.26960617
       5590.7402      0.24165940
       5592.2100      0.23533820
       5593.6802      0.20473830
       5595.1499      0.20392178
       5596.6201      0.26264873
       5598.0898      0.25029880
       5599.5601      0.23408997
       5601.0298      0.29497606
       5602.5000      0.30978477
       5603.9702      0.29322064
       5605.4399      0.28867480
       5606.9102      0.26946530
       5608.3799      0.26115254
       5609.8501      0.27162072
       5611.3198      0.25946873
       5612.7900      0.24608217
       5614.2598      0.25028440
       5615.7300      0.27012220
       5617.2002      0.28870890
       5618.6699      0.27039352
       5620.1401      0.24772336
       5621.6099      0.29198724
       5623.0801      0.32730937
       5624.5498      0.28939429
       5626.0200      0.25748441
       5627.4902      0.25767118
       5628.9600      0.27794364
       5630.4302      0.29061398
       5631.8999      0.31788534
       5633.3701      0.29991201
       5634.8398      0.29015923
       5636.3101      0.27126727
       5637.7798      0.29328349
       5639.2500      0.25015199
       5640.7202      0.23501432
       5642.1899      0.25016555
       5643.6602      0.21594614
       5645.1299      0.24552710
       5646.6001      0.35024258
       5648.0698      0.27244765
       5649.5400      0.26378763
       5651.0098      0.31999642
       5652.4800      0.25555772
       5653.9502      0.25811654
       5655.4199      0.25843263
       5656.8901      0.26134920
       5658.3599      0.26685381
       5659.8301      0.27211607
       5661.2998      0.26092201
       5662.7700      0.26615852
       5664.2402      0.26145852
       5665.7100      0.30098122
       5667.1802      0.24864912
       5668.6499      0.26857865
       5670.1201      0.30883488
       5671.5898      0.32747906
       5673.0601      0.29294795
       5674.5298      0.28568649
       5676.0000      0.23090053
       5677.4702      0.28563002
       5678.9399      0.35004482
       5680.4102      0.29888365
       5681.8799      0.27200660
       5683.3501      0.31228158
       5684.8198      0.34377259
       5686.2900      0.30752659
       5687.7598      0.26627630
       5689.2300      0.27065885
       5690.7002      0.34293762
       5692.1699      0.36826572
       5693.6401      0.28984472
       5695.1099      0.26510599
       5696.5801      0.30197480
       5698.0498      0.28846514
       5699.5200      0.27703780
       5700.9902      0.26111919
       5702.4600      0.27317378
       5703.9302      0.30548730
       5705.3999      0.28923640
       5706.8701      0.27544126
       5708.3398      0.28666833
       5709.8101      0.31058180
       5711.2798      0.29538819
       5712.7500      0.26569620
       5714.2202      0.28778669
       5715.6899      0.37088078
       5717.1602      0.30317235
       5718.6299      0.28450209
       5720.1001      0.25094423
       5721.5698      0.28274864
       5723.0400      0.30448133
       5724.5098      0.27886981
       5725.9800      0.26817656
       5727.4502      0.28072035
       5728.9199      0.24319908
       5730.3901      0.32051167
       5731.8599      0.30878070
       5733.3301      0.29805192
       5734.7998      0.30554432
       5736.2700      0.29441702
       5737.7402      0.24330820
       5739.2100      0.30157533
       5740.6802      0.31387040
       5742.1499      0.26894224
       5743.6201      0.22876802
       5745.0898      0.32153970
       5746.5601      0.28121588
       5748.0298      0.24910912
       5749.5000      0.26353762
       5750.9702      0.21985100
       5752.4399      0.27781460
       5753.9102      0.30644295
       5755.3799      0.28674173
       5756.8501      0.28069571
       5758.3198      0.36541972
       5759.7900      0.33418453
       5761.2598      0.32434127
       5762.7300      0.30638200
       5764.2002      0.29887524
       5765.6699      0.29150477
       5767.1401      0.27320936
       5768.6099      0.29309821
       5770.0801      0.34680197
       5771.5498      0.30475667
       5773.0200      0.29182276
       5774.4902      0.30018532
       5775.9600      0.30070725
       5777.4302      0.30598015
       5778.8999      0.29628047
       5780.3701      0.31310305
       5781.8398      0.35302246
       5783.3101      0.33603778
       5784.7798      0.32832298
       5786.2500      0.27994788
       5787.7202      0.29860410
       5789.1899      0.34759155
       5790.6602      0.34190878
       5792.1299      0.35055530
       5793.6001      0.35121328
       5795.0698      0.40624991
       5796.5400      0.40130526
       5798.0098      0.32860422
       5799.4800      0.32620710
       5800.9502      0.34425807
       5802.4199      0.35815439
       5803.8901      0.27433082
       5805.3599      0.31202835
       5806.8301      0.35137063
       5808.2998      0.29409933
       5809.7700      0.27595541
       5811.2402      0.26857215
       5812.7100      0.28280744
       5814.1802      0.33322358
       5815.6499      0.32552329
       5817.1201      0.27324876
       5818.5898      0.30644450
       5820.0601      0.36423352
       5821.5298      0.31839845
       5823.0000      0.28697062
       5824.4702      0.27550530
       5825.9399      0.25133151
       5827.4102      0.26545152
       5828.8799      0.27728668
       5830.3501      0.22095002
       5831.8198      0.22010782
       5833.2900      0.29904610
       5834.7598      0.27003038
       5836.2300      0.25711408
       5837.7002      0.28387234
       5839.1699      0.25683108
       5840.6401      0.26471972
       5842.1099      0.28673601
       5843.5801      0.28643078
       5845.0498      0.29338804
       5846.5200      0.33558521
       5847.9902      0.33025736
       5849.4600      0.24946299
       5850.9302      0.25772539
       5852.3999      0.27757150
       5853.8701      0.26171789
       5855.3398      0.27483591
       5856.8101      0.24540548
       5858.2798      0.24695611
       5859.7500      0.26382747
       5861.2202      0.27609760
       5862.6899      0.24346133
       5864.1602      0.27698362
       5865.6299      0.30621877
       5867.1001      0.25668767
       5868.5698      0.23588194
       5870.0400      0.25294614
       5871.5098      0.33406296
       5872.9800      0.36366990
       5874.4502      0.31036597
       5875.9199      0.25844571
       5877.3901      0.28410929
       5878.8599      0.30540130
       5880.3301      0.31603134
       5881.7998      0.29418477
       5883.2700      0.29950276
       5884.7402      0.25660658
       5886.2100      0.18090200
       5887.6802      0.26027066
       5889.1499      0.23502287
       5890.6201      0.23580402
       5892.0898      0.24796227
       5893.5601      0.36088169
       5895.0298      0.29684040
       5896.5000      0.22945395
       5897.9702      0.23777696
       5899.4399      0.23055479
       5900.9102      0.28064415
       5902.3799      0.27199256
       5903.8501      0.28647393
       5905.3198      0.30402282
       5906.7900      0.25522202
       5908.2598      0.28329191
       5909.7300      0.30911073
       5911.2002      0.30489877
       5912.6699      0.29947799
       5914.1401      0.23595268
       5915.6099      0.28087339
       5917.0801      0.26816300
       5918.5498      0.31862742
       5920.0200      0.27658817
       5921.4902      0.25279579
       5922.9600      0.24924852
       5924.4302      0.22550820
       5925.8999      0.22282426
       5927.3701      0.25576377
       5928.8398      0.25500122
       5930.3101      0.23738296
       5931.7798      0.26728481
       5933.2500      0.23230645
       5934.7202      0.16957028
       5936.1899      0.29032141
       5937.6602      0.25771317
       5939.1299      0.21798322
       5940.6001      0.17704138
       5942.0698      0.24975654
       5943.5400      0.20117940
       5945.0098      0.14014009
       5946.4800      0.22975673
       5947.9502      0.26084349
       5949.4199      0.25129896
       5950.8901      0.19016366
       5952.3599      0.18662909
       5953.8301      0.22744489
       5955.2998      0.25404179
       5956.7700      0.17542933
       5958.2402      0.15350646
       5959.7100      0.14499843
       5961.1802      0.19471122
       5962.6499      0.21603073
       5964.1201      0.22164012
       5965.5898      0.17079695
       5967.0601      0.17218477
       5968.5298      0.13183524
       5970.0000      0.14819625
       5971.4702      0.17843756
       5972.9399      0.15112829
       5974.4102      0.13846403
       5975.8799      0.19379827
       5977.3501      0.17586677
       5978.8198      0.14875594
       5980.2900      0.15308185
       5981.7598      0.20020412
       5983.2300      0.14936559
       5984.7002      0.16247889
       5986.1699      0.21860799
       5987.6401      0.18525143
       5989.1099      0.16987835
       5990.5801      0.19192092
       5992.0498      0.19344260
       5993.5200      0.16771089
       5994.9902      0.17372869
       5996.4600      0.16665855
       5997.9302      0.20636156
       5999.3999      0.21877816
       6000.8701      0.16524580
       6002.3398      0.21820223
       6003.8101      0.21676910
       6005.2798      0.15475921
       6006.7500      0.16478957
       6008.2202      0.21068686
       6009.6899      0.21769732
       6011.1602      0.20146184
       6012.6299      0.17431998
       6014.1001      0.20720305
       6015.5698      0.20927109
       6017.0400      0.16817829
       6018.5098      0.19411305
       6019.9800      0.24182245
       6021.4502      0.21946985
       6022.9199      0.17577003
       6024.3901      0.19720976
       6025.8599      0.16163917
       6027.3301      0.13100496
       6028.7998      0.21246213
       6030.2700      0.19872305
       6031.7402      0.16038713
       6033.2100      0.18614216
       6034.6802      0.22550666
       6036.1499      0.22143431
       6037.6201      0.18311138
       6039.0898      0.19656351
       6040.5601      0.18916704
       6042.0298      0.16677953
       6043.5000      0.14478213
       6044.9702      0.14102168
       6046.4399      0.12556374
       6047.9102      0.14783472
       6049.3799      0.19266495
       6050.8501      0.18813600
       6052.3198      0.17805310
       6053.7900      0.22359383
       6055.2598      0.21954326
       6056.7300      0.15026186
       6058.2002      0.13140997
       6059.6699      0.21383911
       6061.1401      0.23780333
       6062.6099      0.19307259
       6064.0801      0.15212809
       6065.5498      0.22225364
       6067.0200      0.18782936
       6068.4902      0.19059153
       6069.9600      0.25315455
       6071.4302      0.27892983
       6072.8999      0.18820800
       6074.3701      0.11833368
       6075.8398      0.14518861
       6077.3101      0.20877004
       6078.7798      0.18131144
       6080.2500      0.18267378
       6081.7202      0.23532964
       6083.1899      0.27729106
       6084.6602      0.23039465
       6086.1299      0.16914344
       6087.6001      0.17969671
       6089.0698      0.18496972
       6090.5400      0.19357598
       6092.0098      0.18561952
       6093.4800      0.17397067
       6094.9502      0.20158382
       6096.4199      0.19531216
       6097.8901      0.22740036
       6099.3599      0.21515258
       6100.8301      0.19456370
       6102.2998      0.20299876
       6103.7700      0.18775375
       6105.2402      0.21715201
       6106.7100      0.16535039
       6108.1802      0.22816560
       6109.6499      0.24770036
       6111.1201      0.19287637
       6112.5898      0.23832300
       6114.0601      0.26031157
       6115.5298      0.20978171
       6117.0000      0.23280339
       6118.4702      0.20390937
       6119.9399      0.17661782
       6121.4102      0.18597797
       6122.8799      0.21750064
       6124.3501      0.21405557
       6125.8198      0.22675583
       6127.2900      0.21357991
       6128.7598      0.23704883
       6130.2300      0.24597394
       6131.7002      0.22770564
       6133.1699      0.19546187
       6134.6401      0.24673967
       6136.1099      0.25746968
       6137.5801      0.22895072
       6139.0498      0.20264487
       6140.5200      0.24157234
       6141.9902      0.25370228
       6143.4600      0.22469684
       6144.9302      0.18252803
       6146.3999      0.22498062
       6147.8701      0.26653418
       6149.3398      0.27203819
       6150.8101      0.20940912
       6152.2798      0.19883621
       6153.7500      0.16898470
       6155.2202      0.16686295
       6156.6899      0.22324939
       6158.1602      0.28601974
       6159.6299      0.20847233
       6161.1001      0.24896111
       6162.5698      0.20391767
       6164.0400      0.14675947
       6165.5098      0.19827110
       6166.9800      0.19850385
       6168.4502      0.23832689
       6169.9199      0.23084344
       6171.3901      0.23403783
       6172.8599      0.23230517
       6174.3301      0.22185621
       6175.7998      0.20279492
       6177.2700      0.23617864
       6178.7402      0.21800643
       6180.2100      0.20152910
       6181.6802      0.19672681
       6183.1499      0.18173702
       6184.6201      0.22164720
       6186.0898      0.23474549
       6187.5601      0.23134045
       6189.0298      0.25431067
       6190.5000      0.26384360
       6191.9702      0.24925253
       6193.4399      0.19749710
       6194.9102      0.21387148
       6196.3799      0.26875931
       6197.8501      0.23824050
       6199.3198      0.26294014
       6200.7900      0.27130431
       6202.2598      0.20206515
       6203.7300      0.22657816
       6205.2002      0.22872487
       6206.6699      0.22515534
       6208.1401      0.21765831
       6209.6099      0.24672808
       6211.0801      0.30782923
       6212.5498      0.26267591
       6214.0200      0.23000531
       6215.4902      0.24148121
       6216.9600      0.20971167
       6218.4302      0.17810062
       6219.8999      0.17484911
       6221.3701      0.19226147
       6222.8398      0.23571157
       6224.3101      0.21855691
       6225.7798      0.13821831
       6227.2500      0.13824600
       6228.7202      0.19845644
       6230.1899      0.23400034
       6231.6602      0.21451436
       6233.1299      0.18939376
       6234.6001      0.20895910
       6236.0698      0.21949026
       6237.5400      0.18489106
       6239.0098      0.13173045
       6240.4800      0.20976065
       6241.9502      0.27204010
       6243.4199      0.24512435
       6244.8901      0.24206541
       6246.3599      0.23971251
       6247.8301      0.21505116
       6249.2998      0.20645061
       6250.7700      0.21845351
       6252.2402      0.25757128
       6253.7100      0.22411631
       6255.1802      0.23014279
       6256.6499      0.22035335
       6258.1201      0.17229936
       6259.5898      0.18702550
       6261.0601      0.18090293
       6262.5298      0.19517800
       6264.0000      0.19370551
       6265.4702      0.23833293
       6266.9399      0.24394256
       6268.4102      0.19991526
       6269.8799      0.21674155
       6271.3501      0.20515336
       6272.8198      0.19947888
       6274.2900      0.22833170
       6275.7598      0.22524883
       6277.2300      0.18551192
       6278.7002      0.20271413
       6280.1699      0.20671682
       6281.6401      0.18502773
       6283.1099      0.19117554
       6284.5801      0.17865072
       6286.0498      0.21017571
       6287.5200      0.24913236
       6288.9902      0.24770302
       6290.4600      0.21395923
       6291.9302      0.23536423
       6293.3999      0.21044245
       6294.8701      0.22596301
       6296.3398      0.21003048
       6297.8101      0.22735925
       6299.2798      0.30318296
       6300.7500      0.23403649
       6302.2202      0.23737793
       6303.6899      0.24729742
       6305.1602      0.23165102
       6306.6299      0.19681497
       6308.1001      0.20432204
       6309.5698      0.27407703
       6311.0400      0.20229045
       6312.5098      0.20800149
       6313.9800      0.24134624
       6315.4502      0.22233959
       6316.9199      0.19732848
       6318.3901      0.23082766
       6319.8599      0.20783684
       6321.3301      0.20138811
       6322.7998      0.18769793
       6324.2700      0.19844064
       6325.7402      0.20159167
       6327.2100      0.20687568
       6328.6802      0.18001875
       6330.1499      0.18066800
       6331.6201      0.23834123
       6333.0898      0.20915340
       6334.5601      0.21087365
       6336.0298      0.27211189
       6337.5000      0.23174529
       6338.9702      0.18876602
       6340.4399      0.22804791
       6341.9102      0.24250533
       6343.3799      0.21627773
       6344.8501      0.21123506
       6346.3198      0.22018678
       6347.7900      0.23517855
       6349.2598      0.29027393
       6350.7300      0.23790787
       6352.2002      0.21615681
       6353.6699      0.19779982
       6355.1401      0.18203565
       6356.6099      0.23641106
       6358.0801      0.27647519
       6359.5498      0.26285699
       6361.0200      0.22490738
       6362.4902      0.22820027
       6363.9600      0.20273924
       6365.4302      0.22910483
       6366.8999      0.22067553
       6368.3701      0.18433830
       6369.8398      0.22583070
       6371.3101      0.22258922
       6372.7798      0.19782180
       6374.2500      0.19822520
       6375.7202      0.21056333
       6377.1899      0.21760264
       6378.6602      0.18125454
       6380.1299      0.18289207
       6381.6001      0.21101335
       6383.0698      0.24125955
       6384.5400      0.24054356
       6386.0098      0.24354808
       6387.4800      0.27038327
       6388.9502      0.22227146
       6390.4199      0.19366387
       6391.8901      0.20146352
       6393.3599      0.21967933
       6394.8301      0.21625772
       6396.2998      0.21653733
       6397.7700      0.18685716
       6399.2402      0.20336078
       6400.7100      0.26180619
       6402.1802      0.22097684
       6403.6499      0.21662480
       6405.1201      0.24477637
       6406.5898      0.24409626
       6408.0601      0.24531165
       6409.5298      0.25453007
       6411.0000      0.27128363
       6412.4702      0.25534803
       6413.9399      0.24044372
       6415.4102      0.21710902
       6416.8799      0.23167555
       6418.3501      0.26306465
       6419.8198      0.25152260
       6421.2900      0.29058984
       6422.7598      0.26848352
       6424.2300      0.24112488
       6425.7002      0.26819041
       6427.1699      0.22076836
       6428.6401      0.23376088
       6430.1099      0.28001592
       6431.5801      0.24914324
       6433.0498      0.23709953
       6434.5200      0.24044140
       6435.9902      0.24123822
       6437.4600      0.22670408
       6438.9302      0.22098494
       6440.3999      0.26031783
       6441.8701      0.21963561
       6443.3398      0.20470367
       6444.8101      0.20840845
       6446.2798      0.21580887
       6447.7500      0.19191051
       6449.2202      0.20881741
       6450.6899      0.23067360
       6452.1602      0.23410176
       6453.6299      0.21523055
       6455.1001      0.21321711
       6456.5698      0.24045640
       6458.0400      0.21919847
       6459.5098      0.19016588
       6460.9800      0.21845452
       6462.4502      0.24080451
       6463.9199      0.22795714
       6465.3901      0.24439223
       6466.8599      0.21300213
       6468.3301      0.19759388
       6469.7998      0.23232208
       6471.2700      0.19792967
       6472.7402      0.18910252
       6474.2100      0.22518399
       6475.6802      0.21884333
       6477.1499      0.17752950
       6478.6201      0.24671820
       6480.0898      0.26190251
       6481.5601      0.29221407
       6483.0298      0.24723667
       6484.5000      0.20523936
       6485.9702      0.21026331
       6487.4399      0.25087813
       6488.9102      0.22124623
       6490.3799      0.22951125
       6491.8501      0.22924668
       6493.3198      0.20947942
       6494.7900      0.22309682
       6496.2598      0.21549505
       6497.7300      0.17823447
       6499.2002      0.18235107
       6500.6699      0.17720848
       6502.1401      0.21952827
       6503.6099      0.23301797
       6505.0801      0.23825216
       6506.5498      0.19322033
       6508.0200      0.17752096
       6509.4902      0.23513506
       6510.9600      0.22693685
       6512.4302      0.19647706
       6513.8999      0.21727107
       6515.3701      0.29135734
       6516.8398      0.26553127
       6518.3101      0.20199054
       6519.7798      0.20949921
       6521.2500      0.24594997
       6522.7202      0.27785870
       6524.1899      0.21675420
       6525.6602      0.20339093
       6527.1299      0.20364484
       6528.6001      0.22323765
       6530.0698      0.22159493
       6531.5400      0.24467838
       6533.0098      0.27456582
       6534.4800      0.19195032
       6535.9502      0.19145192
       6537.4199      0.25720719
       6538.8901      0.22826950
       6540.3599      0.22278523
       6541.8301      0.23605822
       6543.2998      0.25925079
       6544.7700      0.25749734
       6546.2402      0.23664665
       6547.7100      0.22710942
       6549.1802      0.21735547
       6550.6499      0.19446397
       6552.1201      0.20621623
       6553.5898      0.24351218
       6555.0601      0.22446634
       6556.5298      0.21752195
       6558.0000      0.23700429
       6559.4702      0.20788532
       6560.9399      0.22747520
       6562.4102      0.23681267
       6563.8799      0.22714572
       6565.3501      0.20683195
       6566.8198      0.17964739
       6568.2900      0.21497394
       6569.7598      0.21905817
       6571.2300      0.20629925
       6572.7002      0.21762270
       6574.1699      0.23491706
       6575.6401      0.20661406
       6577.1099      0.20621194
       6578.5801      0.20580968
       6580.0498      0.20540743
       6581.5200      0.20500517
       6582.9902      0.20460291
       6584.4600      0.20420079
       6585.9302      0.20379853
       6587.3999      0.20339641
       6588.8701      0.20299415
       6590.3398      0.20259203
       6591.8101      0.20218977
       6593.2798      0.20178765
       6594.7500      0.20138538
       6596.2202      0.20098312
       6597.6899      0.20058100
       6599.1602      0.20017874
       6600.6299      0.19977649
       6602.1001      0.19937423
       6603.5698      0.19897211
       6605.0400      0.19856985
       6606.5098      0.19816773
       6607.9800      0.19776547
       6609.4502      0.19736321
       6610.9199      0.19696109
       6612.3901      0.19655883
       6613.8599      0.19636267
       6615.3301      0.19616647
       6616.7998      0.19597033
       6618.2700      0.19577411
       6619.7402      0.19557790
       6621.2100      0.19538170
       6622.6802      0.19518548
       6624.1499      0.19498934
       6625.6201      0.19479313
       6627.0898      0.19459698
       6628.5601      0.19440077
       6630.0298      0.19420463
       6631.5000      0.19400841
       6632.9702      0.19381221
       6634.4399      0.19361606
       6635.9102      0.19341986
       6637.3799      0.19322370
       6638.8501      0.19302750
       6640.3198      0.19283129
       6641.7900      0.19263507
       6643.2598      0.19243893
       6644.7300      0.19224273
       6646.2002      0.19204651
       6647.6699      0.19185036
       6649.1401      0.18298844
       6650.6099      0.17989886
       6652.0801      0.22875172
       6653.5498      0.20535514
       6655.0200      0.16231380
       6656.4902      0.18703412
       6657.9600      0.20253828
       6659.4302      0.20679523
       6660.8999      0.21511112
       6662.3701      0.14638837
       6663.8398      0.19921115
       6665.3101      0.19691081
       6666.7798      0.17371042
       6668.2500      0.23014006
       6669.7202      0.21198958
       6671.1899      0.20130435
       6672.6602      0.22745913
       6674.1299      0.19834492
       6675.6001      0.21818282
       6677.0698      0.22870418
       6678.5400      0.17712778
       6680.0098      0.13394582
       6681.4800      0.18149059
       6682.9502      0.20484589
       6684.4199      0.19497688
       6685.8901      0.20782219
       6687.3599      0.18120055
       6688.8301      0.20683467
       6690.2998      0.25865799
       6691.7700      0.22574015
       6693.2402      0.20341796
       6694.7100      0.18718065
       6696.1802      0.22555427
       6697.6499      0.24352272
       6699.1201      0.19831839
       6700.5898      0.16573508
       6702.0601      0.20590994
       6703.5298      0.25484157
       6705.0000      0.21211380
       6706.4702      0.19313595
       6707.9399      0.18896072
       6709.4102      0.19711810
       6710.8799      0.21396950
       6712.3501      0.20125158
       6713.8198      0.18239747
       6715.2900      0.22718243
       6716.7598      0.18278533
       6718.2300      0.18813054
       6719.7002      0.20114402
       6721.1699      0.19990794
       6722.6401      0.20562111
       6724.1099      0.25089562
       6725.5801      0.19120961
       6727.0498      0.16993797
       6728.5200      0.20965387
       6729.9902      0.19781338
       6731.4600      0.18987228
       6732.9302      0.18572706
       6734.3999      0.15996267
       6735.8701      0.23683460
       6737.3398      0.21229811
       6738.8101      0.22354968
       6740.2798      0.21825166
       6741.7500      0.21906228
       6743.2202      0.18437111
       6744.6899      0.15461749
       6746.1602      0.15612404
       6747.6299      0.15763007
       6749.1001      0.15913662
       6750.5698      0.16064265
       6752.0400      0.16214921
       6753.5098      0.16365525
       6754.9800      0.16516179
       6756.4502      0.16666834
       6757.9199      0.16817437
       6759.3901      0.16968092
       6760.8599      0.17158397
       6762.3301      0.17348827
       6763.7998      0.17539132
       6765.2700      0.17729500
       6766.7402      0.17919867
       6768.2100      0.18110171
       6769.6802      0.18300538
       6771.1499      0.18490842
       6772.6201      0.18681210
       6774.0898      0.18871513
       6775.5601      0.19061881
       6777.0298      0.19252186
       6778.5000      0.19442552
       6779.9702      0.19632921
       6781.4399      0.19823225
       6782.9102      0.20013656
       6784.3799      0.20203960
       6785.8501      0.20394328
       6787.3198      0.20584631
       6788.7900      0.20774999
       6790.2598      0.20965303
       6791.7300      0.21155670
       6793.2002      0.21346039
       6794.6699      0.21536341
       6796.1401      0.21726710
       6797.6099      0.21917014
       6799.0801      0.22642376
       6800.5498      0.19433738
       6802.0200      0.18214415
       6803.4902      0.24245748
       6804.9600      0.21567871
       6806.4302      0.19261263
       6807.8999      0.20812039
       6809.3701      0.22777042
       6810.8398      0.21317759
       6812.3101      0.18117829
       6813.7798      0.19380593
       6815.2500      0.22956200
       6816.7202      0.21917409
       6818.1899      0.15646307
       6819.6602      0.16605254
       6821.1299      0.21452375
       6822.6001      0.22148588
       6824.0698      0.21044900
       6825.5400      0.22425829
       6827.0098      0.23856542
       6828.4800      0.21775605
       6829.9502      0.17235601
       6831.4199      0.16602068
       6832.8901      0.22934520
       6834.3599      0.19048309
       6835.8301      0.15281996
       6837.2998      0.21130551
       6838.7700      0.21886040
       6840.2402      0.21359301
       6841.7100      0.20633565
       6843.1802      0.20980893
       6844.6499      0.20565937
       6846.1201      0.19210327
       6847.5898      0.18855484
       6849.0601      0.21226545
       6850.5298      0.23591061
       6852.0000      0.22506830
       6853.4702      0.22869460
       6854.9399      0.18795647
       6856.4102      0.23121145
       6857.8799      0.25641894
       6859.3501      0.23049638
       6860.8198      0.19426815
       6862.2900      0.16483960
       6863.7598      0.20722504
       6865.2300      0.23068798
       6866.7002      0.19271098
       6868.1699      0.24255985
       6869.6401      0.23986457
       6871.1099      0.14999630
       6872.5801      0.17929839
       6874.0498      0.20490490
       6875.5200      0.23538575
       6876.9902      0.26164222
       6878.4600      0.22776525
       6879.9302      0.21012048
       6881.3999      0.22040059
       6882.8701      0.21912417
       6884.3398      0.23305789
       6885.8101      0.18759622
       6887.2798      0.21339795
       6888.7500      0.24679743
       6890.2202      0.21290801
       6891.6899      0.21418920
       6893.1602      0.22480004
       6894.6299      0.22816275
       6896.1001      0.25640354
       6897.5698      0.19810791
       6899.0400      0.15048189
       6900.5098      0.18199660
       6901.9800      0.23638679
       6903.4502      0.21779452
       6904.9199      0.21409927
       6906.3901      0.22530267
       6907.8599      0.21245800
       6909.3301      0.18301511
       6910.7998      0.18227287
       6912.2700      0.16635805
       6913.7402      0.20319997
       6915.2100      0.20482922
       6916.6802      0.15970549
       6918.1499      0.20454067
       6919.6201      0.19565116
       6921.0898      0.21542522
       6922.5601      0.21141660
       6924.0298      0.19328220
       6925.5000      0.16924433
       6926.9702      0.20228656
       6928.4399      0.20922877
       6929.9102      0.20889844
       6931.3799      0.23239915
       6932.8501      0.19582887
       6934.3198      0.21940362
       6935.7900      0.21722871
       6937.2598      0.23385344
       6938.7300      0.19391392
       6940.2002      0.21484080
       6941.6699      0.19057497
       6943.1401      0.18897228
       6944.6099      0.19301777
       6946.0801      0.20459664
       6947.5498      0.18613780
       6949.0200      0.18584645
       6950.4902      0.26202101
       6951.9600      0.26959866
       6953.4302      0.19071959
       6954.8999      0.17633723
       6956.3701      0.17916454
       6957.8398      0.18080437
       6959.3101      0.19340070
       6960.7798      0.20757721
       6962.2500      0.21390864
       6963.7202      0.20227997
       6965.1899      0.18823574
       6966.6602      0.23294881
       6968.1299      0.20822684
       6969.6001      0.21644424
       6971.0698      0.22677317
       6972.5400      0.22999193
       6974.0098      0.21137068
       6975.4800      0.21359330
       6976.9502      0.23362088
       6978.4199      0.24703401
       6979.8901      0.20505655
       6981.3599      0.18272626
       6982.8301      0.17514065
       6984.2998      0.18753926
       6985.7700      0.19805326
       6987.2402      0.19585553
       6988.7100      0.19722837
       6990.1802      0.18197058
       6991.6499      0.18782021
       6993.1201      0.18841922
       6994.5898      0.20385720
       6996.0601      0.18813832
       6997.5298      0.19167003
       6999.0000      0.20239151
       7000.4702      0.20173363
       7001.9399      0.19236812
       7003.4102      0.22217599
       7004.8799      0.21106561
       7006.3501      0.16516948
       7007.8198      0.21560591
       7009.2900      0.18982947
       7010.7598      0.16424140
       7012.2300      0.16843717
       7013.7002      0.21592483
       7015.1699      0.21890399
       7016.6401      0.19806217
       7018.1099      0.17500165
       7019.5801      0.20772643
       7021.0498      0.22876951
       7022.5200      0.20978867
       7023.9902      0.23711272
       7025.4600      0.20192677
       7026.9302      0.16427958
       7028.3999      0.22063038
       7029.8701      0.20339711
       7031.3398      0.18527256
       7032.8101      0.22064897
       7034.2798      0.19719802
       7035.7500      0.20332329
       7037.2202      0.19112292
       7038.6899      0.20832956
       7040.1602      0.23614004
       7041.6299      0.23063330
       7043.1001      0.20416458
       7044.5698      0.18280761
       7046.0400      0.21488042
       7047.5098      0.19401397
       7048.9800      0.17655164
       7050.4502      0.16575365
       7051.9199      0.20169298
       7053.3901      0.19770081
       7054.8599      0.14646137
       7056.3301      0.18616435
       7057.7998      0.21355410
       7059.2700      0.21150960
       7060.7402      0.19295819
       7062.2100      0.17216413
       7063.6802      0.19947007
       7065.1499      0.19710974
       7066.6201      0.17484936
       7068.0898      0.17291157
       7069.5601      0.17589599
       7071.0298      0.17626497
       7072.5000      0.18204936
       7073.9702      0.20383289
       7075.4399      0.18812867
       7076.9102      0.17111334
       7078.3799      0.19459166
       7079.8501      0.18388231
       7081.3198      0.18502647
       7082.7900      0.20251027
       7084.2598      0.20179194
       7085.7300      0.22515053
       7087.2002      0.22052981
       7088.6699      0.18409005
       7090.1401      0.19435132
       7091.6099      0.21193458
       7093.0801      0.22440457
       7094.5498      0.21197766
       7096.0200      0.17064978
       7097.4902      0.15637442
       7098.9600      0.16810910
       7100.4302      0.17460608
       7101.8999      0.19019672
       7103.3701      0.21288376
       7104.8398      0.23106480
       7106.3101      0.23270786
       7107.7798      0.21726513
       7109.2500      0.20690288
       7110.7202      0.19236088
       7112.1899      0.18291284
       7113.6602      0.17676440
       7115.1299      0.17639935
       7116.6001      0.18142824
       7118.0698      0.15523843
       7119.5400      0.16319449
       7121.0098      0.20064119
       7122.4800      0.19572836
       7123.9502      0.21075404
       7125.4199      0.18326546
       7126.8901      0.15608829
       7128.3599      0.20598489
       7129.8301      0.23783123
       7131.2998      0.21508066
       7132.7700      0.19519509
       7134.2402      0.19157727
       7135.7100      0.17073029
       7137.1802      0.15577054
       7138.6499      0.16059607
       7140.1201      0.13879485
       7141.5898      0.16101196
       7143.0601      0.19902553
       7144.5298      0.18130216
       7146.0000      0.20969403
       7147.4702      0.20925276
       7148.9399      0.20230356
       7150.4102      0.21690509
       7151.8799      0.21917625
       7153.3501      0.18675771
       7154.8198      0.16281186
       7156.2900      0.19683591
       7157.7598      0.21682516
       7159.2300      0.20950244
       7160.7002      0.23785152
       7162.1699      0.21714550
       7163.6401      0.19077405
       7165.1099      0.22388512
       7166.5801      0.19564575
       7168.0498      0.18210545
       7169.5200      0.19597238
       7170.9902      0.17659585
       7172.4600      0.19265755
       7173.9302      0.22340268
       7175.3999      0.20326267
       7176.8701      0.21019378
       7178.3398      0.19493558
       7179.8101      0.20496894
       7181.2798      0.21248388
       7182.7500      0.16539608
       7184.2202      0.17883022
       7185.6899      0.19955499
       7187.1602      0.17750718
       7188.6299      0.24098670
       7190.1001      0.19335906
       7191.5698      0.16474582
       7193.0400      0.16301423
       7194.5098      0.16168016
       7195.9800      0.19479285
       7197.4502      0.22169468
       7198.9199      0.20361196
       7200.3901      0.12921655
       7201.8599      0.16809501
       7203.3301      0.20979598
       7204.7998      0.18132040
       7206.2700      0.16019250
       7207.7402      0.17785162
       7209.2100      0.18570925
       7210.6802      0.22723065
       7212.1499      0.24565449
       7213.6201      0.19219466
       7215.0898      0.17729665
       7216.5601      0.20149237
       7218.0298      0.19540672
       7219.5000      0.17082384
       7220.9702      0.19943352
       7222.4399      0.18326612
       7223.9102      0.16951340
       7225.3799      0.18922094
       7226.8501      0.19767693
       7228.3198      0.19088139
       7229.7900      0.16615862
       7231.2598      0.17840527
       7232.7300      0.21317936
       7234.2002      0.19429848
       7235.6699      0.17126249
       7237.1401      0.16950776
       7238.6099      0.20925610
       7240.0801      0.26613116
       7241.5498      0.17839813
       7243.0200      0.16428122
       7244.4902      0.26554349
       7245.9600      0.22284135
       7247.4302      0.17332305
       7248.8999      0.20066790
       7250.3701      0.16020979
       7251.8398      0.15661992
       7253.3101      0.22240271
       7254.7798      0.19441408
       7256.2500      0.15858930
       7257.7202      0.15691023
       7259.1899      0.18534283
       7260.6602      0.20182030
       7262.1299      0.17013665
       7263.6001      0.16279610
       7265.0698      0.19110288
       7266.5400      0.14356673
       7268.0098      0.13539457
       7269.4800      0.21707590
       7270.9502      0.23357902
       7272.4199      0.19280966
       7273.8901      0.15528226
       7275.3599      0.15871751
       7276.8301      0.17790265
       7278.2998      0.24809818
       7279.7700      0.22342883
       7281.2402      0.19587518
       7282.7100      0.14757852
       7284.1802      0.19655344
       7285.6499      0.15737410
       7287.1201      0.16769338
       7288.5898      0.15035547
       7290.0601      0.12706961
       7291.5298      0.16911033
       7293.0000      0.18295446
       7294.4702      0.16309686
       7295.9399      0.15051097
       7297.4102      0.14597179
       7298.8799      0.17476405
       7300.3501      0.17846370
       7301.8198      0.14773138
       7303.2900      0.16240254
       7304.7598      0.13511321
       7306.2300      0.16728099
       7307.7002      0.14033440
       7309.1699      0.13341394
       7310.6401      0.13028033
       7312.1099     0.097588286
       7313.5801      0.12498697
       7315.0498      0.16118462
       7316.5200      0.11665451
       7317.9902      0.18052885
       7319.4600      0.19449644
       7320.9302      0.20303570
       7322.3999      0.15862723
       7323.8701      0.11230467
       7325.3398      0.17211203
       7326.8101      0.20919505
       7328.2798      0.20832214
       7329.7500      0.16187793
       7331.2202      0.16919415
       7332.6899      0.13040541
       7334.1602     0.091285713
       7335.6299     0.083774053
       7337.1001      0.14838213
       7338.5698      0.16140200
       7340.0400      0.14973605
       7341.5098      0.12016556
       7342.9800     0.052522715
       7344.4502     0.058719445
       7345.9199      0.10917336
       7347.3901      0.12128869
       7348.8599      0.12459853
       7350.3301      0.13359745
       7351.7998      0.16813724
       7353.2700      0.13623625
       7354.7402      0.12865175
       7356.2100      0.14766033
       7357.6802      0.15341401
       7359.1499      0.13239607
       7360.6201      0.14410169
       7362.0898      0.16112827
       7363.5601      0.18546700
       7365.0298      0.20015407
       7366.5000      0.18235190
       7367.9702      0.16344921
       7369.4399      0.15886623
       7370.9102      0.14928862
       7372.3799      0.14142914
       7373.8501      0.14971136
       7375.3198      0.12870885
       7376.7900      0.13889636
       7378.2598      0.15322770
       7379.7300      0.18087806
       7381.2002      0.20814587
       7382.6699      0.15500733
       7384.1401      0.18325220
       7385.6099      0.13507946
       7387.0801      0.14115620
       7388.5498      0.14618056
       7390.0200      0.13821553
       7391.4902      0.12595817
       7392.9600      0.10131731
       7394.4302     0.072232731
       7395.8999      0.10860271
       7397.3701      0.11978510
       7398.8398      0.15620187
       7400.3101      0.17566125
       7401.7798      0.14408320
       7403.2500      0.14196631
       7404.7202      0.17489246
       7406.1899      0.13184904
       7407.6602      0.16736875
       7409.1299      0.18202633
       7410.6001      0.16533540
       7412.0698      0.15194120
