hi
i2
3454.82 4.732e-17
3456.28 5.89642e-17
3457.74 6.48796e-17
3459.2 6.09964e-17
3460.66 5.12852e-17
3462.12 4.38356e-17
3463.58 2.35473e-17
3465.03 2.55284e-17
3466.49 4.34292e-17
3467.95 6.22991e-17
3469.41 6.47869e-17
3470.87 7.775e-17
3472.33 9.41033e-17
3473.79 1.01248e-16
3475.25 7.14365e-17
3476.71 4.72661e-17
3478.17 3.31001e-17
3479.63 3.20697e-17
3481.09 3.3587e-17
3482.55 5.03991e-17
3484.01 7.01697e-17
3485.47 7.99352e-17
3486.93 7.10597e-17
3488.39 5.82907e-17
3489.85 4.32006e-17
3491.31 2.76975e-17
3492.77 3.15598e-17
3494.23 4.95222e-17
3495.69 7.08732e-17
3497.15 8.68305e-17
3498.61 8.10413e-17
3500.07 7.26172e-17
3501.53 6.61419e-17
3502.99 6.61608e-17
3504.45 9.10794e-17
3505.91 8.91612e-17
3507.37 7.72563e-17
3508.83 6.55302e-17
3510.29 6.70135e-17
3511.75 5.47349e-17
3513.21 4.30804e-17
3514.67 3.72834e-17
3516.13 3.05292e-17
3517.59 5.11501e-17
3519.05 6.81158e-17
3520.51 6.71647e-17
3521.97 3.30785e-17
3523.43 2.61475e-17
3524.89 3.5001e-17
3526.35 5.45137e-17
3527.81 7.66658e-17
3529.27 6.0296e-17
3530.72 3.44315e-17
3532.18 1.16793e-17
3533.64 1.36523e-17
3535.1 4.36925e-17
3536.56 5.23245e-17
3538.02 4.27874e-17
3539.48 5.80039e-17
3540.94 7.74683e-17
3542.4 8.59573e-17
3543.86 8.15172e-17
3545.32 6.51428e-17
3546.78 4.27879e-17
3548.24 3.25634e-17
3549.7 3.72656e-17
3551.16 5.8334e-17
3552.62 5.06374e-17
3554.08 5.54642e-17
3555.54 6.51982e-17
3557 5.84718e-17
3558.46 2.52874e-17
3559.92 1.35092e-17
3561.38 2.08421e-17
3562.84 3.91571e-17
3564.3 5.64315e-17
3565.76 7.64733e-17
3567.22 9.24576e-17
3568.68 9.56308e-17
3570.14 1.02306e-16
3571.6 1.07723e-16
3573.06 1.07615e-16
3574.52 9.7688e-17
3575.98 9.95815e-17
3577.44 8.6974e-17
3578.9 7.06303e-17
3580.36 6.07078e-17
3581.82 7.73522e-17
3583.28 7.13677e-17
3584.74 6.36438e-17
3586.2 6.91556e-17
3587.66 6.46031e-17
3589.12 6.04265e-17
3590.58 5.72175e-17
3592.04 5.52397e-17
3593.5 5.25732e-17
3594.96 6.23566e-17
3596.42 8.14458e-17
3597.87 1.05444e-16
3599.33 1.07612e-16
3600.79 8.87494e-17
3602.25 6.74451e-17
3603.71 5.14194e-17
3605.17 3.04049e-17
3606.63 3.04708e-17
3608.09 4.07575e-17
3609.55 5.3513e-17
3611.01 4.87903e-17
3612.47 6.1224e-17
3613.93 7.60054e-17
3615.39 8.60767e-17
3616.85 8.07628e-17
3618.31 7.15962e-17
3619.77 5.90884e-17
3621.23 4.73461e-17
3622.69 5.17765e-17
3624.15 5.65771e-17
3625.61 6.09612e-17
3627.07 6.69669e-17
3628.53 8.17439e-17
3629.99 8.4722e-17
3631.45 8.4022e-17
3632.91 8.16028e-17
3634.37 7.86441e-17
3635.83 6.83119e-17
3637.29 5.76615e-17
3638.75 5.5847e-17
3640.21 8.14588e-17
3641.67 9.06688e-17
3643.13 7.60286e-17
3644.59 5.30349e-17
3646.05 5.21772e-17
3647.51 6.17562e-17
3648.97 6.23603e-17
3650.43 5.81629e-17
3651.89 5.82573e-17
3653.35 6.78101e-17
3654.81 6.54092e-17
3656.27 5.86431e-17
3657.73 5.91739e-17
3659.19 4.73244e-17
3660.65 4.71391e-17
3662.11 5.35995e-17
3663.57 6.00608e-17
3665.02 5.63078e-17
3666.48 5.36025e-17
3667.94 5.25033e-17
3669.4 5.33746e-17
3670.86 4.49547e-17
3672.32 3.94798e-17
3673.78 4.02628e-17
3675.24 4.98836e-17
3676.7 5.85883e-17
3678.16 6.50396e-17
3679.62 6.99394e-17
3681.08 7.31202e-17
3682.54 6.40801e-17
3684 6.00765e-17
3685.46 5.61923e-17
3686.92 4.97326e-17
3688.38 4.48331e-17
3689.84 4.37317e-17
3691.3 4.87871e-17
3692.76 5.92639e-17
3694.22 5.86787e-17
3695.68 5.56183e-17
3697.14 5.13523e-17
3698.6 4.78486e-17
3700.06 5.4425e-17
3701.52 5.04573e-17
3702.98 4.70447e-17
3704.44 4.85562e-17
3705.9 5.73726e-17
3707.36 5.76383e-17
3708.82 5.59607e-17
3710.28 5.43755e-17
3711.74 5.32766e-17
3713.2 5.21792e-17
3714.66 5.10796e-17
3716.12 4.99792e-17
3717.58 4.88845e-17
3719.04 4.7791e-17
3720.5 4.66954e-17
3721.96 4.55992e-17
3723.42 4.45086e-17
3724.88 4.3414e-17
3726.34 4.23229e-17
3727.8 4.12352e-17
3729.26 4.01484e-17
3730.72 3.9058e-17
3732.17 3.79785e-17
3733.63 3.68933e-17
3735.09 3.5805e-17
3736.55 3.4723e-17
3738.01 3.36426e-17
3739.47 3.25616e-17
3740.93 3.14772e-17
3742.39 3.03995e-17
3743.85 2.93196e-17
3745.31 2.82401e-17
3746.77 2.71655e-17
3748.23 3.90207e-17
3749.69 3.79781e-17
3751.15 2.99705e-17
3752.61 2.40519e-17
3754.07 3.44361e-17
3755.53 2.9058e-17
3756.99 1.56104e-17
3758.45 2.81198e-18
3759.91 6.2908e-18
3761.37 9.65641e-18
3762.83 1.39784e-17
3764.29 1.99456e-17
3765.75 1.46491e-17
3767.21 1.83242e-17
3768.67 2.72375e-17
3770.13 3.74257e-17
3771.59 2.66449e-17
3773.05 2.1712e-17
3774.51 2.11001e-17
3775.97 2.31563e-17
3777.43 1.82283e-17
3778.89 1.70766e-17
3780.35 1.70429e-17
3781.81 1.71609e-17
3783.27 2.18357e-17
3784.73 1.94458e-17
3786.19 1.25901e-17
3787.65 6.08246e-18
3789.11 2.57007e-17
3790.57 2.35107e-17
3792.03 1.99829e-17
3793.49 2.05817e-17
3794.95 1.29749e-17
3796.41 1.31905e-17
3797.86 1.65414e-17
3799.32 1.95728e-17
3800.78 1.2589e-17
3802.24 1.23015e-17
3803.7 1.24278e-17
3805.16 1.10547e-17
3806.62 7.5838e-18
3808.08 8.01076e-18
3809.54 6.45336e-18
3811 2.20647e-18
3812.46 -2.55028e-18
3813.92 1.32796e-17
3815.38 2.01797e-17
3816.84 1.6207e-17
3818.3 1.02756e-17
3819.76 8.01767e-18
3821.22 1.6488e-17
3822.68 2.95939e-17
3824.14 3.16324e-17
3825.6 2.8988e-17
3827.06 2.71713e-17
3828.52 2.7297e-17
3829.98 3.04279e-17
3831.44 1.9674e-17
3832.9 2.11051e-17
3834.36 3.35277e-17
3835.82 5.18092e-17
3837.28 2.98915e-17
3838.74 2.88992e-17
3840.2 3.18403e-17
3841.66 1.17449e-17
3843.12 4.99036e-18
3844.58 1.2567e-17
3846.04 1.95048e-17
3847.5 8.83579e-18
3848.96 1.9902e-17
3850.42 2.03146e-17
3851.88 2.09707e-17
3853.34 3.21735e-17
3854.8 3.75686e-17
3856.26 3.31353e-17
3857.72 3.00059e-17
3859.18 3.67581e-17
3860.64 4.14007e-17
3862.1 4.21435e-17
3863.56 3.65721e-17
3865.01 2.40078e-17
3866.47 2.05604e-17
3867.93 2.20834e-17
3869.39 2.71964e-17
3870.85 3.48351e-17
3872.31 4.24497e-17
3873.77 4.13875e-17
3875.23 3.83206e-17
3876.69 3.71292e-17
3878.15 4.16058e-17
3879.61 4.55208e-17
3881.07 5.42215e-17
3882.53 6.78737e-17
3883.99 7.22931e-17
3885.45 7.3063e-17
3886.91 8.36941e-17
3888.37 1.03552e-16
3889.83 1.03461e-16
3891.29 8.68059e-17
3892.75 7.94512e-17
3894.21 8.6564e-17
3895.67 9.70994e-17
3897.13 1.04794e-16
3898.59 1.06398e-16
3900.05 1.01773e-16
3901.51 9.34176e-17
3902.97 9.49534e-17
3904.43 9.74752e-17
3905.89 1.00028e-16
3907.35 1.0498e-16
3908.81 1.22593e-16
3910.27 1.27049e-16
3911.73 1.21385e-16
3913.19 1.22115e-16
3914.65 1.32648e-16
3916.11 1.34385e-16
3917.57 1.28234e-16
3919.03 1.20159e-16
3920.49 1.11069e-16
3921.95 1.10738e-16
3923.41 1.14128e-16
3924.87 1.11489e-16
3926.33 1.00814e-16
3927.79 1.01893e-16
3929.25 1.1077e-16
3930.71 1.2011e-16
3932.16 1.19501e-16
3933.62 1.06858e-16
3935.08 9.52465e-17
3936.54 1.01328e-16
3938 1.07778e-16
3939.46 1.05598e-16
3940.92 1.02563e-16
3942.38 1.06967e-16
3943.84 1.04982e-16
3945.3 1.07611e-16
3946.76 1.04822e-16
3948.22 8.84198e-17
3949.68 9.18599e-17
3951.14 9.54011e-17
3952.6 1.02162e-16
3954.06 1.13628e-16
3955.52 1.1109e-16
3956.98 1.11853e-16
3958.44 1.15133e-16
3959.9 1.19993e-16
3961.36 1.20988e-16
3962.82 1.21855e-16
3964.28 1.22509e-16
3965.74 1.22488e-16
3967.2 1.17956e-16
3968.66 1.17813e-16
3970.12 1.16398e-16
3971.58 1.13123e-16
3973.04 1.21852e-16
3974.5 1.29605e-16
3975.96 1.29155e-16
3977.42 1.20538e-16
3978.88 1.1992e-16
3980.34 1.18696e-16
3981.8 1.20651e-16
3983.26 1.26931e-16
3984.72 1.37063e-16
3986.18 1.52651e-16
3987.64 1.5441e-16
3989.1 1.42904e-16
3990.56 1.3919e-16
3992.02 1.3379e-16
3993.48 1.39905e-16
3994.94 1.5047e-16
3996.4 1.36274e-16
3997.86 1.35758e-16
3999.31 1.43428e-16
4000.77 1.53855e-16
4002.23 1.55117e-16
4003.69 1.50249e-16
4005.15 1.45718e-16
4006.61 1.43472e-16
4008.07 1.45946e-16
4009.53 1.42368e-16
4010.99 1.42175e-16
4012.45 1.42822e-16
4013.91 1.37747e-16
4015.37 1.57667e-16
4016.83 1.61929e-16
4018.29 1.60587e-16
4019.75 1.74425e-16
4021.21 1.6211e-16
4022.67 1.37145e-16
4024.13 1.17765e-16
4025.59 1.27211e-16
4027.05 1.42688e-16
4028.51 1.49515e-16
4029.97 1.49827e-16
4031.43 1.46387e-16
4032.89 1.57247e-16
4034.35 1.53939e-16
4035.81 1.46483e-16
4037.27 1.44616e-16
4038.73 1.4923e-16
4040.19 1.30049e-16
4041.65 1.11209e-16
4043.11 1.12168e-16
4044.57 1.26999e-16
4046.03 1.2827e-16
4047.49 1.25421e-16
4048.95 1.24559e-16
4050.41 1.21751e-16
4051.87 1.12977e-16
4053.33 1.13913e-16
4054.79 1.30569e-16
4056.25 1.32548e-16
4057.71 1.24308e-16
4059.17 1.20795e-16
4060.63 1.26613e-16
4062.09 1.2248e-16
4063.55 1.14495e-16
4065 1.1205e-16
4066.46 1.16217e-16
4067.92 1.08995e-16
4069.38 1.08899e-16
4070.84 1.11039e-16
4072.3 1.16107e-16
4073.76 1.35938e-16
4075.22 1.31532e-16
4076.68 1.23508e-16
4078.14 1.19051e-16
4079.6 1.22622e-16
4081.06 1.23661e-16
4082.52 1.21475e-16
4083.98 1.18613e-16
4085.44 1.24153e-16
4086.9 1.28416e-16
4088.36 1.21514e-16
4089.82 1.11423e-16
4091.28 1.25918e-16
4092.74 1.35171e-16
4094.2 1.40792e-16
4095.66 1.40991e-16
4097.12 1.30707e-16
4098.58 1.35181e-16
4100.04 1.43191e-16
4101.5 1.4789e-16
4102.96 1.38025e-16
4104.42 1.40717e-16
4105.88 1.48381e-16
4107.34 1.50522e-16
4108.8 1.30931e-16
4110.26 1.2548e-16
4111.72 1.30892e-16
4113.18 1.34731e-16
4114.64 1.19828e-16
4116.1 1.16367e-16
4117.56 1.27613e-16
4119.02 1.37971e-16
4120.48 1.29199e-16
4121.94 1.13843e-16
4123.4 1.16239e-16
4124.86 1.24507e-16
4126.32 1.26442e-16
4127.78 1.20385e-16
4129.24 1.27741e-16
4130.7 1.28221e-16
4132.16 1.05618e-16
4133.61 9.72552e-17
4135.07 1.01086e-16
4136.53 1.13816e-16
4137.99 1.31445e-16
4139.45 1.27576e-16
4140.91 1.18852e-16
4142.37 1.13187e-16
4143.83 1.1553e-16
4145.29 1.24593e-16
4146.75 1.28593e-16
4148.21 1.29019e-16
4149.67 1.26181e-16
4151.13 1.15487e-16
4152.59 1.16677e-16
4154.05 1.25303e-16
4155.51 1.36476e-16
4156.97 1.28505e-16
4158.43 1.23545e-16
4159.89 1.25047e-16
4161.35 1.31007e-16
4162.81 1.23066e-16
4164.27 1.14358e-16
4165.73 1.10742e-16
4167.19 1.13123e-16
4168.65 1.16949e-16
4170.11 1.16555e-16
4171.57 1.14513e-16
4173.03 1.11392e-16
4174.49 1.06778e-16
4175.95 1.11425e-16
4177.41 1.15601e-16
4178.87 1.18004e-16
4180.33 1.20896e-16
4181.79 1.21115e-16
4183.25 1.20324e-16
4184.71 1.15173e-16
4186.17 9.63586e-17
4187.63 1.00728e-16
4189.09 1.10041e-16
4190.55 1.18382e-16
4192.01 1.18125e-16
4193.47 1.11383e-16
4194.93 1.11608e-16
4196.39 1.1626e-16
4197.85 1.18613e-16
4199.31 1.16848e-16
4200.76 1.19759e-16
4202.22 1.22328e-16
4203.68 1.15732e-16
4205.14 1.14628e-16
4206.6 1.02226e-16
4208.06 9.3243e-17
4209.52 1.07938e-16
4210.98 1.22235e-16
4212.44 1.29694e-16
4213.9 1.27441e-16
4215.36 1.12451e-16
4216.82 1.06514e-16
4218.28 1.07046e-16
4219.74 1.05927e-16
4221.2 9.56555e-17
4222.66 9.03893e-17
4224.12 9.60323e-17
4225.58 1.06799e-16
4227.04 1.17517e-16
4228.5 1.16648e-16
4229.96 1.12644e-16
4231.42 1.06982e-16
4232.88 1.0099e-16
4234.34 9.92713e-17
4235.8 9.97612e-17
4237.26 1.03664e-16
4238.72 1.10536e-16
4240.18 1.08833e-16
4241.64 1.05014e-16
4243.1 1.01987e-16
4244.56 1.02123e-16
4246.02 1.13071e-16
4247.48 1.17408e-16
4248.94 1.1698e-16
4250.4 1.14101e-16
4251.86 1.18419e-16
4253.32 1.17368e-16
4254.78 1.18858e-16
4256.24 1.22112e-16
4257.7 1.10952e-16
4259.16 1.13167e-16
4260.62 1.13403e-16
4262.08 1.08478e-16
4263.54 1.02181e-16
4265 1.17729e-16
4266.45 1.30474e-16
4267.91 1.34005e-16
4269.37 1.24509e-16
4270.83 1.16338e-16
4272.29 1.19119e-16
4273.75 1.28809e-16
4275.21 1.29013e-16
4276.67 1.21363e-16
4278.13 1.12733e-16
4279.59 1.08336e-16
4281.05 1.18285e-16
4282.51 1.13491e-16
4283.97 1.09743e-16
4285.43 1.09817e-16
4286.89 1.15472e-16
4288.35 1.17024e-16
4289.81 1.15016e-16
4291.27 1.14686e-16
4292.73 1.24604e-16
4294.19 1.18336e-16
4295.65 1.20177e-16
4297.11 1.27142e-16
4298.57 1.33284e-16
4300.03 1.26366e-16
4301.49 1.17694e-16
4302.95 1.13113e-16
4304.41 1.18978e-16
4305.87 1.21411e-16
4307.33 1.12796e-16
4308.79 1.05147e-16
4310.25 1.10482e-16
4311.71 1.19261e-16
4313.17 1.17861e-16
4314.63 1.09483e-16
4316.09 9.75377e-17
4317.55 9.85219e-17
4319.01 1.00611e-16
4320.47 1.03769e-16
4321.93 1.08153e-16
4323.39 1.16839e-16
4324.85 1.21185e-16
4326.31 1.22058e-16
4327.77 1.1995e-16
4329.23 1.14481e-16
4330.69 1.12649e-16
4332.15 1.10113e-16
4333.6 1.07034e-16
4335.06 1.24301e-16
4336.52 1.35908e-16
4337.98 1.39137e-16
4339.44 1.35202e-16
4340.9 1.41657e-16
4342.36 1.49042e-16
4343.82 1.46011e-16
4345.28 1.32391e-16
4346.74 1.31314e-16
4348.2 1.30233e-16
4349.66 1.29154e-16
4351.12 1.2808e-16
4352.58 1.27008e-16
4354.04 1.25932e-16
4355.5 1.24859e-16
4356.96 1.2379e-16
4358.42 1.22722e-16
4359.88 1.21651e-16
4361.34 1.20584e-16
4362.8 1.19519e-16
4364.26 1.18451e-16
4365.72 1.17389e-16
4367.18 1.16328e-16
4368.64 1.15268e-16
4370.1 1.14205e-16
4371.56 1.13149e-16
4373.02 1.1209e-16
4374.48 1.11033e-16
4375.94 1.0998e-16
4377.4 1.08929e-16
4378.86 1.07876e-16
4380.32 1.06823e-16
4381.78 1.05776e-16
4383.24 9.45754e-17
4384.7 9.27782e-17
4386.16 9.58275e-17
4387.62 9.53622e-17
4389.08 1.05712e-16
4390.54 1.11663e-16
4392 1.11363e-16
4393.46 1.03253e-16
4394.92 9.93289e-17
4396.38 9.94791e-17
4397.84 1.0213e-16
4399.29 1.05593e-16
4400.75 1.09029e-16
4402.21 1.03457e-16
4403.67 9.81037e-17
4405.13 1.01679e-16
4406.59 1.07136e-16
4408.05 1.11132e-16
4409.51 1.11251e-16
4410.97 1.05791e-16
4412.43 9.83453e-17
4413.89 1.02481e-16
4415.35 1.0902e-16
4416.81 1.1195e-16
4418.27 1.14003e-16
4419.73 1.20948e-16
4421.19 1.23147e-16
4422.65 1.15788e-16
4424.11 1.05224e-16
4425.57 1.06274e-16
4427.03 1.12385e-16
4428.49 1.18468e-16
4429.95 1.09326e-16
4431.41 1.11297e-16
4432.87 1.09555e-16
4434.33 1.01273e-16
4435.79 1.04637e-16
4437.25 1.08326e-16
4438.71 1.14709e-16
4440.17 1.21049e-16
4441.63 1.11151e-16
4443.09 1.09355e-16
4444.55 1.14179e-16
4446.01 1.22189e-16
4447.47 1.22087e-16
4448.93 1.16229e-16
4450.39 1.14009e-16
4451.85 1.16013e-16
4453.31 1.17521e-16
4454.77 1.22403e-16
4456.23 1.21629e-16
4457.69 1.15849e-16
4459.15 1.1088e-16
4460.61 1.25504e-16
4462.07 1.27971e-16
4463.53 1.20212e-16
4464.99 1.16087e-16
4466.44 1.15547e-16
4467.9 1.21322e-16
4469.36 1.30151e-16
4470.82 1.35006e-16
4472.28 1.31385e-16
4473.74 1.33847e-16
4475.2 1.38765e-16
4476.66 1.38362e-16
4478.12 1.34288e-16
4479.58 1.31519e-16
4481.04 1.33257e-16
4482.5 1.43595e-16
4483.96 1.37254e-16
4485.42 1.34035e-16
4486.88 1.34125e-16
4488.34 1.3694e-16
4489.8 1.38677e-16
4491.26 1.38843e-16
4492.72 1.37447e-16
4494.18 1.34689e-16
4495.64 1.44263e-16
4497.1 1.45134e-16
4498.56 1.41457e-16
4500.02 1.37085e-16
4501.48 1.40113e-16
4502.94 1.42796e-16
4504.4 1.47192e-16
4505.86 1.54249e-16
4507.32 1.55739e-16
4508.78 1.54454e-16
4510.24 1.55338e-16
4511.7 1.60373e-16
4513.16 1.58784e-16
4514.62 1.64215e-16
4516.08 1.67154e-16
4517.54 1.63352e-16
4519 1.57337e-16
4520.46 1.59579e-16
4521.92 1.67709e-16
4523.38 1.78765e-16
4524.84 1.7981e-16
4526.3 1.79365e-16
4527.76 1.7374e-16
4529.22 1.65221e-16
4530.68 1.72226e-16
4532.13 1.87988e-16
4533.59 1.89819e-16
4535.05 1.78007e-16
4536.51 1.84005e-16
4537.97 1.84593e-16
4539.43 1.83745e-16
4540.89 1.82326e-16
4542.35 1.79687e-16
4543.81 1.80238e-16
4545.27 1.79855e-16
4546.73 1.79334e-16
4548.19 1.83565e-16
4549.65 1.8068e-16
4551.11 1.80422e-16
4552.57 1.84171e-16
4554.03 1.91388e-16
4555.49 2.02057e-16
4556.95 2.05799e-16
4558.41 2.05218e-16
4559.87 2.08412e-16
4561.33 2.02749e-16
4562.79 2.07048e-16
4564.25 2.16469e-16
4565.71 2.19928e-16
4567.17 2.09882e-16
4568.63 2.03704e-16
4570.09 2.04535e-16
4571.55 2.15394e-16
4573.01 2.1273e-16
4574.47 2.15538e-16
4575.93 2.20823e-16
4577.39 2.23929e-16
4578.85 2.10688e-16
4580.31 2.04153e-16
4581.77 2.0597e-16
4583.23 2.17438e-16
4584.69 2.24761e-16
4586.15 2.23788e-16
4587.61 2.21951e-16
4589.07 2.25508e-16
4590.53 2.23247e-16
4591.99 2.16058e-16
4593.45 2.10491e-16
4594.91 2.10974e-16
4596.37 2.08379e-16
4597.83 2.17835e-16
4599.29 2.29343e-16
4600.74 2.36186e-16
4602.2 2.30494e-16
4603.66 2.15177e-16
4605.12 2.03665e-16
4606.58 2.02819e-16
4608.04 2.05965e-16
4609.5 2.08698e-16
4610.96 2.12893e-16
4612.42 2.17006e-16
4613.88 2.03389e-16
4615.34 1.99585e-16
4616.8 2.04748e-16
4618.26 2.14697e-16
4619.72 2.06296e-16
4621.18 2.04524e-16
4622.64 2.06003e-16
4624.1 2.0779e-16
4625.56 2.01477e-16
4627.02 1.92676e-16
4628.48 1.80819e-16
4629.94 1.69517e-16
4631.4 1.73082e-16
4632.86 1.90581e-16
4634.32 2.00665e-16
4635.78 1.98639e-16
4637.24 1.83954e-16
4638.7 1.80578e-16
4640.16 1.79792e-16
4641.62 1.81644e-16
4643.08 1.90179e-16
4644.54 1.98936e-16
4646 1.97374e-16
4647.46 1.89646e-16
4648.92 1.87978e-16
4650.38 1.99136e-16
4651.84 2.01573e-16
4653.3 1.95668e-16
4654.76 1.86398e-16
4656.22 1.86815e-16
4657.68 1.92846e-16
4659.14 2.01116e-16
4660.6 2.07076e-16
4662.06 2.03018e-16
4663.52 2.00603e-16
4664.98 1.97468e-16
4666.44 1.89742e-16
4667.89 1.9113e-16
4669.35 1.95006e-16
4670.81 1.9507e-16
4672.27 1.84096e-16
4673.73 1.82655e-16
4675.19 1.84488e-16
4676.65 1.87458e-16
4678.11 1.89416e-16
4679.57 1.85221e-16
4681.03 1.83279e-16
4682.49 1.81021e-16
4683.95 1.76572e-16
4685.41 1.77199e-16
4686.87 1.80049e-16
4688.33 1.85388e-16
4689.79 1.92981e-16
4691.25 1.95303e-16
4692.71 1.82873e-16
4694.17 1.72833e-16
4695.63 1.7406e-16
4697.09 1.73016e-16
4698.55 1.76879e-16
4700.01 1.80226e-16
4701.47 1.80622e-16
4702.93 1.80357e-16
4704.39 1.80702e-16
4705.85 1.79646e-16
4707.31 1.76866e-16
4708.77 1.75821e-16
4710.23 1.73376e-16
4711.69 1.70014e-16
4713.15 1.66787e-16
4714.61 1.68051e-16
4716.07 1.70788e-16
4717.53 1.78595e-16
4718.99 1.86763e-16
4720.45 1.72032e-16
4721.91 1.67673e-16
4723.37 1.59663e-16
4724.83 1.49481e-16
4726.29 1.53051e-16
4727.75 1.61892e-16
4729.21 1.65293e-16
4730.67 1.63484e-16
4732.13 1.62638e-16
4733.59 1.63591e-16
4735.04 1.58809e-16
4736.5 1.53895e-16
4737.96 1.6535e-16
4739.42 1.76725e-16
4740.88 1.76241e-16
4742.34 1.67644e-16
4743.8 1.61739e-16
4745.26 1.6705e-16
4746.72 1.7293e-16
4748.18 1.75721e-16
4749.64 1.70841e-16
4751.1 1.65144e-16
4752.56 1.65387e-16
4754.02 1.66883e-16
4755.48 1.6225e-16
4756.94 1.66117e-16
4758.4 1.64701e-16
4759.86 1.60295e-16
4761.32 1.56322e-16
4762.78 1.55462e-16
4764.24 1.54493e-16
4765.7 1.56827e-16
4767.16 1.65869e-16
4768.62 1.76361e-16
4770.08 1.73448e-16
4771.54 1.66142e-16
4773 1.62494e-16
4774.46 1.62231e-16
4775.92 1.63066e-16
4777.38 1.61438e-16
4778.84 1.55342e-16
4780.3 1.56456e-16
4781.76 1.58079e-16
4783.22 1.58938e-16
4784.68 1.58234e-16
4786.14 1.55997e-16
4787.6 1.56664e-16
4789.06 1.61801e-16
4790.52 1.70906e-16
4791.98 1.71622e-16
4793.44 1.68026e-16
4794.9 1.61351e-16
4796.36 1.53258e-16
4797.82 1.51607e-16
4799.28 1.49585e-16
4800.73 1.49945e-16
4802.19 1.52151e-16
4803.65 1.47357e-16
4805.11 1.47192e-16
4806.57 1.46922e-16
4808.03 1.44955e-16
4809.49 1.41086e-16
4810.95 1.42626e-16
4812.41 1.45561e-16
4813.87 1.47743e-16
4815.33 1.44939e-16
4816.79 1.41045e-16
4818.25 1.45722e-16
4819.71 1.5383e-16
4821.17 1.43217e-16
4822.63 1.37383e-16
4824.09 1.45247e-16
4825.55 1.60583e-16
4827.01 1.63315e-16
4828.47 1.5536e-16
4829.93 1.51549e-16
4831.39 1.4945e-16
4832.85 1.39272e-16
4834.31 1.41826e-16
4835.77 1.38618e-16
4837.23 1.32197e-16
4838.69 1.3054e-16
4840.15 1.39716e-16
4841.61 1.45433e-16
4843.07 1.46939e-16
4844.53 1.44638e-16
4845.99 1.42354e-16
4847.45 1.40072e-16
4848.91 1.3779e-16
4850.37 1.35503e-16
4851.83 1.33231e-16
4853.29 1.30956e-16
4854.75 1.28683e-16
4856.21 1.26421e-16
4857.67 1.24163e-16
4859.13 1.21901e-16
4860.59 1.19641e-16
4862.05 1.17393e-16
4863.51 1.15137e-16
4864.97 1.12892e-16
4866.43 1.10654e-16
4867.88 1.08434e-16
4869.34 1.06192e-16
4870.8 1.03961e-16
4872.26 1.01736e-16
4873.72 9.95128e-17
4875.18 9.72836e-17
4876.64 9.50665e-17
4878.1 9.28505e-17
4879.56 9.12215e-17
4881.02 9.62013e-17
4882.48 1.03692e-16
4883.94 1.07044e-16
4885.4 1.03405e-16
4886.86 9.74079e-17
4888.32 1.02573e-16
4889.78 1.05047e-16
4891.24 1.01366e-16
4892.7 1.05217e-16
4894.16 1.06527e-16
4895.62 1.09113e-16
4897.08 1.12545e-16
4898.54 1.08162e-16
4900 1.11374e-16
4901.46 1.16316e-16
4902.92 1.20252e-16
4904.38 1.1865e-16
4905.84 1.1963e-16
4907.3 1.24255e-16
4908.76 1.3079e-16
4910.22 1.32763e-16
4911.68 1.33448e-16
4913.14 1.35361e-16
4914.6 1.41746e-16
4916.06 1.60086e-16
4917.52 1.51367e-16
4918.98 1.49554e-16
4920.44 1.55958e-16
4921.9 1.61747e-16
4923.36 1.61463e-16
4924.82 1.67511e-16
4926.28 1.76509e-16
4927.74 1.79449e-16
4929.2 1.80627e-16
4930.66 1.79926e-16
4932.12 1.78564e-16
4933.57 1.7848e-16
4935.03 1.78154e-16
4936.49 1.79003e-16
4937.95 1.81185e-16
4939.41 1.84836e-16
4940.87 1.87003e-16
4942.33 1.89123e-16
4943.79 1.9124e-16
4945.25 1.93346e-16
4946.71 1.95447e-16
4948.17 1.97553e-16
4949.63 1.99655e-16
4951.09 2.01748e-16
4952.55 2.03846e-16
4954.01 2.05934e-16
4955.47 2.08016e-16
4956.93 2.10095e-16
4958.39 2.12181e-16
4959.85 2.14255e-16
4961.31 2.16323e-16
4962.77 2.18388e-16
4964.23 2.2046e-16
4965.69 2.2252e-16
4967.15 2.24579e-16
4968.61 2.2664e-16
4970.07 2.28688e-16
4971.53 2.30732e-16
4972.99 2.32777e-16
4974.45 2.34825e-16
4975.91 2.36859e-16
4977.37 2.38898e-16
4978.83 2.43623e-16
4980.29 2.50618e-16
4981.75 2.49438e-16
4983.21 2.49279e-16
4984.67 2.46604e-16
4986.13 2.4173e-16
4987.59 2.4317e-16
4989.05 2.41656e-16
4990.51 2.39474e-16
4991.97 2.37293e-16
4993.43 2.35107e-16
4994.89 2.32933e-16
4996.35 2.30759e-16
4997.81 2.28584e-16
4999.26 2.26436e-16
5000.72 2.24277e-16
5002.18 2.22116e-16
5003.64 2.19954e-16
5005.1 2.17804e-16
5006.56 2.15658e-16
5008.02 2.13508e-16
5009.48 2.1136e-16
5010.94 2.09223e-16
5012.4 2.07081e-16
5013.86 2.04946e-16
5015.32 2.02818e-16
5016.78 2.00693e-16
5018.24 1.98563e-16
5019.7 1.96441e-16
5021.16 1.94324e-16
5022.62 1.92201e-16
5024.08 1.90093e-16
5025.54 1.87988e-16
5027 1.87855e-16
5028.46 1.92767e-16
5029.92 1.93881e-16
5031.38 1.86642e-16
5032.84 1.77274e-16
5034.3 1.73914e-16
5035.76 1.6917e-16
5037.22 1.65934e-16
5038.68 1.63363e-16
5040.14 1.60468e-16
5041.6 1.59334e-16
5043.06 1.52986e-16
5044.52 1.47407e-16
5045.98 1.48107e-16
5047.44 1.53016e-16
5048.9 1.56427e-16
5050.36 1.52335e-16
5051.82 1.37088e-16
5053.28 1.34151e-16
5054.74 1.37087e-16
5056.2 1.42423e-16
5057.66 1.47499e-16
5059.12 1.46789e-16
5060.58 1.37677e-16
5062.04 1.32853e-16
5063.5 1.37505e-16
5064.96 1.32888e-16
5066.41 1.26845e-16
5067.87 1.25816e-16
5069.33 1.31288e-16
5070.79 1.29978e-16
5072.25 1.28714e-16
5073.71 1.31967e-16
5075.17 1.39617e-16
5076.63 1.3973e-16
5078.09 1.38492e-16
5079.55 1.40101e-16
5081.01 1.45645e-16
5082.47 1.53477e-16
5083.93 1.55941e-16
5085.39 1.52189e-16
5086.85 1.45616e-16
5088.31 1.51091e-16
5089.77 1.55535e-16
5091.23 1.5572e-16
5092.69 1.54167e-16
5094.15 1.61515e-16
5095.61 1.61507e-16
5097.07 1.61894e-16
5098.53 1.64573e-16
5099.99 1.70695e-16
5101.45 1.70178e-16
5102.91 1.67857e-16
5104.37 1.66305e-16
5105.83 1.69674e-16
5107.29 1.796e-16
5108.75 1.83472e-16
5110.21 1.80153e-16
5111.67 1.69916e-16
5113.13 1.68256e-16
5114.59 1.74677e-16
5116.05 1.82702e-16
5117.51 1.81969e-16
5118.97 1.81795e-16
5120.43 1.78818e-16
5121.89 1.78303e-16
5123.35 1.87786e-16
5124.81 1.82959e-16
5126.27 1.79709e-16
5127.73 1.79749e-16
5129.19 1.84409e-16
5130.65 1.80439e-16
5132.11 1.81562e-16
5133.57 1.85421e-16
5135.03 1.89343e-16
5136.48 1.79558e-16
5137.94 1.85084e-16
5139.4 1.97258e-16
5140.86 2.0827e-16
5142.32 2.05429e-16
5143.78 1.96656e-16
5145.24 1.88636e-16
5146.7 1.86162e-16
5148.16 1.87211e-16
5149.62 1.91716e-16
5151.08 1.95663e-16
5152.54 1.96781e-16
5154 1.97876e-16
5155.46 1.95936e-16
5156.92 1.92946e-16
5158.38 1.90695e-16
5159.84 1.95655e-16
5161.3 1.99887e-16
5162.76 2.04225e-16
5164.22 2.06774e-16
5165.68 1.92658e-16
5167.14 1.94319e-16
5168.6 2.00802e-16
5170.06 2.07713e-16
5171.52 2.13216e-16
5172.98 2.13551e-16
5174.44 2.1138e-16
5175.9 2.08254e-16
5177.36 2.07552e-16
5178.82 1.97333e-16
5180.28 1.90804e-16
5181.74 1.90856e-16
5183.2 1.96059e-16
5184.66 1.98867e-16
5186.12 2.00762e-16
5187.58 2.01017e-16
5189.04 1.96697e-16
5190.5 1.9509e-16
5191.96 1.90616e-16
5193.42 1.85983e-16
5194.88 1.89732e-16
5196.34 1.89224e-16
5197.8 1.90669e-16
5199.26 1.9351e-16
5200.72 1.9511e-16
5202.17 1.95263e-16
5203.63 1.93941e-16
5205.09 1.90608e-16
5206.55 1.84257e-16
5208.01 1.84483e-16
5209.47 1.93442e-16
5210.93 2.05481e-16
5212.39 2.11791e-16
5213.85 2.09027e-16
5215.31 2.06899e-16
5216.77 2.02714e-16
5218.23 1.92562e-16
5219.69 1.93192e-16
5221.15 1.96423e-16
5222.61 1.98793e-16
5224.07 1.968e-16
5225.53 1.95095e-16
5226.99 1.90807e-16
5228.45 1.90201e-16
5229.91 1.98734e-16
5231.37 2.06995e-16
5232.83 2.04664e-16
5234.29 1.9996e-16
5235.75 1.98936e-16
5237.21 1.96649e-16
5238.67 1.93012e-16
5240.13 1.93373e-16
5241.59 2.00026e-16
5243.05 1.96159e-16
5244.51 1.94563e-16
5245.97 1.99875e-16
5247.43 2.11888e-16
5248.89 2.05368e-16
5250.35 1.96086e-16
5251.81 1.94022e-16
5253.27 2.02353e-16
5254.73 2.10942e-16
5256.19 2.11596e-16
5257.65 2.07598e-16
5259.11 2.01709e-16
5260.57 2.02281e-16
5262.03 2.07068e-16
5263.49 2.0822e-16
5264.95 2.04888e-16
5266.41 2.04659e-16
5267.87 2.12847e-16
5269.32 2.21892e-16
5270.78 2.27842e-16
5272.24 2.22531e-16
5273.7 2.10809e-16
5275.16 2.10305e-16
5276.62 2.18142e-16
5278.08 2.11582e-16
5279.54 2.11362e-16
5281 2.14046e-16
5282.46 2.1922e-16
5283.92 2.2766e-16
5285.38 2.31486e-16
5286.84 2.27016e-16
5288.3 2.19469e-16
5289.76 2.21549e-16
5291.22 2.25641e-16
5292.68 2.25902e-16
5294.14 2.23669e-16
5295.6 2.2264e-16
5297.06 2.22116e-16
5298.52 2.20535e-16
5299.98 2.22167e-16
5301.44 2.3423e-16
5302.9 2.33004e-16
5304.36 2.28376e-16
5305.82 2.22459e-16
5307.28 2.17385e-16
5308.74 2.17644e-16
5310.2 2.20561e-16
5311.66 2.21784e-16
5313.12 2.16517e-16
5314.58 2.20452e-16
5316.04 2.2522e-16
5317.5 2.322e-16
5318.96 2.425e-16
5320.42 2.38287e-16
5321.88 2.36267e-16
5323.34 2.35783e-16
5324.8 2.36302e-16
5326.26 2.37316e-16
5327.72 2.32949e-16
5329.18 2.2889e-16
5330.64 2.29382e-16
5332.1 2.38428e-16
5333.56 2.40724e-16
5335.01 2.39854e-16
5336.47 2.37678e-16
5337.93 2.32668e-16
5339.39 2.3141e-16
5340.85 2.32256e-16
5342.31 2.3435e-16
5343.77 2.37597e-16
5345.23 2.41176e-16
5346.69 2.40602e-16
5348.15 2.36118e-16
5349.61 2.4221e-16
5351.07 2.42316e-16
5352.53 2.36795e-16
5353.99 2.27752e-16
5355.45 2.25987e-16
5356.91 2.28217e-16
5358.37 2.31396e-16
5359.83 2.3448e-16
5361.29 2.3685e-16
5362.75 2.33747e-16
5364.21 2.30032e-16
5365.67 2.27929e-16
5367.13 2.30938e-16
5368.59 2.45865e-16
5370.05 2.54933e-16
5371.51 2.55868e-16
5372.97 2.51856e-16
5374.43 2.42374e-16
5375.89 2.38543e-16
5377.35 2.42025e-16
5378.81 2.5291e-16
5380.27 2.47769e-16
5381.73 2.43583e-16
5383.19 2.42962e-16
5384.65 2.46938e-16
5386.11 2.34323e-16
5387.57 2.26783e-16
5389.03 2.27565e-16
5390.49 2.3922e-16
5391.95 2.46177e-16
5393.41 2.49347e-16
5394.87 2.49502e-16
5396.33 2.47675e-16
5397.79 2.31825e-16
5399.25 2.17832e-16
5400.7 2.11691e-16
5402.16 2.19879e-16
5403.62 2.28591e-16
5405.08 2.41987e-16
5406.54 2.54271e-16
5408 2.59319e-16
5409.46 2.55355e-16
5410.92 2.51891e-16
5412.38 2.45951e-16
5413.84 2.34937e-16
5415.3 2.23165e-16
5416.76 2.27264e-16
5418.22 2.38271e-16
5419.68 2.48178e-16
5421.14 2.34162e-16
5422.6 2.279e-16
5424.06 2.28748e-16
5425.52 2.35284e-16
5426.98 2.32464e-16
5428.44 2.34367e-16
5429.9 2.33468e-16
5431.36 2.26666e-16
5432.82 2.23132e-16
5434.28 2.32193e-16
5435.74 2.31992e-16
5437.2 2.16915e-16
5438.66 2.18722e-16
5440.12 2.2721e-16
5441.58 2.33305e-16
5443.04 2.33801e-16
5444.5 2.29927e-16
5445.96 2.3224e-16
5447.42 2.3704e-16
5448.88 2.41523e-16
5450.34 2.38409e-16
5451.8 2.33883e-16
5453.26 2.3536e-16
5454.72 2.42565e-16
5456.18 2.47156e-16
5457.64 2.4795e-16
5459.1 2.50818e-16
5460.56 2.55778e-16
5462.02 2.59244e-16
5463.48 2.6296e-16
5464.94 2.67204e-16
5466.4 2.71261e-16
5467.85 2.73199e-16
5469.31 2.78184e-16
5470.77 2.83358e-16
5472.23 2.86627e-16
5473.69 2.84159e-16
5475.15 2.88761e-16
5476.61 2.86538e-16
5478.07 2.81674e-16
5479.53 2.84911e-16
5480.99 2.87274e-16
5482.45 2.86083e-16
5483.91 2.84271e-16
5485.37 2.86758e-16
5486.83 2.90644e-16
5488.29 2.91274e-16
5489.75 2.91612e-16
5491.21 2.95935e-16
5492.67 3.04236e-16
5494.13 3.03922e-16
5495.59 2.96482e-16
5497.05 2.83896e-16
5498.51 2.9337e-16
5499.97 3.00223e-16
5501.43 3.04621e-16
5502.89 3.06775e-16
5504.35 3.02348e-16
5505.81 3.14699e-16
5507.27 3.25813e-16
5508.73 3.21343e-16
5510.19 3.09952e-16
5511.65 3.06017e-16
5513.11 3.09476e-16
5514.57 3.19444e-16
5516.03 3.21275e-16
5517.49 3.13913e-16
5518.95 3.0828e-16
5520.41 3.10396e-16
5521.87 3.17725e-16
5523.33 3.20888e-16
5524.79 3.18831e-16
5526.25 3.11702e-16
5527.71 3.0464e-16
5529.17 3.05067e-16
5530.63 3.10148e-16
5532.09 3.15441e-16
5533.54 3.00359e-16
5535 2.90167e-16
5536.46 2.8642e-16
5537.92 2.89369e-16
5539.38 2.96994e-16
5540.84 3.02017e-16
5542.3 2.97894e-16
5543.76 2.83946e-16
5545.22 2.65986e-16
5546.68 2.67664e-16
5548.14 2.65094e-16
5549.6 2.57712e-16
5551.06 2.62969e-16
5552.52 2.63009e-16
5553.98 2.56296e-16
5555.44 2.47121e-16
5556.9 2.48243e-16
5558.36 2.46651e-16
5559.82 2.41298e-16
5561.28 2.35368e-16
5562.74 2.36747e-16
5564.2 2.38352e-16
5565.66 2.38249e-16
5567.12 2.37051e-16
5568.58 2.36413e-16
5570.04 2.26004e-16
5571.5 2.25808e-16
5572.96 2.3061e-16
5574.42 2.28873e-16
5575.88 2.32148e-16
5577.34 2.34526e-16
5578.8 2.32167e-16
5580.26 2.20235e-16
5581.72 2.19412e-16
5583.18 2.27048e-16
5584.64 2.33929e-16
5586.1 2.2947e-16
5587.56 2.27009e-16
5589.02 2.26534e-16
5590.48 2.25417e-16
5591.94 2.20996e-16
5593.4 2.11006e-16
5594.86 2.14555e-16
5596.32 2.17978e-16
5597.78 2.10232e-16
5599.24 2.11462e-16
5600.7 2.1279e-16
5602.16 2.14645e-16
5603.61 2.17306e-16
5605.07 2.2042e-16
5606.53 2.20787e-16
5607.99 2.17852e-16
5609.45 2.11876e-16
5610.91 2.10533e-16
5612.37 2.11322e-16
5613.83 2.11321e-16
5615.29 2.09797e-16
5616.75 2.14665e-16
5618.21 2.11254e-16
5619.67 2.06513e-16
5621.13 2.03948e-16
5622.59 2.06762e-16
5624.05 2.10095e-16
5625.51 2.08397e-16
5626.97 2.02322e-16
5628.43 2.07057e-16
5629.89 2.09435e-16
5631.35 2.09315e-16
5632.81 2.07536e-16
5634.27 2.08136e-16
5635.73 2.05396e-16
5637.19 2.03249e-16
5638.65 2.01802e-16
5640.11 1.97664e-16
5641.57 1.99657e-16
5643.03 2.022e-16
5644.49 2.04155e-16
5645.95 2.05691e-16
5647.41 2.00693e-16
5648.87 2.01865e-16
5650.33 2.0889e-16
5651.79 2.15749e-16
5653.25 2.05634e-16
5654.71 1.93693e-16
5656.17 1.85888e-16
5657.63 1.90909e-16
5659.09 1.91363e-16
5660.55 1.86711e-16
5662.01 1.82284e-16
5663.47 1.87469e-16
5664.93 1.85765e-16
5666.39 1.81402e-16
5667.85 1.76798e-16
5669.31 1.751e-16
5670.76 1.75144e-16
5672.22 1.74303e-16
5673.68 1.73637e-16
5675.14 1.74683e-16
5676.6 1.61667e-16
5678.06 1.56987e-16
5679.52 1.56109e-16
5680.98 1.53363e-16
5682.44 1.4544e-16
5683.9 1.40503e-16
5685.36 1.38043e-16
5686.82 1.37471e-16
5688.28 1.35645e-16
5689.74 1.28661e-16
5691.2 1.22551e-16
5692.66 1.22043e-16
5694.12 1.22256e-16
5695.58 1.22394e-16
5697.04 1.17981e-16
5698.5 1.06801e-16
5699.96 1.00031e-16
5701.42 1.0305e-16
5702.88 1.03981e-16
5704.34 9.689e-17
5705.8 9.07555e-17
5707.26 8.66099e-17
5708.72 8.2188e-17
5710.18 7.76252e-17
5711.64 8.22282e-17
5713.1 8.42783e-17
5714.56 8.61609e-17
5716.02 8.72142e-17
5717.48 7.82749e-17
5718.94 6.87727e-17
5720.4 6.86075e-17
5721.86 7.70615e-17
5723.32 7.44907e-17
5724.78 7.29585e-17
5726.24 7.44223e-17
5727.7 7.75469e-17
5729.16 7.49244e-17
5730.62 7.55238e-17
5732.08 7.61469e-17
5733.54 7.57855e-17
5735 7.3522e-17
5736.45 7.21859e-17
5737.91 7.43475e-17
5739.37 7.95545e-17
5740.83 8.52117e-17
5742.29 8.75312e-17
5743.75 8.66943e-17
5745.21 8.43334e-17
5746.67 8.42191e-17
5748.13 8.38345e-17
5749.59 8.92186e-17
5751.05 9.59109e-17
5752.51 9.38509e-17
5753.97 9.22131e-17
5755.43 9.0696e-17
5756.89 9.01487e-17
5758.35 9.20165e-17
5759.81 1.03095e-16
5761.27 1.08829e-16
5762.73 1.11779e-16
5764.19 1.16575e-16
5765.65 1.11336e-16
5767.11 1.08725e-16
5768.57 1.11037e-16
5770.03 1.20465e-16
5771.49 1.22776e-16
5772.95 1.19808e-16
5774.41 1.18171e-16
5775.87 1.24303e-16
5777.33 1.26929e-16
5778.79 1.32391e-16
5780.25 1.37878e-16
5781.71 1.41091e-16
5783.17 1.45315e-16
5784.63 1.58298e-16
5786.09 1.66564e-16
5787.55 1.61828e-16
5789.01 1.64966e-16
5790.47 1.72685e-16
5791.93 1.78784e-16
5793.39 1.7982e-16
5794.85 1.79314e-16
5796.31 1.81024e-16
5797.77 1.83205e-16
5799.23 1.85843e-16
5800.69 1.96036e-16
5802.14 2.11451e-16
5803.6 2.17378e-16
5805.06 2.0994e-16
5806.52 2.10128e-16
5807.98 2.09519e-16
5809.44 2.12266e-16
5810.9 2.17964e-16
5812.36 2.1573e-16
5813.82 2.1073e-16
5815.28 2.10336e-16
5816.74 2.15905e-16
5818.2 2.22805e-16
5819.66 2.26656e-16
5821.12 2.30377e-16
5822.58 2.31381e-16
5824.04 2.17587e-16
5825.5 2.13887e-16
5826.96 2.1749e-16
5828.42 2.25828e-16
5829.88 2.33339e-16
5831.34 2.25292e-16
5832.8 2.20268e-16
5834.26 2.22091e-16
5835.72 2.3299e-16
5837.18 2.29409e-16
5838.64 2.27326e-16
5840.1 2.30234e-16
5841.56 2.41069e-16
5843.02 2.40375e-16
5844.48 2.40341e-16
5845.94 2.39921e-16
5847.4 2.35201e-16
5848.86 2.36061e-16
5850.32 2.39631e-16
5851.78 2.40457e-16
5853.24 2.30773e-16
5854.7 2.28438e-16
5856.16 2.29596e-16
5857.62 2.33382e-16
5859.08 2.39003e-16
5860.54 2.36398e-16
5862 2.39183e-16
5863.46 2.41158e-16
5864.92 2.35625e-16
5866.38 2.39526e-16
5867.84 2.44271e-16
5869.29 2.48912e-16
5870.75 2.52298e-16
5872.21 2.37272e-16
5873.67 2.38289e-16
5875.13 2.44744e-16
5876.59 2.47958e-16
5878.05 2.43503e-16
5879.51 2.52402e-16
5880.97 2.60784e-16
5882.43 2.59789e-16
5883.89 2.5653e-16
5885.35 2.50829e-16
5886.81 2.44396e-16
5888.27 2.37819e-16
5889.73 2.27611e-16
5891.19 2.25844e-16
5892.65 2.32655e-16
5894.11 2.47475e-16
5895.57 2.64169e-16
5897.03 2.6251e-16
5898.49 2.57211e-16
5899.95 2.54578e-16
5901.41 2.5751e-16
5902.87 2.62675e-16
5904.33 2.64801e-16
5905.79 2.63621e-16
5907.25 2.66394e-16
5908.71 2.58292e-16
5910.17 2.56206e-16
5911.63 2.60516e-16
5913.09 2.55263e-16
5914.55 2.55602e-16
5916.01 2.55218e-16
5917.47 2.52107e-16
5918.93 2.44377e-16
5920.39 2.41531e-16
5921.85 2.45641e-16
5923.31 2.5107e-16
5924.77 2.41813e-16
5926.23 2.42484e-16
5927.69 2.52793e-16
5929.15 2.6283e-16
5930.61 2.51169e-16
5932.07 2.4557e-16
5933.53 2.42834e-16
5934.98 2.41495e-16
5936.44 2.39441e-16
5937.9 2.45485e-16
5939.36 2.52177e-16
5940.82 2.54172e-16
5942.28 2.43744e-16
5943.74 2.41611e-16
5945.2 2.39942e-16
5946.66 2.3864e-16
5948.12 2.38239e-16
5949.58 2.49157e-16
5951.04 2.47912e-16
5952.5 2.41866e-16
5953.96 2.40496e-16
5955.42 2.39688e-16
5956.88 2.40925e-16
5958.34 2.42726e-16
5959.8 2.43602e-16
5961.26 2.44235e-16
5962.72 2.4208e-16
5964.18 2.3806e-16
5965.64 2.33398e-16
5967.1 2.39436e-16
5968.56 2.31833e-16
5970.02 2.24712e-16
5971.48 2.27618e-16
5972.94 2.32235e-16
5974.4 2.27623e-16
5975.86 2.23826e-16
5977.32 2.26628e-16
5978.78 2.32637e-16
5980.24 2.35572e-16
5981.7 2.35854e-16
5983.16 2.32775e-16
5984.62 2.19045e-16
5986.08 2.15459e-16
5987.54 2.13389e-16
5989 2.10111e-16
5990.46 2.11071e-16
5991.92 2.14178e-16
5993.38 2.13957e-16
5994.84 2.09148e-16
5996.3 2.03559e-16
5997.76 2.04865e-16
5999.22 2.04637e-16
6000.68 2.02573e-16
6002.13 2.07329e-16
6003.59 2.0594e-16
6005.05 1.99952e-16
6006.51 1.91775e-16
6007.97 1.8842e-16
6009.43 1.91021e-16
6010.89 1.93391e-16
6012.35 1.93935e-16
6013.81 1.91572e-16
6015.27 1.90782e-16
6016.73 1.89163e-16
6018.19 1.87854e-16
6019.65 1.90742e-16
6021.11 1.94192e-16
6022.57 1.94699e-16
6024.03 1.92266e-16
6025.49 1.87824e-16
6026.95 1.81204e-16
6028.41 1.77925e-16
6029.87 1.77496e-16
6031.33 1.78114e-16
6032.79 1.83506e-16
6034.25 1.8669e-16
6035.71 1.86324e-16
6037.17 1.81055e-16
6038.63 1.7926e-16
6040.09 1.77093e-16
6041.55 1.74063e-16
6043.01 1.69761e-16
6044.47 1.70104e-16
6045.93 1.70564e-16
6047.39 1.70726e-16
6048.85 1.70296e-16
6050.31 1.79791e-16
6051.77 1.80124e-16
6053.23 1.76445e-16
6054.69 1.73479e-16
6056.15 1.7417e-16
6057.61 1.78219e-16
6059.07 1.81626e-16
6060.53 1.81228e-16
6061.99 1.73955e-16
6063.45 1.69342e-16
6064.91 1.70281e-16
6066.37 1.77342e-16
6067.83 1.74533e-16
6069.29 1.78062e-16
6070.74 1.83493e-16
6072.2 1.87984e-16
6073.66 1.84935e-16
6075.12 1.80262e-16
6076.58 1.75208e-16
6078.04 1.70619e-16
6079.5 1.6843e-16
6080.96 1.73015e-16
6082.42 1.75074e-16
6083.88 1.73032e-16
6085.34 1.79448e-16
6086.8 1.78584e-16
6088.26 1.77918e-16
6089.72 1.77714e-16
6091.18 1.67868e-16
6092.64 1.69368e-16
6094.1 1.74746e-16
6095.56 1.80907e-16
6097.02 1.83996e-16
6098.48 1.77897e-16
6099.94 1.7174e-16
6101.4 1.68539e-16
6102.86 1.71694e-16
6104.32 1.70416e-16
6105.78 1.66623e-16
6107.24 1.61104e-16
6108.7 1.55004e-16
6110.16 1.56575e-16
6111.62 1.58998e-16
6113.08 1.62127e-16
6114.54 1.67731e-16
6116 1.69565e-16
6117.46 1.73437e-16
6118.92 1.75517e-16
6120.38 1.67594e-16
6121.84 1.61758e-16
6123.3 1.597e-16
6124.76 1.58951e-16
6126.22 1.55609e-16
6127.68 1.57343e-16
6129.14 1.60779e-16
6130.6 1.65126e-16
6132.06 1.69619e-16
6133.52 1.59652e-16
6134.98 1.57866e-16
6136.44 1.62064e-16
6137.89 1.69223e-16
6139.35 1.69456e-16
6140.81 1.67113e-16
6142.27 1.65221e-16
6143.73 1.66701e-16
6145.19 1.71926e-16
6146.65 1.73214e-16
6148.11 1.73767e-16
6149.57 1.76085e-16
6151.03 1.74908e-16
6152.49 1.70538e-16
6153.95 1.64432e-16
6155.41 1.58733e-16
6156.87 1.71249e-16
6158.33 1.75301e-16
6159.79 1.77173e-16
6161.25 1.79978e-16
6162.71 1.77822e-16
6164.17 1.76766e-16
6165.63 1.7664e-16
6167.09 1.76579e-16
6168.55 1.70343e-16
6170.01 1.76417e-16
6171.47 1.82766e-16
6172.93 1.8463e-16
6174.39 1.84004e-16
6175.85 1.81861e-16
6177.31 1.82179e-16
6178.77 1.86331e-16
6180.23 1.94343e-16
6181.69 1.93922e-16
6183.15 1.90849e-16
6184.61 1.87906e-16
6186.07 1.89484e-16
6187.53 1.91742e-16
6188.99 1.91927e-16
6190.45 1.91898e-16
6191.91 2.00115e-16
6193.37 2.01718e-16
6194.83 2.01333e-16
6196.29 2.0198e-16
6197.75 2.09775e-16
6199.21 2.11178e-16
6200.67 2.07221e-16
6202.13 2.03426e-16
6203.58 2.12043e-16
6205.04 2.19125e-16
6206.5 2.1909e-16
6207.96 2.14183e-16
6209.42 2.10479e-16
6210.88 2.21568e-16
6212.34 2.35665e-16
6213.8 2.47061e-16
6215.26 2.47912e-16
6216.72 2.40942e-16
6218.18 2.39006e-16
6219.64 2.4389e-16
6221.1 2.57109e-16
6222.56 2.58427e-16
6224.02 2.61486e-16
6225.48 2.64134e-16
6226.94 2.6309e-16
6228.4 2.68843e-16
6229.86 2.68812e-16
6231.32 2.6365e-16
6232.78 2.54484e-16
6234.24 2.59049e-16
6235.7 2.63947e-16
6237.16 2.71066e-16
6238.62 2.8156e-16
6240.08 2.79403e-16
6241.54 2.76645e-16
6243 2.73977e-16
6244.46 2.7193e-16
6245.92 2.70741e-16
6247.38 2.66975e-16
6248.84 2.66567e-16
6250.3 2.71838e-16
6251.76 2.64987e-16
6253.22 2.58147e-16
6254.68 2.58184e-16
6256.14 2.67539e-16
6257.6 2.74449e-16
6259.06 2.66296e-16
6260.52 2.54998e-16
6261.98 2.46933e-16
6263.44 2.4953e-16
6264.9 2.48274e-16
6266.36 2.50838e-16
6267.82 2.58386e-16
6269.28 2.62231e-16
6270.73 2.61161e-16
6272.19 2.56316e-16
6273.65 2.49193e-16
6275.11 2.45084e-16
6276.57 2.45846e-16
6278.03 2.45842e-16
6279.49 2.44747e-16
6280.95 2.46954e-16
6282.41 2.41961e-16
6283.87 2.34285e-16
6285.33 2.29278e-16
6286.79 2.40967e-16
6288.25 2.45238e-16
6289.71 2.44004e-16
6291.17 2.4201e-16
6292.63 2.50593e-16
6294.09 2.5754e-16
6295.55 2.59349e-16
6297.01 2.58754e-16
6298.47 2.62752e-16
6299.93 2.59113e-16
6301.39 2.56621e-16
6302.85 2.54422e-16
6304.31 2.49304e-16
6305.77 2.45269e-16
6307.23 2.45452e-16
6308.69 2.47456e-16
6310.15 2.47339e-16
6311.61 2.40806e-16
6313.07 2.34711e-16
6314.53 2.28972e-16
6315.99 2.23084e-16
6317.45 2.23043e-16
6318.91 2.22242e-16
6320.37 2.21583e-16
6321.83 2.22221e-16
6323.29 2.1702e-16
6324.75 2.16876e-16
6326.21 2.20135e-16
6327.67 2.24996e-16
6329.13 2.24056e-16
6330.59 2.21421e-16
6332.05 2.18238e-16
6333.51 2.15347e-16
6334.97 2.11089e-16
6336.42 2.12224e-16
6337.88 2.18947e-16
6339.34 2.30265e-16
6340.8 2.25178e-16
6342.26 2.14854e-16
6343.72 2.07482e-16
6345.18 2.07825e-16
6346.64 2.14275e-16
6348.1 2.15769e-16
6349.56 2.15106e-16
6351.02 2.13876e-16
6352.48 2.14028e-16
6353.94 2.07242e-16
6355.4 1.97979e-16
6356.86 1.9119e-16
6358.32 2.05884e-16
6359.78 2.09674e-16
6361.24 2.06783e-16
6362.7 2.00775e-16
6364.16 2.01853e-16
6365.62 2.01083e-16
6367.08 1.99553e-16
6368.54 1.9867e-16
6370 2.02846e-16
6371.46 2.04916e-16
6372.92 2.07145e-16
6374.38 2.08231e-16
6375.84 2.01975e-16
6377.3 1.94858e-16
6378.76 1.92649e-16
6380.22 1.93582e-16
6381.68 1.89864e-16
6383.14 1.93699e-16
6384.6 1.95486e-16
6386.06 1.93222e-16
6387.52 1.8566e-16
6388.98 1.8469e-16
6390.44 1.86435e-16
6391.9 1.90429e-16
6393.36 1.96787e-16
6394.82 1.96993e-16
6396.28 1.93359e-16
6397.74 1.89892e-16
6399.2 1.92695e-16
6400.66 1.98546e-16
6402.12 1.97677e-16
6403.57 1.9224e-16
6405.03 1.85655e-16
6406.49 1.85843e-16
6407.95 1.89884e-16
6409.41 1.93812e-16
6410.87 1.92863e-16
6412.33 1.82718e-16
6413.79 1.82889e-16
6415.25 1.90042e-16
6416.71 2.00134e-16
6418.17 1.93991e-16
6419.63 1.8958e-16
6421.09 1.89071e-16
6422.55 1.94049e-16
6424.01 1.96143e-16
6425.47 1.92584e-16
6426.93 1.89548e-16
6428.39 1.91329e-16
6429.85 1.93969e-16
6431.31 1.93484e-16
6432.77 1.93056e-16
6434.23 1.9471e-16
6435.69 1.9891e-16
6437.15 1.96221e-16
6438.61 1.96348e-16
6440.07 2.03357e-16
6441.53 2.07541e-16
6442.99 2.09815e-16
6444.45 2.07885e-16
6445.91 2.01733e-16
6447.37 1.97826e-16
6448.83 2.01851e-16
6450.29 2.03795e-16
6451.75 2.01183e-16
6453.21 2.00367e-16
6454.67 1.97141e-16
6456.13 1.9211e-16
6457.59 1.88263e-16
6459.05 1.97707e-16
6460.51 1.95924e-16
6461.97 1.90154e-16
6463.43 1.83343e-16
6464.89 1.79722e-16
6466.35 1.89282e-16
6467.81 1.95205e-16
6469.26 1.94903e-16
6470.72 1.90661e-16
6472.18 1.88332e-16
6473.64 1.91127e-16
6475.1 1.95734e-16
6476.56 1.9218e-16
6478.02 1.89114e-16
6479.48 1.87782e-16
6480.94 1.86767e-16
6482.4 1.8273e-16
6483.86 1.76702e-16
6485.32 1.73152e-16
6486.78 1.72646e-16
6488.24 1.75487e-16
6489.7 1.76614e-16
6491.16 1.76117e-16
6492.62 1.7481e-16
6494.08 1.73884e-16
6495.54 1.73872e-16
6497 1.72048e-16
6498.46 1.70773e-16
6499.92 1.73286e-16
6501.38 1.63969e-16
6502.84 1.62725e-16
6504.3 1.64215e-16
6505.76 1.62165e-16
6507.22 1.61436e-16
6508.68 1.6503e-16
6510.14 1.65949e-16
6511.6 1.57922e-16
6513.06 1.48973e-16
6514.52 1.47492e-16
6515.98 1.4938e-16
6517.44 1.5144e-16
6518.9 1.51591e-16
6520.36 1.47353e-16
6521.82 1.4327e-16
6523.28 1.42172e-16
6524.74 1.42e-16
6526.2 1.46732e-16
6527.66 1.48242e-16
6529.12 1.43204e-16
6530.58 1.43723e-16
6532.04 1.4424e-16
6533.5 1.44758e-16
6534.96 1.45277e-16
6536.41 1.45789e-16
6537.87 1.46306e-16
6539.33 1.46821e-16
6540.79 1.47334e-16
6542.25 1.47846e-16
6543.71 1.4836e-16
6545.17 1.48872e-16
6546.63 1.49382e-16
6548.09 1.49893e-16
6549.55 1.50402e-16
6551.01 1.50909e-16
6552.47 1.51417e-16
6553.93 1.51925e-16
6555.39 1.5243e-16
6556.85 1.52936e-16
6558.31 1.53441e-16
6559.77 1.53943e-16
6561.23 1.54445e-16
6562.69 1.54948e-16
6564.15 1.5545e-16
6565.61 1.55949e-16
6567.07 1.56449e-16
6568.53 1.56942e-16
6569.99 1.57427e-16
6571.45 1.57911e-16
6572.91 1.58395e-16
6574.37 1.58878e-16
6575.83 1.5936e-16
6577.29 1.59841e-16
6578.75 1.60323e-16
6580.21 1.60803e-16
6581.67 1.61282e-16
6583.13 1.61762e-16
6584.59 1.62239e-16
6586.05 1.62715e-16
6587.51 1.63191e-16
6588.97 1.63668e-16
6590.43 1.64141e-16
6591.89 1.64616e-16
6593.35 1.6509e-16
6594.81 1.65561e-16
6596.27 1.66031e-16
6597.73 1.66503e-16
6599.19 1.66973e-16
6600.65 1.67441e-16
6602.11 1.67911e-16
6603.57 1.65479e-16
6605.02 1.639e-16
6606.48 1.66e-16
6607.94 1.63598e-16
6609.4 1.66136e-16
6610.86 1.66112e-16
6612.32 1.58731e-16
6613.78 1.57182e-16
6615.24 1.61467e-16
6616.7 1.64073e-16
6618.16 1.60269e-16
6619.62 1.50017e-16
6621.08 1.45062e-16
6622.54 1.45479e-16
6624 1.50546e-16
6625.46 1.52485e-16
6626.92 1.53654e-16
6628.38 1.54124e-16
6629.84 1.52963e-16
6631.3 1.43837e-16
6632.76 1.44027e-16
6634.22 1.48033e-16
6635.68 1.52378e-16
6637.14 1.49439e-16
6638.6 1.45101e-16
6640.06 1.3902e-16
6641.52 1.32838e-16
6642.98 1.34156e-16
6644.44 1.39236e-16
6645.9 1.42367e-16
6647.36 1.43165e-16
6648.82 1.45204e-16
6650.28 1.43593e-16
6651.74 1.45338e-16
6653.2 1.4849e-16
6654.66 1.43325e-16
6656.12 1.43458e-16
6657.58 1.43899e-16
6659.04 1.43555e-16
6660.5 1.41761e-16
6661.96 1.41384e-16
6663.42 1.38085e-16
6664.88 1.34734e-16
6666.34 1.38173e-16
6667.8 1.35062e-16
6669.26 1.31629e-16
6670.72 1.28981e-16
6672.17 1.27998e-16
6673.63 1.29275e-16
6675.09 1.3526e-16
6676.55 1.42715e-16
6678.01 1.46458e-16
6679.47 1.46944e-16
6680.93 1.44314e-16
6682.39 1.39336e-16
6683.85 1.33005e-16
6685.31 1.34603e-16
6686.77 1.36383e-16
6688.23 1.38803e-16
6689.69 1.42509e-16
6691.15 1.40349e-16
6692.61 1.38107e-16
6694.07 1.35432e-16
6695.53 1.32204e-16
6696.99 1.37572e-16
6698.45 1.38469e-16
6699.91 1.37438e-16
6701.37 1.36407e-16
6702.83 1.35373e-16
6704.29 1.34345e-16
6705.75 1.33317e-16
6707.21 1.32287e-16
6708.67 1.31264e-16
6710.13 1.30243e-16
6711.59 1.29533e-16
6713.05 1.29271e-16
6714.51 1.2901e-16
6715.97 1.2875e-16
6717.43 1.28489e-16
6718.89 1.2823e-16
6720.35 1.2797e-16
6721.81 1.2771e-16
6723.27 1.27451e-16
6724.73 1.27192e-16
6726.19 1.26933e-16
6727.65 1.26674e-16
6729.11 1.26417e-16
6730.57 1.26159e-16
6732.03 1.259e-16
6733.49 1.25643e-16
6734.95 1.25387e-16
6736.41 1.2513e-16
6737.86 1.24875e-16
6739.32 1.24618e-16
6740.78 1.24362e-16
6742.24 1.24105e-16
6743.7 1.2385e-16
6745.16 1.23595e-16
6746.62 1.2334e-16
6748.08 1.23085e-16
6749.54 1.22831e-16
6751 1.23391e-16
6752.46 1.23183e-16
6753.92 1.22911e-16
6755.38 1.24674e-16
6756.84 1.24164e-16
6758.3 1.22685e-16
6759.76 1.20471e-16
6761.22 1.17629e-16
6762.68 1.16985e-16
6764.14 1.18839e-16
6765.6 1.22028e-16
6767.06 1.24679e-16
6768.52 1.22422e-16
6769.98 1.21118e-16
6771.44 1.21474e-16
6772.9 1.23993e-16
6774.36 1.26663e-16
6775.82 1.25214e-16
6777.28 1.22027e-16
6778.74 1.19985e-16
6780.2 1.18886e-16
6781.66 1.1831e-16
6783.12 1.18154e-16
6784.58 1.1822e-16
6786.04 1.12329e-16
6787.5 1.08443e-16
6788.96 1.10418e-16
6790.42 1.20697e-16
6791.88 1.19239e-16
6793.34 1.15174e-16
6794.8 1.10694e-16
6796.26 1.07378e-16
6797.72 1.06182e-16
6799.18 1.06622e-16
6800.64 1.06821e-16
6802.1 1.06307e-16
6803.56 1.11594e-16
6805.01 1.13782e-16
6806.47 1.11264e-16
6807.93 1.04881e-16
6809.39 1.09333e-16
6810.85 1.11401e-16
6812.31 1.1078e-16
6813.77 1.08235e-16
6815.23 1.09678e-16
6816.69 1.03621e-16
6818.15 9.25136e-17
6819.61 8.07349e-17
6821.07 8.71996e-17
6822.53 9.3786e-17
6823.99 9.95154e-17
6825.45 1.04112e-16
6826.91 1.07646e-16
6828.37 1.09522e-16
6829.83 1.10814e-16
6831.29 1.1198e-16
6832.75 1.13689e-16
6834.21 1.11891e-16
6835.67 1.05354e-16
6837.13 9.72331e-17
6838.59 9.73642e-17
6840.05 9.79561e-17
6841.51 9.72406e-17
6842.97 9.57982e-17
6844.43 9.56378e-17
6845.89 9.68006e-17
6847.35 9.54145e-17
6848.81 9.50438e-17
6850.27 1.03865e-16
6851.73 1.0654e-16
6853.19 1.0442e-16
6854.65 9.8778e-17
6856.11 9.14668e-17
6857.57 8.42458e-17
6859.03 8.54069e-17
6860.49 9.13738e-17
6861.95 9.63665e-17
6863.41 8.95909e-17
6864.87 8.80274e-17
6866.33 9.10578e-17
6867.79 9.71009e-17
6869.25 8.86105e-17
6870.7 8.37335e-17
6872.16 8.363e-17
6873.62 8.92777e-17
6875.08 8.67284e-17
6876.54 8.53692e-17
6878 8.43402e-17
6879.46 8.28861e-17
6880.92 8.19957e-17
6882.38 7.89483e-17
6883.84 7.76024e-17
6885.3 8.09356e-17
6886.76 8.81499e-17
6888.22 8.9432e-17
6889.68 8.77858e-17
6891.14 8.56524e-17
6892.6 8.98923e-17
6894.06 9.06033e-17
6895.52 8.96825e-17
6896.98 8.87215e-17
6898.44 9.29111e-17
6899.9 8.77191e-17
6901.36 8.11248e-17
6902.82 7.72924e-17
6904.28 7.97037e-17
6905.74 8.71546e-17
6907.2 9.1957e-17
6908.66 9.21241e-17
6910.12 9.28903e-17
6911.58 9.46981e-17
6913.04 1.00056e-16
6914.5 1.0738e-16
6915.96 1.05572e-16
6917.42 1.05797e-16
6918.88 1.06827e-16
6920.34 1.07685e-16
6921.8 1.05967e-16
6923.26 1.05615e-16
6924.72 1.06989e-16
6926.18 1.11437e-16
6927.64 1.22767e-16
6929.1 1.2976e-16
6930.56 1.28372e-16
6932.02 1.22675e-16
6933.48 1.24356e-16
6934.94 1.26329e-16
6936.4 1.27466e-16
6937.85 1.30137e-16
6939.31 1.40052e-16
6940.77 1.42789e-16
6942.23 1.44168e-16
6943.69 1.45989e-16
6945.15 1.50504e-16
6946.61 1.48638e-16
6948.07 1.49084e-16
6949.53 1.52142e-16
6950.99 1.57195e-16
6952.45 1.67086e-16
6953.91 1.67455e-16
6955.37 1.65405e-16
6956.83 1.7143e-16
6958.29 1.72218e-16
6959.75 1.72311e-16
6961.21 1.73532e-16
6962.67 1.77766e-16
6964.13 1.78654e-16
6965.59 1.7453e-16
6967.05 1.68644e-16
6968.51 1.64168e-16
6969.97 1.6693e-16
6971.43 1.63761e-16
6972.89 1.60451e-16
6974.35 1.61588e-16
6975.81 1.63984e-16
6977.27 1.63548e-16
6978.73 1.60109e-16
6980.19 1.54319e-16
6981.65 1.58254e-16
6983.11 1.58358e-16
6984.57 1.55057e-16
6986.03 1.49338e-16
6987.49 1.48769e-16
6988.95 1.53773e-16
6990.41 1.57246e-16
6991.87 1.55882e-16
6993.33 1.50886e-16
6994.79 1.4769e-16
6996.25 1.47184e-16
6997.71 1.49542e-16
6999.17 1.5343e-16
7000.63 1.46882e-16
7002.09 1.40718e-16
7003.54 1.39292e-16
7005 1.46685e-16
7006.46 1.48319e-16
7007.92 1.49717e-16
7009.38 1.51267e-16
7010.84 1.47832e-16
7012.3 1.39431e-16
7013.76 1.35666e-16
7015.22 1.36249e-16
7016.68 1.31928e-16
7018.14 1.32419e-16
7019.6 1.33962e-16
7021.06 1.35295e-16
7022.52 1.35004e-16
7023.98 1.33665e-16
7025.44 1.35067e-16
7026.9 1.37281e-16
7028.36 1.34341e-16
7029.82 1.33123e-16
7031.28 1.3614e-16
7032.74 1.40402e-16
7034.2 1.39322e-16
7035.66 1.3238e-16
7037.12 1.31932e-16
7038.58 1.36041e-16
7040.04 1.3969e-16
7041.5 1.38743e-16
7042.96 1.36982e-16
7044.42 1.35745e-16
7045.88 1.36576e-16
7047.34 1.37538e-16
7048.8 1.38256e-16
7050.26 1.37386e-16
7051.72 1.33373e-16
7053.18 1.30152e-16
7054.64 1.33039e-16
7056.1 1.38983e-16
7057.56 1.44887e-16
7059.02 1.51265e-16
7060.48 1.50335e-16
7061.94 1.47596e-16
7063.4 1.47593e-16
7064.86 1.45586e-16
7066.32 1.4844e-16
7067.78 1.51694e-16
7069.24 1.52492e-16
7070.7 1.57362e-16
7072.16 1.61273e-16
7073.61 1.6093e-16
7075.07 1.54768e-16
7076.53 1.48976e-16
7077.99 1.45596e-16
7079.45 1.49045e-16
7080.91 1.59399e-16
7082.37 1.55145e-16
7083.83 1.50364e-16
7085.29 1.49638e-16
7086.75 1.53047e-16
7088.21 1.46181e-16
7089.67 1.46807e-16
7091.13 1.4929e-16
7092.59 1.51189e-16
7094.05 1.50473e-16
7095.51 1.47654e-16
7096.97 1.45366e-16
7098.43 1.43631e-16
7099.89 1.38886e-16
7101.35 1.42383e-16
7102.81 1.43106e-16
7104.27 1.40363e-16
7105.73 1.42294e-16
7107.19 1.42102e-16
7108.65 1.42017e-16
7110.11 1.422e-16
7111.57 1.41722e-16
7113.03 1.37353e-16
7114.49 1.31935e-16
7115.95 1.29267e-16
7117.41 1.37769e-16
7118.87 1.42514e-16
7120.33 1.46925e-16
7121.79 1.50253e-16
7123.25 1.4991e-16
7124.71 1.49828e-16
7126.17 1.46015e-16
7127.63 1.40604e-16
7129.09 1.37996e-16
7130.55 1.39773e-16
7132.01 1.42942e-16
7133.47 1.47647e-16
7134.93 1.54407e-16
7136.39 1.557e-16
7137.85 1.48785e-16
7139.3 1.40471e-16
7140.76 1.39499e-16
7142.22 1.46211e-16
7143.68 1.51086e-16
7145.14 1.54136e-16
7146.6 1.55663e-16
7148.06 1.6197e-16
7149.52 1.60881e-16
7150.98 1.58947e-16
7152.44 1.62442e-16
7153.9 1.68751e-16
7155.36 1.70485e-16
7156.82 1.69243e-16
7158.28 1.66461e-16
7159.74 1.66042e-16
7161.2 1.71614e-16
7162.66 1.75514e-16
7164.12 1.73072e-16
7165.58 1.71303e-16
7167.04 1.72807e-16
7168.5 1.73337e-16
7169.96 1.71099e-16
7171.42 1.72652e-16
7172.88 1.77976e-16
7174.34 1.82733e-16
7175.8 1.8401e-16
7177.26 1.75605e-16
7178.72 1.78651e-16
7180.18 1.82163e-16
7181.64 1.81643e-16
7183.1 1.76129e-16
7184.56 1.6774e-16
7186.02 1.64276e-16
7187.48 1.67012e-16
7188.94 1.69231e-16
7190.4 1.65678e-16
7191.86 1.64269e-16
7193.32 1.66022e-16
7194.78 1.66185e-16
7196.24 1.66712e-16
7197.7 1.67092e-16
7199.16 1.66847e-16
7200.62 1.648e-16
7202.08 1.6775e-16
7203.54 1.71205e-16
7205 1.74019e-16
7206.45 1.75352e-16
7207.91 1.75605e-16
7209.37 1.72666e-16
7210.83 1.67476e-16
7212.29 1.62957e-16
7213.75 1.64077e-16
7215.21 1.65544e-16
7216.67 1.67736e-16
7218.13 1.72711e-16
7219.59 1.75483e-16
7221.05 1.73309e-16
7222.51 1.69108e-16
7223.97 1.68095e-16
7225.43 1.69091e-16
7226.89 1.69453e-16
7228.35 1.70942e-16
7229.81 1.7625e-16
7231.27 1.79114e-16
7232.73 1.77911e-16
7234.19 1.73817e-16
7235.65 1.68223e-16
7237.11 1.74024e-16
7238.57 1.79382e-16
7240.03 1.83513e-16
7241.49 1.85776e-16
7242.95 1.85213e-16
7244.41 1.85362e-16
7245.87 1.84735e-16
7247.33 1.82224e-16
7248.79 1.82974e-16
7250.25 1.79623e-16
7251.71 1.78774e-16
7253.17 1.8445e-16
7254.63 1.82379e-16
7256.09 1.74767e-16
7257.55 1.70786e-16
7259.01 1.75301e-16
7260.47 1.80519e-16
7261.93 1.85644e-16
7263.39 1.88322e-16
7264.85 1.86888e-16
7266.31 1.7754e-16
7267.77 1.74347e-16
7269.23 1.75786e-16
7270.69 1.80145e-16
7272.14 1.79871e-16
7273.6 1.84715e-16
7275.06 1.90398e-16
7276.52 1.94642e-16
7277.98 1.93823e-16
7279.44 1.88879e-16
7280.9 1.87352e-16
7282.36 1.9065e-16
7283.82 1.94225e-16
7285.28 1.92146e-16
7286.74 1.90396e-16
7288.2 1.90055e-16
7289.66 1.89485e-16
7291.12 1.87889e-16
7292.58 1.86883e-16
7294.04 1.85852e-16
7295.5 1.81924e-16
7296.96 1.80248e-16
7298.42 1.78947e-16
7299.88 1.78611e-16
7301.34 1.81611e-16
7302.8 1.81275e-16
7304.26 1.82252e-16
7305.72 1.84046e-16
7307.18 1.8435e-16
7308.64 1.86222e-16
7310.1 1.83316e-16
7311.56 1.78517e-16
7313.02 1.77935e-16
7314.48 1.84123e-16
7315.94 1.7693e-16
7317.4 1.65117e-16
7318.86 1.63793e-16
7320.32 1.69499e-16
7321.78 1.70546e-16
7323.24 1.70378e-16
7324.7 1.73823e-16
7326.16 1.64753e-16
7327.62 1.64599e-16
7329.08 1.66549e-16
7330.54 1.63037e-16
7332 1.60175e-16
7333.46 1.57022e-16
7334.92 1.56213e-16
7336.38 1.59973e-16
7337.84 1.61897e-16
7339.29 1.64463e-16
7340.75 1.63902e-16
7342.21 1.57593e-16
7343.67 1.57657e-16
7345.13 1.55746e-16
7346.59 1.56853e-16
7348.05 1.63278e-16
7349.51 1.59982e-16
7350.97 1.55226e-16
7352.43 1.55451e-16
7353.89 1.62393e-16
7355.35 1.56113e-16
7356.81 1.56475e-16
7358.27 1.58943e-16
7359.73 1.60721e-16
7361.19 1.5633e-16
7362.65 1.51507e-16
7364.11 1.47483e-16
7365.57 1.45746e-16
7367.03 1.51836e-16
7368.49 1.52845e-16
7369.95 1.51091e-16
