hi
i2
3454.82 7.98096e-16
3456.28 9.33361e-16
3457.74 9.55786e-16
3459.2 9.0474e-16
3460.66 9.19754e-16
3462.12 9.51174e-16
3463.58 9.04015e-16
3465.03 8.25868e-16
3466.49 8.32986e-16
3467.95 9.49609e-16
3469.41 1.00952e-15
3470.87 9.19201e-16
3472.33 8.23532e-16
3473.79 8.19291e-16
3475.25 8.61473e-16
3476.71 8.99205e-16
3478.17 9.136e-16
3479.63 9.13418e-16
3481.09 8.4077e-16
3482.55 7.22209e-16
3484.01 7.53764e-16
3485.47 9.17656e-16
3486.93 8.99317e-16
3488.39 7.42861e-16
3489.85 7.61624e-16
3491.31 8.27721e-16
3492.77 7.85494e-16
3494.23 7.60613e-16
3495.69 7.66813e-16
3497.15 8.55826e-16
3498.61 9.631e-16
3500.07 9.18844e-16
3501.53 8.3347e-16
3502.99 8.07879e-16
3504.45 8.31374e-16
3505.91 8.12269e-16
3507.37 7.85851e-16
3508.83 8.57306e-16
3510.29 9.38768e-16
3511.75 8.68813e-16
3513.21 7.75089e-16
3514.67 8.34285e-16
3516.13 8.71839e-16
3517.59 8.66742e-16
3519.05 9.34973e-16
3520.51 1.02071e-15
3521.97 9.54884e-16
3523.43 8.79575e-16
3524.89 9.19691e-16
3526.35 9.19477e-16
3527.81 9.22005e-16
3529.27 9.53773e-16
3530.72 9.32463e-16
3532.18 8.74217e-16
3533.64 8.41727e-16
3535.1 8.38186e-16
3536.56 8.34959e-16
3538.02 8.52727e-16
3539.48 9.05721e-16
3540.94 9.23556e-16
3542.4 8.9307e-16
3543.86 9.33158e-16
3545.32 9.74218e-16
3546.78 9.16911e-16
3548.24 8.17118e-16
3549.7 7.70006e-16
3551.16 7.80098e-16
3552.62 8.45574e-16
3554.08 1.02248e-15
3555.54 1.09244e-15
3557 1.00734e-15
3558.46 9.93355e-16
3559.92 9.73959e-16
3561.38 9.54521e-16
3562.84 9.948e-16
3564.3 9.54337e-16
3565.76 9.33409e-16
3567.22 1.05441e-15
3568.68 1.07685e-15
3570.14 1.02719e-15
3571.6 1.01347e-15
3573.06 9.91851e-16
3574.52 9.60507e-16
3575.98 9.04255e-16
3577.44 8.97469e-16
3578.9 9.15218e-16
3580.36 9.7251e-16
3581.82 1.05588e-15
3583.28 1.03377e-15
3584.74 9.29767e-16
3586.2 8.78806e-16
3587.66 8.7144e-16
3589.12 8.44939e-16
3590.58 8.23231e-16
3592.04 8.75078e-16
3593.5 9.18392e-16
3594.96 9.71325e-16
3596.42 9.23878e-16
3597.87 8.35619e-16
3599.33 8.47151e-16
3600.79 8.72792e-16
3602.25 8.59179e-16
3603.71 8.42999e-16
3605.17 8.41954e-16
3606.63 7.98536e-16
3608.09 7.49955e-16
3609.55 8.13309e-16
3611.01 7.80831e-16
3612.47 6.72871e-16
3613.93 6.86034e-16
3615.39 7.64505e-16
3616.85 7.33783e-16
3618.31 6.90693e-16
3619.77 7.32608e-16
3621.23 7.98956e-16
3622.69 7.8876e-16
3624.15 7.6274e-16
3625.61 7.63743e-16
3627.07 7.16939e-16
3628.53 7.30042e-16
3629.99 7.88777e-16
3631.45 7.33174e-16
3632.91 6.74972e-16
3634.37 6.82265e-16
3635.83 6.74512e-16
3637.29 6.36458e-16
3638.75 6.23188e-16
3640.21 6.50786e-16
3641.67 5.97779e-16
3643.13 5.67223e-16
3644.59 6.16257e-16
3646.05 6.47634e-16
3647.51 6.38918e-16
3648.97 5.76924e-16
3650.43 5.94271e-16
3651.89 6.54859e-16
3653.35 6.39346e-16
3654.81 6.07397e-16
3656.27 6.50232e-16
3657.73 7.2637e-16
3659.19 7.64702e-16
3660.65 7.09047e-16
3662.11 6.80307e-16
3663.57 6.54713e-16
3665.02 5.64609e-16
3666.48 5.78884e-16
3667.94 6.88007e-16
3669.4 7.49871e-16
3670.86 6.784e-16
3672.32 5.87503e-16
3673.78 6.20948e-16
3675.24 6.30561e-16
3676.7 6.31153e-16
3678.16 6.2649e-16
3679.62 6.12001e-16
3681.08 6.37612e-16
3682.54 6.65986e-16
3684 6.59302e-16
3685.46 6.14799e-16
3686.92 5.79737e-16
3688.38 5.4809e-16
3689.84 4.93757e-16
3691.3 4.91813e-16
3692.76 5.55374e-16
3694.22 6.51895e-16
3695.68 6.79663e-16
3697.14 6.35826e-16
3698.6 5.66366e-16
3700.06 4.8479e-16
3701.52 4.94516e-16
3702.98 5.36569e-16
3704.44 5.24998e-16
3705.9 4.94614e-16
3707.36 4.66154e-16
3708.82 4.71829e-16
3710.28 4.78174e-16
3711.74 4.85692e-16
3713.2 4.93212e-16
3714.66 5.00735e-16
3716.12 5.0826e-16
3717.58 5.15787e-16
3719.04 5.23315e-16
3720.5 5.30847e-16
3721.96 5.3838e-16
3723.42 5.45916e-16
3724.88 5.53454e-16
3726.34 5.60994e-16
3727.8 5.68538e-16
3729.26 5.76082e-16
3730.72 5.8363e-16
3732.17 5.91128e-16
3733.63 5.98679e-16
3735.09 6.06233e-16
3736.55 6.13789e-16
3738.01 6.21348e-16
3739.47 6.2891e-16
3740.93 6.36473e-16
3742.39 6.44038e-16
3743.85 6.51606e-16
3745.31 6.59176e-16
3746.77 6.66748e-16
3748.23 6.65179e-16
3749.69 6.90635e-16
3751.15 7.46375e-16
3752.61 7.33413e-16
3754.07 7.59679e-16
3755.53 7.63427e-16
3756.99 7.40521e-16
3758.45 7.8671e-16
3759.91 8.28106e-16
3761.37 8.15586e-16
3762.83 8.24996e-16
3764.29 8.27605e-16
3765.75 8.07416e-16
3767.21 7.99927e-16
3768.67 7.93485e-16
3770.13 7.84316e-16
3771.59 8.10415e-16
3773.05 8.41734e-16
3774.51 8.85031e-16
3775.97 9.41854e-16
3777.43 9.71962e-16
3778.89 9.5071e-16
3780.35 9.65082e-16
3781.81 1.00874e-15
3783.27 9.92055e-16
3784.73 9.24241e-16
3786.19 8.73894e-16
3787.65 9.37448e-16
3789.11 1.0261e-15
3790.57 9.98044e-16
3792.03 9.70345e-16
3793.49 9.58811e-16
3794.95 9.80416e-16
3796.41 1.0421e-15
3797.86 1.09734e-15
3799.32 1.15986e-15
3800.78 1.15093e-15
3802.24 1.14481e-15
3803.7 1.18109e-15
3805.16 1.18862e-15
3806.62 1.22378e-15
3808.08 1.30796e-15
3809.54 1.34539e-15
3811 1.28161e-15
3812.46 1.26647e-15
3813.92 1.34032e-15
3815.38 1.31078e-15
3816.84 1.19873e-15
3818.3 1.2209e-15
3819.76 1.3315e-15
3821.22 1.31169e-15
3822.68 1.30338e-15
3824.14 1.36755e-15
3825.6 1.39444e-15
3827.06 1.43372e-15
3828.52 1.43181e-15
3829.98 1.40496e-15
3831.44 1.46778e-15
3832.9 1.50197e-15
3834.36 1.43827e-15
3835.82 1.40797e-15
3837.28 1.40196e-15
3838.74 1.39918e-15
3840.2 1.44175e-15
3841.66 1.44376e-15
3843.12 1.42106e-15
3844.58 1.46739e-15
3846.04 1.52002e-15
3847.5 1.4542e-15
3848.96 1.40147e-15
3850.42 1.41001e-15
3851.88 1.43796e-15
3853.34 1.45495e-15
3854.8 1.4608e-15
3856.26 1.41538e-15
3857.72 1.39324e-15
3859.18 1.38753e-15
3860.64 1.33124e-15
3862.1 1.30852e-15
3863.56 1.29527e-15
3865.01 1.29859e-15
3866.47 1.31542e-15
3867.93 1.33174e-15
3869.39 1.35911e-15
3870.85 1.39435e-15
3872.31 1.3603e-15
3873.77 1.27292e-15
3875.23 1.22511e-15
3876.69 1.25204e-15
3878.15 1.27182e-15
3879.61 1.25827e-15
3881.07 1.22793e-15
3882.53 1.22761e-15
3883.99 1.27987e-15
3885.45 1.3014e-15
3886.91 1.28345e-15
3888.37 1.25614e-15
3889.83 1.20896e-15
3891.29 1.2379e-15
3892.75 1.29385e-15
3894.21 1.34031e-15
3895.67 1.35456e-15
3897.13 1.26551e-15
3898.59 1.26244e-15
3900.05 1.31912e-15
3901.51 1.26472e-15
3902.97 1.23611e-15
3904.43 1.23215e-15
3905.89 1.19255e-15
3907.35 1.19694e-15
3908.81 1.23266e-15
3910.27 1.27669e-15
3911.73 1.32581e-15
3913.19 1.34057e-15
3914.65 1.29286e-15
3916.11 1.30671e-15
3917.57 1.37345e-15
3919.03 1.35507e-15
3920.49 1.32312e-15
3921.95 1.33411e-15
3923.41 1.33746e-15
3924.87 1.2868e-15
3926.33 1.2559e-15
3927.79 1.23982e-15
3929.25 1.19125e-15
3930.71 1.20303e-15
3932.16 1.24315e-15
3933.62 1.28574e-15
3935.08 1.3776e-15
3936.54 1.36061e-15
3938 1.28208e-15
3939.46 1.28717e-15
3940.92 1.24069e-15
3942.38 1.224e-15
3943.84 1.2801e-15
3945.3 1.26786e-15
3946.76 1.26029e-15
3948.22 1.31462e-15
3949.68 1.33523e-15
3951.14 1.29045e-15
3952.6 1.25744e-15
3954.06 1.28901e-15
3955.52 1.29361e-15
3956.98 1.29459e-15
3958.44 1.25215e-15
3959.9 1.21362e-15
3961.36 1.28126e-15
3962.82 1.29385e-15
3964.28 1.21578e-15
3965.74 1.19054e-15
3967.2 1.22596e-15
3968.66 1.25867e-15
3970.12 1.24795e-15
3971.58 1.21535e-15
3973.04 1.1671e-15
3974.5 1.18043e-15
3975.96 1.28303e-15
3977.42 1.31555e-15
3978.88 1.24406e-15
3980.34 1.20978e-15
3981.8 1.22404e-15
3983.26 1.23022e-15
3984.72 1.23187e-15
3986.18 1.2136e-15
3987.64 1.1894e-15
3989.1 1.16091e-15
3990.56 1.11221e-15
3992.02 1.09337e-15
3993.48 1.11413e-15
3994.94 1.13491e-15
3996.4 1.14456e-15
3997.86 1.13471e-15
3999.31 1.13916e-15
4000.77 1.16652e-15
4002.23 1.18919e-15
4003.69 1.16436e-15
4005.15 1.09937e-15
4006.61 1.06501e-15
4008.07 1.06156e-15
4009.53 1.08103e-15
4010.99 1.12873e-15
4012.45 1.14076e-15
4013.91 1.10048e-15
4015.37 1.02889e-15
4016.83 9.97403e-16
4018.29 1.02146e-15
4019.75 1.06902e-15
4021.21 1.10051e-15
4022.67 1.07751e-15
4024.13 1.07507e-15
4025.59 1.12274e-15
4027.05 1.12706e-15
4028.51 1.07047e-15
4029.97 1.05653e-15
4031.43 1.12453e-15
4032.89 1.10466e-15
4034.35 1.02207e-15
4035.81 1.04108e-15
4037.27 1.08281e-15
4038.73 1.08581e-15
4040.19 1.07534e-15
4041.65 1.0859e-15
4043.11 1.14965e-15
4044.57 1.20344e-15
4046.03 1.20767e-15
4047.49 1.23124e-15
4048.95 1.22562e-15
4050.41 1.18228e-15
4051.87 1.13557e-15
4053.33 1.12185e-15
4054.79 1.14567e-15
4056.25 1.12912e-15
4057.71 1.04941e-15
4059.17 1.05753e-15
4060.63 1.15573e-15
4062.09 1.18921e-15
4063.55 1.10852e-15
4065 1.08851e-15
4066.46 1.12522e-15
4067.92 1.14469e-15
4069.38 1.12186e-15
4070.84 1.13426e-15
4072.3 1.14817e-15
4073.76 1.08122e-15
4075.22 1.04921e-15
4076.68 1.1054e-15
4078.14 1.1189e-15
4079.6 1.1253e-15
4081.06 1.13376e-15
4082.52 1.12165e-15
4083.98 1.06411e-15
4085.44 1.0005e-15
4086.9 9.89684e-16
4088.36 1.04544e-15
4089.82 1.06285e-15
4091.28 1.02907e-15
4092.74 1.06051e-15
4094.2 1.12234e-15
4095.66 1.09661e-15
4097.12 1.06967e-15
4098.58 1.06864e-15
4100.04 1.03006e-15
4101.5 1.00106e-15
4102.96 1.00487e-15
4104.42 9.49582e-16
4105.88 9.32255e-16
4107.34 1.01287e-15
4108.8 1.07143e-15
4110.26 1.07118e-15
4111.72 1.06145e-15
4113.18 1.08306e-15
4114.64 1.08548e-15
4116.1 1.05625e-15
4117.56 1.03554e-15
4119.02 9.72401e-16
4120.48 9.48489e-16
4121.94 9.71805e-16
4123.4 9.52148e-16
4124.86 9.64244e-16
4126.32 1.00159e-15
4127.78 1.01984e-15
4129.24 1.05096e-15
4130.7 1.0343e-15
4132.16 9.86425e-16
4133.61 9.77134e-16
4135.07 9.92317e-16
4136.53 9.89552e-16
4137.99 9.27039e-16
4139.45 9.32649e-16
4140.91 1.01173e-15
4142.37 1.0099e-15
4143.83 9.31356e-16
4145.29 8.89904e-16
4146.75 9.26454e-16
4148.21 9.68946e-16
4149.67 9.79886e-16
4151.13 9.48391e-16
4152.59 9.22445e-16
4154.05 9.6625e-16
4155.51 1.0124e-15
4156.97 9.81697e-16
4158.43 9.55044e-16
4159.89 9.84577e-16
4161.35 9.65924e-16
4162.81 9.38386e-16
4164.27 9.52654e-16
4165.73 9.53783e-16
4167.19 9.27122e-16
4168.65 9.0295e-16
4170.11 9.18847e-16
4171.57 9.82998e-16
4173.03 9.71816e-16
4174.49 9.23399e-16
4175.95 9.79878e-16
4177.41 1.01541e-15
4178.87 9.85302e-16
4180.33 1.03138e-15
4181.79 1.04557e-15
4183.25 9.62893e-16
4184.71 9.28756e-16
4186.17 9.4711e-16
4187.63 9.58976e-16
4189.09 9.68308e-16
4190.55 9.43987e-16
4192.01 9.27639e-16
4193.47 9.27687e-16
4194.93 9.25354e-16
4196.39 9.40576e-16
4197.85 9.49006e-16
4199.31 9.39954e-16
4200.76 9.17703e-16
4202.22 9.02899e-16
4203.68 9.20674e-16
4205.14 9.07356e-16
4206.6 8.44297e-16
4208.06 8.37725e-16
4209.52 8.66699e-16
4210.98 8.76805e-16
4212.44 8.77043e-16
4213.9 8.96109e-16
4215.36 9.306e-16
4216.82 9.38466e-16
4218.28 9.19507e-16
4219.74 9.14826e-16
4221.2 8.56039e-16
4222.66 8.41833e-16
4224.12 8.4737e-16
4225.58 8.2871e-16
4227.04 8.3889e-16
4228.5 8.58768e-16
4229.96 8.49109e-16
4231.42 8.63315e-16
4232.88 8.69101e-16
4234.34 8.41099e-16
4235.8 8.24824e-16
4237.26 8.08094e-16
4238.72 7.94353e-16
4240.18 7.91659e-16
4241.64 8.08501e-16
4243.1 8.13015e-16
4244.56 7.76486e-16
4246.02 8.02225e-16
4247.48 8.73593e-16
4248.94 8.50241e-16
4250.4 7.81839e-16
4251.86 7.82708e-16
4253.32 7.78932e-16
4254.78 7.6553e-16
4256.24 7.85391e-16
4257.7 8.36001e-16
4259.16 8.49341e-16
4260.62 8.06402e-16
4262.08 7.9045e-16
4263.54 8.34087e-16
4265 8.7594e-16
4266.45 8.69629e-16
4267.91 8.31986e-16
4269.37 8.34787e-16
4270.83 8.76352e-16
4272.29 8.74567e-16
4273.75 8.60767e-16
4275.21 8.44942e-16
4276.67 8.19051e-16
4278.13 8.50194e-16
4279.59 8.91951e-16
4281.05 9.09081e-16
4282.51 9.11111e-16
4283.97 9.23321e-16
4285.43 9.20963e-16
4286.89 8.75847e-16
4288.35 8.66232e-16
4289.81 9.48638e-16
4291.27 9.82859e-16
4292.73 9.39546e-16
4294.19 9.39825e-16
4295.65 9.46145e-16
4297.11 9.11364e-16
4298.57 9.14927e-16
4300.03 9.4914e-16
4301.49 9.336e-16
4302.95 9.02536e-16
4304.41 9.25278e-16
4305.87 9.70517e-16
4307.33 9.96091e-16
4308.79 9.92535e-16
4310.25 9.79056e-16
4311.71 9.88418e-16
4313.17 1.03685e-15
4314.63 1.06681e-15
4316.09 1.0443e-15
4317.55 1.04374e-15
4319.01 1.03481e-15
4320.47 9.93087e-16
4321.93 9.77388e-16
4323.39 9.76816e-16
4324.85 1.00847e-15
4326.31 1.02666e-15
4327.77 1.02642e-15
4329.23 1.03726e-15
4330.69 1.07002e-15
4332.15 1.13002e-15
4333.6 1.15563e-15
4335.06 1.17091e-15
4336.52 1.19592e-15
4337.98 1.19488e-15
4339.44 1.19616e-15
4340.9 1.1751e-15
4342.36 1.1181e-15
4343.82 1.12218e-15
4345.28 1.16214e-15
4346.74 1.1716e-15
4348.2 1.18107e-15
4349.66 1.19054e-15
4351.12 1.20002e-15
4352.58 1.20951e-15
4354.04 1.21899e-15
4355.5 1.22848e-15
4356.96 1.238e-15
4358.42 1.24754e-15
4359.88 1.25704e-15
4361.34 1.26654e-15
4362.8 1.27606e-15
4364.26 1.28558e-15
4365.72 1.2951e-15
4367.18 1.30462e-15
4368.64 1.31414e-15
4370.1 1.32367e-15
4371.56 1.33321e-15
4373.02 1.34275e-15
4374.48 1.3523e-15
4375.94 1.36185e-15
4377.4 1.3714e-15
4378.86 1.38096e-15
4380.32 1.39052e-15
4381.78 1.4157e-15
4383.24 1.46967e-15
4384.7 1.48303e-15
4386.16 1.45055e-15
4387.62 1.50041e-15
4389.08 1.5571e-15
4390.54 1.53477e-15
4392 1.55627e-15
4393.46 1.64172e-15
4394.92 1.68498e-15
4396.38 1.66704e-15
4397.84 1.66156e-15
4399.29 1.66981e-15
4400.75 1.66519e-15
4402.21 1.66373e-15
4403.67 1.61365e-15
4405.13 1.59441e-15
4406.59 1.62314e-15
4408.05 1.61082e-15
4409.51 1.6286e-15
4410.97 1.69378e-15
4412.43 1.69971e-15
4413.89 1.67711e-15
4415.35 1.66584e-15
4416.81 1.61086e-15
4418.27 1.54207e-15
4419.73 1.5466e-15
4421.19 1.55538e-15
4422.65 1.48242e-15
4424.11 1.48171e-15
4425.57 1.58547e-15
4427.03 1.62363e-15
4428.49 1.58129e-15
4429.95 1.57084e-15
4431.41 1.5927e-15
4432.87 1.57557e-15
4434.33 1.60675e-15
4435.79 1.64651e-15
4437.25 1.6589e-15
4438.71 1.66913e-15
4440.17 1.637e-15
4441.63 1.60267e-15
4443.09 1.60069e-15
4444.55 1.66442e-15
4446.01 1.76501e-15
4447.47 1.7184e-15
4448.93 1.61549e-15
4450.39 1.66206e-15
4451.85 1.72596e-15
4453.31 1.65295e-15
4454.77 1.58127e-15
4456.23 1.62725e-15
4457.69 1.66247e-15
4459.15 1.64043e-15
4460.61 1.64209e-15
4462.07 1.64857e-15
4463.53 1.66978e-15
4464.99 1.65805e-15
4466.44 1.62912e-15
4467.9 1.64272e-15
4469.36 1.62697e-15
4470.82 1.60468e-15
4472.28 1.58937e-15
4473.74 1.57382e-15
4475.2 1.53679e-15
4476.66 1.54107e-15
4478.12 1.55497e-15
4479.58 1.54052e-15
4481.04 1.54666e-15
4482.5 1.52365e-15
4483.96 1.49749e-15
4485.42 1.46962e-15
4486.88 1.44189e-15
4488.34 1.47296e-15
4489.8 1.43326e-15
4491.26 1.41473e-15
4492.72 1.45497e-15
4494.18 1.43849e-15
4495.64 1.4509e-15
4497.1 1.43879e-15
4498.56 1.3736e-15
4500.02 1.37395e-15
4501.48 1.41944e-15
4502.94 1.40972e-15
4504.4 1.3965e-15
4505.86 1.40553e-15
4507.32 1.43017e-15
4508.78 1.38015e-15
4510.24 1.30061e-15
4511.7 1.32103e-15
4513.16 1.37851e-15
4514.62 1.34305e-15
4516.08 1.26675e-15
4517.54 1.27137e-15
4519 1.3139e-15
4520.46 1.33437e-15
4521.92 1.34385e-15
4523.38 1.32085e-15
4524.84 1.29362e-15
4526.3 1.33363e-15
4527.76 1.3654e-15
4529.22 1.32399e-15
4530.68 1.26461e-15
4532.13 1.26782e-15
4533.59 1.32712e-15
4535.05 1.34677e-15
4536.51 1.33862e-15
4537.97 1.30864e-15
4539.43 1.30894e-15
4540.89 1.31745e-15
4542.35 1.32163e-15
4543.81 1.37159e-15
4545.27 1.40317e-15
4546.73 1.40166e-15
4548.19 1.36747e-15
4549.65 1.34789e-15
4551.11 1.33588e-15
4552.57 1.33887e-15
4554.03 1.36465e-15
4555.49 1.36014e-15
4556.95 1.36743e-15
4558.41 1.37205e-15
4559.87 1.35021e-15
4561.33 1.34782e-15
4562.79 1.36407e-15
4564.25 1.38033e-15
4565.71 1.38741e-15
4567.17 1.37845e-15
4568.63 1.36824e-15
4570.09 1.3891e-15
4571.55 1.38242e-15
4573.01 1.3207e-15
4574.47 1.27218e-15
4575.93 1.27168e-15
4577.39 1.31053e-15
4578.85 1.35036e-15
4580.31 1.32547e-15
4581.77 1.30473e-15
4583.23 1.31093e-15
4584.69 1.29548e-15
4586.15 1.29604e-15
4587.61 1.31385e-15
4589.07 1.2764e-15
4590.53 1.22755e-15
4591.99 1.24083e-15
4593.45 1.25443e-15
4594.91 1.26462e-15
4596.37 1.29657e-15
4597.83 1.30995e-15
4599.29 1.2967e-15
4600.74 1.29768e-15
4602.2 1.27526e-15
4603.66 1.27419e-15
4605.12 1.28724e-15
4606.58 1.30614e-15
4608.04 1.33452e-15
4609.5 1.34873e-15
4610.96 1.35931e-15
4612.42 1.35978e-15
4613.88 1.33649e-15
4615.34 1.33773e-15
4616.8 1.31044e-15
4618.26 1.32045e-15
4619.72 1.40509e-15
4621.18 1.42677e-15
4622.64 1.42609e-15
4624.1 1.42557e-15
4625.56 1.39223e-15
4627.02 1.40007e-15
4628.48 1.38436e-15
4629.94 1.36362e-15
4631.4 1.37361e-15
4632.86 1.35198e-15
4634.32 1.35612e-15
4635.78 1.35414e-15
4637.24 1.33297e-15
4638.7 1.3119e-15
4640.16 1.26461e-15
4641.62 1.26606e-15
4643.08 1.2739e-15
4644.54 1.31585e-15
4646 1.37061e-15
4647.46 1.35656e-15
4648.92 1.29835e-15
4650.38 1.25921e-15
4651.84 1.22388e-15
4653.3 1.21291e-15
4654.76 1.1927e-15
4656.22 1.15006e-15
4657.68 1.14335e-15
4659.14 1.11437e-15
4660.6 1.08789e-15
4662.06 1.1017e-15
4663.52 1.09304e-15
4664.98 1.02543e-15
4666.44 9.97836e-16
4667.89 1.05069e-15
4669.35 1.07213e-15
4670.81 1.05155e-15
4672.27 1.04435e-15
4673.73 1.02792e-15
4675.19 1.04431e-15
4676.65 1.03081e-15
4678.11 9.90351e-16
4679.57 9.90278e-16
4681.03 1.01523e-15
4682.49 1.03488e-15
4683.95 1.04652e-15
4685.41 1.0373e-15
4686.87 1.06505e-15
4688.33 1.10605e-15
4689.79 1.10155e-15
4691.25 1.08109e-15
4692.71 1.1002e-15
4694.17 1.11589e-15
4695.63 1.13652e-15
4697.09 1.13892e-15
4698.55 1.1306e-15
4700.01 1.15462e-15
4701.47 1.16812e-15
4702.93 1.1758e-15
4704.39 1.20306e-15
4705.85 1.198e-15
4707.31 1.14393e-15
4708.77 1.09763e-15
4710.23 1.12179e-15
4711.69 1.16194e-15
4713.15 1.16361e-15
4714.61 1.14561e-15
4716.07 1.15417e-15
4717.53 1.18798e-15
4718.99 1.20888e-15
4720.45 1.22332e-15
4721.91 1.23207e-15
4723.37 1.23202e-15
4724.83 1.22409e-15
4726.29 1.21151e-15
4727.75 1.2324e-15
4729.21 1.26817e-15
4730.67 1.27346e-15
4732.13 1.25114e-15
4733.59 1.23473e-15
4735.04 1.22099e-15
4736.5 1.2085e-15
4737.96 1.19333e-15
4739.42 1.18772e-15
4740.88 1.21824e-15
4742.34 1.26804e-15
4743.8 1.29097e-15
4745.26 1.26478e-15
4746.72 1.23793e-15
4748.18 1.24512e-15
4749.64 1.26036e-15
4751.1 1.26233e-15
4752.56 1.25103e-15
4754.02 1.23152e-15
4755.48 1.20043e-15
4756.94 1.19218e-15
4758.4 1.20607e-15
4759.86 1.19139e-15
4761.32 1.19552e-15
4762.78 1.22554e-15
4764.24 1.16765e-15
4765.7 1.1332e-15
4767.16 1.19057e-15
4768.62 1.204e-15
4770.08 1.18685e-15
4771.54 1.16412e-15
4773 1.18438e-15
4774.46 1.24363e-15
4775.92 1.21037e-15
4777.38 1.15652e-15
4778.84 1.16403e-15
4780.3 1.15755e-15
4781.76 1.14476e-15
4783.22 1.14325e-15
4784.68 1.13914e-15
4786.14 1.15957e-15
4787.6 1.15232e-15
4789.06 1.14279e-15
4790.52 1.15412e-15
4791.98 1.1497e-15
4793.44 1.15449e-15
4794.9 1.15649e-15
4796.36 1.13142e-15
4797.82 1.10696e-15
4799.28 1.064e-15
4800.73 1.0564e-15
4802.19 1.09382e-15
4803.65 1.09198e-15
4805.11 1.05596e-15
4806.57 1.06531e-15
4808.03 1.08448e-15
4809.49 1.06522e-15
4810.95 1.03568e-15
4812.41 1.0388e-15
4813.87 1.04226e-15
4815.33 1.0268e-15
4816.79 1.02852e-15
4818.25 1.01911e-15
4819.71 9.56739e-16
4821.17 9.10864e-16
4822.63 9.41262e-16
4824.09 9.79959e-16
4825.55 1.02094e-15
4827.01 1.02859e-15
4828.47 9.80111e-16
4829.93 9.82575e-16
4831.39 1.01214e-15
4832.85 1.02963e-15
4834.31 1.06105e-15
4835.77 1.05613e-15
4837.23 1.01441e-15
4838.69 1.00496e-15
4840.15 1.02833e-15
4841.61 1.03039e-15
4843.07 1.02644e-15
4844.53 1.03024e-15
4845.99 1.03403e-15
4847.45 1.03784e-15
4848.91 1.04164e-15
4850.37 1.04544e-15
4851.83 1.04924e-15
4853.29 1.05304e-15
4854.75 1.05684e-15
4856.21 1.06065e-15
4857.67 1.06445e-15
4859.13 1.06826e-15
4860.59 1.07206e-15
4862.05 1.07587e-15
4863.51 1.07967e-15
4864.97 1.08348e-15
4866.43 1.08729e-15
4867.88 1.09107e-15
4869.34 1.09488e-15
4870.8 1.09869e-15
4872.26 1.1025e-15
4873.72 1.10631e-15
4875.18 1.11012e-15
4876.64 1.11393e-15
4878.1 1.11774e-15
4879.56 1.12155e-15
4881.02 1.12627e-15
4882.48 1.13263e-15
4883.94 1.13668e-15
4885.4 1.11983e-15
4886.86 1.09283e-15
4888.32 1.10705e-15
4889.78 1.11445e-15
4891.24 1.10351e-15
4892.7 1.10605e-15
4894.16 1.11962e-15
4895.62 1.14406e-15
4897.08 1.14305e-15
4898.54 1.16522e-15
4900 1.18715e-15
4901.46 1.18609e-15
4902.92 1.17407e-15
4904.38 1.16595e-15
4905.84 1.20274e-15
4907.3 1.2318e-15
4908.76 1.21064e-15
4910.22 1.18934e-15
4911.68 1.1843e-15
4913.14 1.20015e-15
4914.6 1.2272e-15
4916.06 1.24531e-15
4917.52 1.24636e-15
4918.98 1.23493e-15
4920.44 1.22252e-15
4921.9 1.23122e-15
4923.36 1.2493e-15
4924.82 1.21097e-15
4926.28 1.15871e-15
4927.74 1.18411e-15
4929.2 1.22444e-15
4930.66 1.21509e-15
4932.12 1.22757e-15
4933.57 1.21407e-15
4935.03 1.17521e-15
4936.49 1.17394e-15
4937.95 1.18891e-15
4939.41 1.19662e-15
4940.87 1.18796e-15
4942.33 1.19297e-15
4943.79 1.19798e-15
4945.25 1.20299e-15
4946.71 1.208e-15
4948.17 1.21302e-15
4949.63 1.21803e-15
4951.09 1.22304e-15
4952.55 1.22806e-15
4954.01 1.23307e-15
4955.47 1.23809e-15
4956.93 1.24312e-15
4958.39 1.24815e-15
4959.85 1.25316e-15
4961.31 1.25818e-15
4962.77 1.2632e-15
4964.23 1.26821e-15
4965.69 1.27323e-15
4967.15 1.27824e-15
4968.61 1.28326e-15
4970.07 1.28828e-15
4971.53 1.29329e-15
4972.99 1.29831e-15
4974.45 1.30333e-15
4975.91 1.30834e-15
4977.37 1.31336e-15
4978.83 1.30899e-15
4980.29 1.31394e-15
4981.75 1.36816e-15
4983.21 1.38625e-15
4984.67 1.34966e-15
4986.13 1.35357e-15
4987.59 1.365e-15
4989.05 1.37629e-15
4990.51 1.38194e-15
4991.97 1.38758e-15
4993.43 1.39323e-15
4994.89 1.39888e-15
4996.35 1.40452e-15
4997.81 1.41017e-15
4999.26 1.41578e-15
5000.72 1.42142e-15
5002.18 1.42707e-15
5003.64 1.43272e-15
5005.1 1.43836e-15
5006.56 1.44401e-15
5008.02 1.44966e-15
5009.48 1.45531e-15
5010.94 1.46095e-15
5012.4 1.4666e-15
5013.86 1.47225e-15
5015.32 1.47789e-15
5016.78 1.48354e-15
5018.24 1.48918e-15
5019.7 1.49483e-15
5021.16 1.50047e-15
5022.62 1.50612e-15
5024.08 1.51178e-15
5025.54 1.5134e-15
5027 1.52089e-15
5028.46 1.55563e-15
5029.92 1.59405e-15
5031.38 1.5984e-15
5032.84 1.55773e-15
5034.3 1.53591e-15
5035.76 1.55573e-15
5037.22 1.59474e-15
5038.68 1.60265e-15
5040.14 1.57099e-15
5041.6 1.57228e-15
5043.06 1.60632e-15
5044.52 1.56812e-15
5045.98 1.55321e-15
5047.44 1.61537e-15
5048.9 1.6449e-15
5050.36 1.61902e-15
5051.82 1.60644e-15
5053.28 1.62732e-15
5054.74 1.68196e-15
5056.2 1.72414e-15
5057.66 1.68182e-15
5059.12 1.70924e-15
5060.58 1.74353e-15
5062.04 1.69745e-15
5063.5 1.69038e-15
5064.96 1.71257e-15
5066.41 1.72114e-15
5067.87 1.68784e-15
5069.33 1.70631e-15
5070.79 1.75601e-15
5072.25 1.75865e-15
5073.71 1.76583e-15
5075.17 1.78184e-15
5076.63 1.76596e-15
5078.09 1.77495e-15
5079.55 1.76598e-15
5081.01 1.78726e-15
5082.47 1.80193e-15
5083.93 1.76486e-15
5085.39 1.70438e-15
5086.85 1.70225e-15
5088.31 1.70467e-15
5089.77 1.72489e-15
5091.23 1.72934e-15
5092.69 1.74581e-15
5094.15 1.77396e-15
5095.61 1.79093e-15
5097.07 1.75501e-15
5098.53 1.72049e-15
5099.99 1.70767e-15
5101.45 1.71073e-15
5102.91 1.72798e-15
5104.37 1.74926e-15
5105.83 1.77815e-15
5107.29 1.78558e-15
5108.75 1.74131e-15
5110.21 1.69066e-15
5111.67 1.72015e-15
5113.13 1.76072e-15
5114.59 1.71265e-15
5116.05 1.68183e-15
5117.51 1.68801e-15
5118.97 1.6878e-15
5120.43 1.70745e-15
5121.89 1.68281e-15
5123.35 1.6383e-15
5124.81 1.64478e-15
5126.27 1.69485e-15
5127.73 1.69113e-15
5129.19 1.68616e-15
5130.65 1.68905e-15
5132.11 1.71091e-15
5133.57 1.75282e-15
5135.03 1.73863e-15
5136.48 1.70321e-15
5137.94 1.68036e-15
5139.4 1.68972e-15
5140.86 1.69009e-15
5142.32 1.69586e-15
5143.78 1.70537e-15
5145.24 1.66169e-15
5146.7 1.66661e-15
5148.16 1.69808e-15
5149.62 1.74183e-15
5151.08 1.76798e-15
5152.54 1.77022e-15
5154 1.71947e-15
5155.46 1.69206e-15
5156.92 1.77791e-15
5158.38 1.85816e-15
5159.84 1.82531e-15
5161.3 1.79723e-15
5162.76 1.81627e-15
5164.22 1.81842e-15
5165.68 1.79923e-15
5167.14 1.81694e-15
5168.6 1.80625e-15
5170.06 1.81731e-15
5171.52 1.84817e-15
5172.98 1.81876e-15
5174.44 1.82072e-15
5175.9 1.8689e-15
5177.36 1.8794e-15
5178.82 1.85895e-15
5180.28 1.81027e-15
5181.74 1.78909e-15
5183.2 1.83269e-15
5184.66 1.84009e-15
5186.12 1.78807e-15
5187.58 1.81689e-15
5189.04 1.87055e-15
5190.5 1.83087e-15
5191.96 1.79165e-15
5193.42 1.85463e-15
5194.88 1.87948e-15
5196.34 1.87347e-15
5197.8 1.86986e-15
5199.26 1.84834e-15
5200.72 1.8478e-15
5202.17 1.81644e-15
5203.63 1.78635e-15
5205.09 1.80481e-15
5206.55 1.82991e-15
5208.01 1.87048e-15
5209.47 1.87304e-15
5210.93 1.88907e-15
5212.39 1.92274e-15
5213.85 1.89731e-15
5215.31 1.86887e-15
5216.77 1.86451e-15
5218.23 1.86697e-15
5219.69 1.8784e-15
5221.15 1.87481e-15
5222.61 1.86263e-15
5224.07 1.89756e-15
5225.53 1.91762e-15
5226.99 1.89388e-15
5228.45 1.87098e-15
5229.91 1.87266e-15
5231.37 1.86149e-15
5232.83 1.84384e-15
5234.29 1.84247e-15
5235.75 1.82302e-15
5237.21 1.81148e-15
5238.67 1.81131e-15
5240.13 1.80325e-15
5241.59 1.81914e-15
5243.05 1.86279e-15
5244.51 1.85722e-15
5245.97 1.82087e-15
5247.43 1.77974e-15
5248.89 1.75222e-15
5250.35 1.77354e-15
5251.81 1.80624e-15
5253.27 1.80303e-15
5254.73 1.78796e-15
5256.19 1.79287e-15
5257.65 1.78897e-15
5259.11 1.79077e-15
5260.57 1.77791e-15
5262.03 1.7901e-15
5263.49 1.83452e-15
5264.95 1.86335e-15
5266.41 1.8636e-15
5267.87 1.84338e-15
5269.32 1.82259e-15
5270.78 1.81677e-15
5272.24 1.79347e-15
5273.7 1.72304e-15
5275.16 1.69216e-15
5276.62 1.69351e-15
5278.08 1.71162e-15
5279.54 1.73284e-15
5281 1.76678e-15
5282.46 1.79142e-15
5283.92 1.75291e-15
5285.38 1.72868e-15
5286.84 1.71451e-15
5288.3 1.70106e-15
5289.76 1.73791e-15
5291.22 1.75539e-15
5292.68 1.72575e-15
5294.14 1.73403e-15
5295.6 1.77495e-15
5297.06 1.79025e-15
5298.52 1.77542e-15
5299.98 1.73012e-15
5301.44 1.7142e-15
5302.9 1.69254e-15
5304.36 1.68613e-15
5305.82 1.74158e-15
5307.28 1.74964e-15
5308.74 1.7167e-15
5310.2 1.68871e-15
5311.66 1.67706e-15
5313.12 1.72791e-15
5314.58 1.77998e-15
5316.04 1.76297e-15
5317.5 1.71944e-15
5318.96 1.71174e-15
5320.42 1.73232e-15
5321.88 1.74383e-15
5323.34 1.76117e-15
5324.8 1.77421e-15
5326.26 1.77155e-15
5327.72 1.76443e-15
5329.18 1.7424e-15
5330.64 1.7339e-15
5332.1 1.75138e-15
5333.56 1.78796e-15
5335.01 1.8229e-15
5336.47 1.80829e-15
5337.93 1.75593e-15
5339.39 1.73183e-15
5340.85 1.7348e-15
5342.31 1.72402e-15
5343.77 1.72681e-15
5345.23 1.70992e-15
5346.69 1.72264e-15
5348.15 1.77002e-15
5349.61 1.77763e-15
5351.07 1.74915e-15
5352.53 1.69879e-15
5353.99 1.68559e-15
5355.45 1.67175e-15
5356.91 1.6284e-15
5358.37 1.63763e-15
5359.83 1.64106e-15
5361.29 1.65567e-15
5362.75 1.71086e-15
5364.21 1.70355e-15
5365.67 1.64226e-15
5367.13 1.61263e-15
5368.59 1.62883e-15
5370.05 1.61377e-15
5371.51 1.58741e-15
5372.97 1.57189e-15
5374.43 1.5785e-15
5375.89 1.59443e-15
5377.35 1.59632e-15
5378.81 1.61126e-15
5380.27 1.65877e-15
5381.73 1.63569e-15
5383.19 1.56872e-15
5384.65 1.59112e-15
5386.11 1.59939e-15
5387.57 1.60073e-15
5389.03 1.62261e-15
5390.49 1.60238e-15
5391.95 1.54968e-15
5393.41 1.5161e-15
5394.87 1.54522e-15
5396.33 1.54909e-15
5397.79 1.54657e-15
5399.25 1.53829e-15
5400.7 1.54823e-15
5402.16 1.53798e-15
5403.62 1.5151e-15
5405.08 1.51706e-15
5406.54 1.53312e-15
5408 1.50321e-15
5409.46 1.4852e-15
5410.92 1.4569e-15
5412.38 1.44143e-15
5413.84 1.43858e-15
5415.3 1.43727e-15
5416.76 1.45388e-15
5418.22 1.44709e-15
5419.68 1.4349e-15
5421.14 1.43416e-15
5422.6 1.44887e-15
5424.06 1.42771e-15
5425.52 1.39143e-15
5426.98 1.34427e-15
5428.44 1.31964e-15
5429.9 1.3155e-15
5431.36 1.27356e-15
5432.82 1.2094e-15
5434.28 1.19658e-15
5435.74 1.19003e-15
5437.2 1.18569e-15
5438.66 1.16212e-15
5440.12 1.1474e-15
5441.58 1.14929e-15
5443.04 1.17254e-15
5444.5 1.19245e-15
5445.96 1.1823e-15
5447.42 1.17862e-15
5448.88 1.19605e-15
5450.34 1.19993e-15
5451.8 1.17776e-15
5453.26 1.17281e-15
5454.72 1.1749e-15
5456.18 1.19758e-15
5457.64 1.22958e-15
5459.1 1.20998e-15
5460.56 1.19457e-15
5462.02 1.18397e-15
5463.48 1.1965e-15
5464.94 1.18347e-15
5466.4 1.17736e-15
5467.85 1.21184e-15
5469.31 1.25297e-15
5470.77 1.24054e-15
5472.23 1.21133e-15
5473.69 1.2271e-15
5475.15 1.22299e-15
5476.61 1.18545e-15
5478.07 1.19159e-15
5479.53 1.20522e-15
5480.99 1.21075e-15
5482.45 1.19805e-15
5483.91 1.1714e-15
5485.37 1.15888e-15
5486.83 1.15288e-15
5488.29 1.17272e-15
5489.75 1.19837e-15
5491.21 1.17926e-15
5492.67 1.14044e-15
5494.13 1.11009e-15
5495.59 1.13091e-15
5497.05 1.19669e-15
5498.51 1.21754e-15
5499.97 1.18594e-15
5501.43 1.17434e-15
5502.89 1.17734e-15
5504.35 1.17556e-15
5505.81 1.17544e-15
5507.27 1.20469e-15
5508.73 1.18707e-15
5510.19 1.15547e-15
5511.65 1.13654e-15
5513.11 1.14108e-15
5514.57 1.14684e-15
5516.03 1.14659e-15
5517.49 1.14258e-15
5518.95 1.13903e-15
5520.41 1.13648e-15
5521.87 1.1427e-15
5523.33 1.17059e-15
5524.79 1.18438e-15
5526.25 1.17795e-15
5527.71 1.17399e-15
5529.17 1.16256e-15
5530.63 1.14243e-15
5532.09 1.14859e-15
5533.54 1.1679e-15
5535 1.12264e-15
5536.46 1.063e-15
5537.92 1.06204e-15
5539.38 1.12261e-15
5540.84 1.17022e-15
5542.3 1.18162e-15
5543.76 1.18124e-15
5545.22 1.16228e-15
5546.68 1.1978e-15
5548.14 1.23316e-15
5549.6 1.20457e-15
5551.06 1.17819e-15
5552.52 1.19023e-15
5553.98 1.22147e-15
5555.44 1.20874e-15
5556.9 1.17417e-15
5558.36 1.17174e-15
5559.82 1.19582e-15
5561.28 1.20408e-15
5562.74 1.2099e-15
5564.2 1.21311e-15
5565.66 1.21703e-15
5567.12 1.21813e-15
5568.58 1.20172e-15
5570.04 1.20045e-15
5571.5 1.22996e-15
5572.96 1.21344e-15
5574.42 1.21008e-15
5575.88 1.24047e-15
5577.34 1.22227e-15
5578.8 1.21897e-15
5580.26 1.24382e-15
5581.72 1.23891e-15
5583.18 1.24251e-15
5584.64 1.24328e-15
5586.1 1.23904e-15
5587.56 1.24451e-15
5589.02 1.22661e-15
5590.48 1.2049e-15
5591.94 1.20364e-15
5593.4 1.19194e-15
5594.86 1.16797e-15
5596.32 1.17525e-15
5597.78 1.1853e-15
5599.24 1.19845e-15
5600.7 1.20688e-15
5602.16 1.17736e-15
5603.61 1.15121e-15
5605.07 1.15912e-15
5606.53 1.20501e-15
5607.99 1.21456e-15
5609.45 1.18472e-15
5610.91 1.18541e-15
5612.37 1.19653e-15
5613.83 1.19507e-15
5615.29 1.18381e-15
5616.75 1.20129e-15
5618.21 1.24112e-15
5619.67 1.22473e-15
5621.13 1.19263e-15
5622.59 1.23702e-15
5624.05 1.27447e-15
5625.51 1.24407e-15
5626.97 1.24393e-15
5628.43 1.26313e-15
5629.89 1.26657e-15
5631.35 1.29223e-15
5632.81 1.31528e-15
5634.27 1.31622e-15
5635.73 1.30932e-15
5637.19 1.29908e-15
5638.65 1.30272e-15
5640.11 1.30497e-15
5641.57 1.31408e-15
5643.03 1.3094e-15
5644.49 1.2809e-15
5645.95 1.26301e-15
5647.41 1.26456e-15
5648.87 1.26731e-15
5650.33 1.29704e-15
5651.79 1.32731e-15
5653.25 1.33214e-15
5654.71 1.31768e-15
5656.17 1.31337e-15
5657.63 1.31563e-15
5659.09 1.3312e-15
5660.55 1.34317e-15
5662.01 1.33528e-15
5663.47 1.32728e-15
5664.93 1.33884e-15
5666.39 1.35004e-15
5667.85 1.36077e-15
5669.31 1.35657e-15
5670.76 1.37149e-15
5672.22 1.38182e-15
5673.68 1.37283e-15
5675.14 1.38169e-15
5676.6 1.39802e-15
5678.06 1.40833e-15
5679.52 1.38605e-15
5680.98 1.40058e-15
5682.44 1.44153e-15
5683.9 1.44482e-15
5685.36 1.41102e-15
5686.82 1.41268e-15
5688.28 1.43792e-15
5689.74 1.43092e-15
5691.2 1.42599e-15
5692.66 1.42884e-15
5694.12 1.42308e-15
5695.58 1.40468e-15
5697.04 1.39404e-15
5698.5 1.41448e-15
5699.96 1.40858e-15
5701.42 1.38979e-15
5702.88 1.41179e-15
5704.34 1.43802e-15
5705.8 1.4238e-15
5707.26 1.42449e-15
5708.72 1.43357e-15
5710.18 1.42979e-15
5711.64 1.42603e-15
5713.1 1.41094e-15
5714.56 1.40424e-15
5716.02 1.41823e-15
5717.48 1.4409e-15
5718.94 1.44663e-15
5720.4 1.44055e-15
5721.86 1.45e-15
5723.32 1.45721e-15
5724.78 1.44494e-15
5726.24 1.44907e-15
5727.7 1.47278e-15
5729.16 1.47759e-15
5730.62 1.45164e-15
5732.08 1.45216e-15
5733.54 1.46043e-15
5735 1.46534e-15
5736.45 1.46129e-15
5737.91 1.45997e-15
5739.37 1.49869e-15
5740.83 1.47023e-15
5742.29 1.41928e-15
5743.75 1.39559e-15
5745.21 1.37497e-15
5746.67 1.37368e-15
5748.13 1.39155e-15
5749.59 1.40726e-15
5751.05 1.40237e-15
5752.51 1.41183e-15
5753.97 1.42669e-15
5755.43 1.43788e-15
5756.89 1.44386e-15
5758.35 1.4209e-15
5759.81 1.37668e-15
5761.27 1.38416e-15
5762.73 1.43444e-15
5764.19 1.46876e-15
5765.65 1.48604e-15
5767.11 1.48085e-15
5768.57 1.44995e-15
5770.03 1.44841e-15
5771.49 1.44875e-15
5772.95 1.44326e-15
5774.41 1.40844e-15
5775.87 1.37194e-15
5777.33 1.37115e-15
5778.79 1.38544e-15
5780.25 1.40067e-15
5781.71 1.40997e-15
5783.17 1.40246e-15
5784.63 1.40804e-15
5786.09 1.40977e-15
5787.55 1.37428e-15
5789.01 1.37238e-15
5790.47 1.39213e-15
5791.93 1.37508e-15
5793.39 1.36439e-15
5794.85 1.37885e-15
5796.31 1.40542e-15
5797.77 1.42293e-15
5799.23 1.41476e-15
5800.69 1.39308e-15
5802.14 1.34767e-15
5803.6 1.30398e-15
5805.06 1.32131e-15
5806.52 1.33961e-15
5807.98 1.29984e-15
5809.44 1.30586e-15
5810.9 1.33586e-15
5812.36 1.30926e-15
5813.82 1.28973e-15
5815.28 1.30047e-15
5816.74 1.31683e-15
5818.2 1.35691e-15
5819.66 1.38116e-15
5821.12 1.37286e-15
5822.58 1.34509e-15
5824.04 1.27488e-15
5825.5 1.24932e-15
5826.96 1.27365e-15
5828.42 1.2756e-15
5829.88 1.27525e-15
5831.34 1.27646e-15
5832.8 1.28383e-15
5834.26 1.29018e-15
5835.72 1.2844e-15
5837.18 1.26576e-15
5838.64 1.27721e-15
5840.1 1.30135e-15
5841.56 1.28297e-15
5843.02 1.28579e-15
5844.48 1.29108e-15
5845.94 1.27667e-15
5847.4 1.26253e-15
5848.86 1.25205e-15
5850.32 1.22484e-15
5851.78 1.2046e-15
5853.24 1.23542e-15
5854.7 1.24734e-15
5856.16 1.23002e-15
5857.62 1.22042e-15
5859.08 1.21982e-15
5860.54 1.24831e-15
5862 1.29056e-15
5863.46 1.3071e-15
5864.92 1.26731e-15
5866.38 1.25506e-15
5867.84 1.28325e-15
5869.29 1.30363e-15
5870.75 1.31185e-15
5872.21 1.33514e-15
5873.67 1.33449e-15
5875.13 1.31257e-15
5876.59 1.28092e-15
5878.05 1.26024e-15
5879.51 1.28263e-15
5880.97 1.27649e-15
5882.43 1.2546e-15
5883.89 1.2205e-15
5885.35 1.205e-15
5886.81 1.22408e-15
5888.27 1.25023e-15
5889.73 1.25254e-15
5891.19 1.21133e-15
5892.65 1.21519e-15
5894.11 1.24696e-15
5895.57 1.26479e-15
5897.03 1.25792e-15
5898.49 1.24482e-15
5899.95 1.2276e-15
5901.41 1.18811e-15
5902.87 1.16596e-15
5904.33 1.19528e-15
5905.79 1.15885e-15
5907.25 1.09334e-15
5908.71 1.10422e-15
5910.17 1.10849e-15
5911.63 1.09142e-15
5913.09 1.06654e-15
5914.55 1.06763e-15
5916.01 1.05359e-15
5917.47 1.02167e-15
5918.93 1.00634e-15
5920.39 9.96568e-16
5921.85 9.83058e-16
5923.31 9.77729e-16
5924.77 9.83151e-16
5926.23 9.89965e-16
5927.69 9.70404e-16
5929.15 9.36234e-16
5930.61 9.52488e-16
5932.07 9.58695e-16
5933.53 9.39305e-16
5934.98 9.10372e-16
5936.44 8.71376e-16
5937.9 8.6399e-16
5939.36 8.86955e-16
5940.82 8.60195e-16
5942.28 8.33692e-16
5943.74 8.51857e-16
5945.2 8.59592e-16
5946.66 8.44989e-16
5948.12 8.40284e-16
5949.58 8.3088e-16
5951.04 8.02588e-16
5952.5 8.18111e-16
5953.96 8.57916e-16
5955.42 8.38853e-16
5956.88 8.13025e-16
5958.34 8.03477e-16
5959.8 7.81111e-16
5961.26 7.83188e-16
5962.72 7.97423e-16
5964.18 7.86674e-16
5965.64 7.79186e-16
5967.1 7.80625e-16
5968.56 8.0385e-16
5970.02 8.15465e-16
5971.48 8.04947e-16
5972.94 7.90231e-16
5974.4 7.90391e-16
5975.86 8.14225e-16
5977.32 8.09674e-16
5978.78 7.87466e-16
5980.24 8.0364e-16
5981.7 7.90368e-16
5983.16 7.79302e-16
5984.62 8.00655e-16
5986.08 7.94523e-16
5987.54 7.80318e-16
5989 7.63791e-16
5990.46 7.49828e-16
5991.92 7.7631e-16
5993.38 7.95263e-16
5994.84 7.80729e-16
5996.3 7.93778e-16
5997.76 7.95441e-16
5999.22 7.77677e-16
6000.68 7.66578e-16
6002.13 7.72308e-16
6003.59 7.85542e-16
6005.05 7.91949e-16
6006.51 7.89046e-16
6007.97 7.90908e-16
6009.43 7.79196e-16
6010.89 7.76041e-16
6012.35 7.76925e-16
6013.81 7.62214e-16
6015.27 7.59725e-16
6016.73 7.60425e-16
6018.19 7.5187e-16
6019.65 7.57521e-16
6021.11 7.69192e-16
6022.57 7.48365e-16
6024.03 7.3868e-16
6025.49 7.67028e-16
6026.95 7.74804e-16
6028.41 7.63791e-16
6029.87 7.53387e-16
6031.33 7.46905e-16
6032.79 7.43565e-16
6034.25 7.34891e-16
6035.71 7.27611e-16
6037.17 7.35123e-16
6038.63 7.50715e-16
6040.09 7.52171e-16
6041.55 7.7193e-16
6043.01 7.9871e-16
6044.47 7.83636e-16
6045.93 7.7847e-16
6047.39 7.81708e-16
6048.85 7.7883e-16
6050.31 8.02724e-16
6051.77 8.11514e-16
6053.23 8.04631e-16
6054.69 7.82165e-16
6056.15 7.79534e-16
6057.61 8.03295e-16
6059.07 8.14167e-16
6060.53 8.35101e-16
6061.99 8.34722e-16
6063.45 8.06029e-16
6064.91 7.94378e-16
6066.37 8.09224e-16
6067.83 8.49104e-16
6069.29 8.62858e-16
6070.74 8.65094e-16
6072.2 8.4954e-16
6073.66 8.32621e-16
6075.12 8.65707e-16
6076.58 8.98776e-16
6078.04 8.98478e-16
6079.5 9.0177e-16
6080.96 8.94382e-16
6082.42 8.6566e-16
6083.88 8.488e-16
6085.34 8.93618e-16
6086.8 9.36278e-16
6088.26 9.22652e-16
6089.72 8.83364e-16
6091.18 8.79911e-16
6092.64 8.87715e-16
6094.1 8.95279e-16
6095.56 9.11122e-16
6097.02 9.48994e-16
6098.48 9.41971e-16
6099.94 9.17119e-16
6101.4 9.31031e-16
6102.86 9.66605e-16
6104.32 9.665e-16
6105.78 9.48129e-16
6107.24 9.69778e-16
6108.7 9.76718e-16
6110.16 9.59955e-16
6111.62 9.77123e-16
6113.08 9.86096e-16
6114.54 9.65446e-16
6116 9.76096e-16
6117.46 9.88635e-16
6118.92 9.56241e-16
6120.38 9.7583e-16
6121.84 1.01542e-15
6123.3 9.84797e-16
6124.76 9.71791e-16
6126.22 1.01511e-15
6127.68 1.01741e-15
6129.14 1.00457e-15
6130.6 1.00115e-15
6132.06 1.02747e-15
6133.52 1.02641e-15
6134.98 1.01698e-15
6136.44 1.01745e-15
6137.89 1.02428e-15
6139.35 1.00688e-15
6140.81 9.96456e-16
6142.27 1.02616e-15
6143.73 1.036e-15
6145.19 1.03527e-15
6146.65 1.01948e-15
6148.11 1.00197e-15
6149.57 1.01486e-15
6151.03 1.03566e-15
6152.49 1.03016e-15
6153.95 1.00104e-15
6155.41 1.00883e-15
6156.87 1.03451e-15
6158.33 1.02576e-15
6159.79 1.01043e-15
6161.25 1.02333e-15
6162.71 1.04239e-15
6164.17 1.03163e-15
6165.63 1.01803e-15
6167.09 1.01289e-15
6168.55 1.03241e-15
6170.01 1.00405e-15
6171.47 1.00116e-15
6172.93 9.95717e-16
6174.39 9.70505e-16
6175.85 9.60325e-16
6177.31 9.39908e-16
6178.77 9.12895e-16
6180.23 9.2879e-16
6181.69 9.60677e-16
6183.15 9.51999e-16
6184.61 9.42265e-16
6186.07 9.68929e-16
6187.53 9.93442e-16
6188.99 9.97853e-16
6190.45 9.93389e-16
6191.91 9.89322e-16
6193.37 9.74532e-16
6194.83 9.67051e-16
6196.29 9.72899e-16
6197.75 9.87187e-16
6199.21 9.80586e-16
6200.67 9.41541e-16
6202.13 9.38694e-16
6203.58 9.6753e-16
6205.04 9.80503e-16
6206.5 9.69886e-16
6207.96 9.60291e-16
6209.42 9.70753e-16
6210.88 9.84614e-16
6212.34 9.9117e-16
6213.8 9.75848e-16
6215.26 9.8425e-16
6216.72 1.00566e-15
6218.18 9.87816e-16
6219.64 9.56169e-16
6221.1 9.42792e-16
6222.56 9.57238e-16
6224.02 9.74091e-16
6225.48 9.67474e-16
6226.94 9.81604e-16
6228.4 1.00467e-15
6229.86 1.00987e-15
6231.32 1.0034e-15
6232.78 9.90986e-16
6234.24 9.94875e-16
6235.7 1.00739e-15
6237.16 1.00731e-15
6238.62 9.97834e-16
6240.08 9.94134e-16
6241.54 9.90796e-16
6243 9.95894e-16
6244.46 1.02471e-15
6245.92 1.04352e-15
6247.38 1.00754e-15
6248.84 9.64006e-16
6250.3 9.80162e-16
6251.76 1.01906e-15
6253.22 1.02506e-15
6254.68 9.78776e-16
6256.14 9.52402e-16
6257.6 9.93437e-16
6259.06 9.9294e-16
6260.52 9.70909e-16
6261.98 9.80257e-16
6263.44 9.84765e-16
6264.9 9.76281e-16
6266.36 9.74741e-16
6267.82 9.896e-16
6269.28 9.9174e-16
6270.73 9.86928e-16
6272.19 1.00403e-15
6273.65 1.00371e-15
6275.11 9.90438e-16
6276.57 1.00855e-15
6278.03 1.02627e-15
6279.49 9.93926e-16
6280.95 9.82489e-16
6282.41 1.00173e-15
6283.87 9.78573e-16
6285.33 9.60195e-16
6286.79 9.82877e-16
6288.25 9.98062e-16
6289.71 9.81136e-16
6291.17 9.76994e-16
6292.63 9.98163e-16
6294.09 1.01657e-15
6295.55 1.00355e-15
6297.01 9.91534e-16
6298.47 9.86334e-16
6299.93 9.73562e-16
6301.39 9.52384e-16
6302.85 9.6911e-16
6304.31 9.93533e-16
6305.77 9.6826e-16
6307.23 9.63659e-16
6308.69 1.00357e-15
6310.15 9.87597e-16
6311.61 9.3905e-16
6313.07 9.23756e-16
6314.53 9.44529e-16
6315.99 9.74741e-16
6317.45 9.55044e-16
6318.91 9.43616e-16
6320.37 9.54118e-16
6321.83 9.6301e-16
6323.29 9.59369e-16
6324.75 9.51784e-16
6326.21 9.32332e-16
6327.67 9.26733e-16
6329.13 9.5261e-16
6330.59 9.57648e-16
6332.05 9.45226e-16
6333.51 9.4757e-16
6334.97 9.65234e-16
6336.42 9.7027e-16
6337.88 9.65346e-16
6339.34 9.54749e-16
6340.8 9.65964e-16
6342.26 9.77611e-16
6343.72 9.4843e-16
6345.18 9.22522e-16
6346.64 9.42212e-16
6348.1 9.32647e-16
6349.56 9.13656e-16
6351.02 9.35244e-16
6352.48 9.42404e-16
6353.94 9.44984e-16
6355.4 9.34875e-16
6356.86 9.24942e-16
6358.32 9.3056e-16
6359.78 9.19909e-16
6361.24 9.01945e-16
6362.7 9.11806e-16
6364.16 9.32829e-16
6365.62 9.61783e-16
6367.08 9.7395e-16
6368.54 9.50083e-16
6370 9.36405e-16
6371.46 9.55248e-16
6372.92 9.41671e-16
6374.38 9.25479e-16
6375.84 9.55453e-16
6377.3 9.80339e-16
6378.76 9.45475e-16
6380.22 9.36435e-16
6381.68 9.63227e-16
6383.14 9.57405e-16
6384.6 9.51898e-16
6386.06 9.35376e-16
6387.52 9.32774e-16
6388.98 9.27046e-16
6390.44 9.40021e-16
6391.9 9.7593e-16
6393.36 9.77248e-16
6394.82 9.46527e-16
6396.28 9.5211e-16
6397.74 9.77338e-16
6399.2 1.00895e-15
6400.66 1.03053e-15
6402.12 1.02324e-15
6403.57 9.69846e-16
6405.03 9.42031e-16
6406.49 9.71619e-16
6407.95 9.89958e-16
6409.41 9.78915e-16
6410.87 9.65668e-16
6412.33 9.66808e-16
6413.79 9.60454e-16
6415.25 9.23949e-16
6416.71 9.32547e-16
6418.17 9.63899e-16
6419.63 9.58905e-16
6421.09 9.63486e-16
6422.55 9.93815e-16
6424.01 1.01372e-15
6425.47 1.00282e-15
6426.93 9.90403e-16
6428.39 9.91922e-16
6429.85 9.81361e-16
6431.31 9.92147e-16
6432.77 1.00219e-15
6434.23 9.68934e-16
6435.69 9.61141e-16
6437.15 9.83367e-16
6438.61 9.73225e-16
6440.07 9.66119e-16
6441.53 9.99038e-16
6442.99 1.01637e-15
6444.45 1.00153e-15
6445.91 9.68875e-16
6447.37 9.31883e-16
6448.83 9.41182e-16
6450.29 9.74518e-16
6451.75 9.85042e-16
6453.21 9.77075e-16
6454.67 9.45937e-16
6456.13 9.38158e-16
6457.59 9.81288e-16
6459.05 1.00922e-15
6460.51 9.99234e-16
6461.97 9.93267e-16
6463.43 1.00288e-15
6464.89 1.00839e-15
6466.35 9.92606e-16
6467.81 9.84708e-16
6469.26 1.00219e-15
6470.72 1.00354e-15
6472.18 9.74041e-16
6473.64 9.5387e-16
6475.1 9.6254e-16
6476.56 9.65833e-16
6478.02 9.70556e-16
6479.48 9.72625e-16
6480.94 9.641e-16
6482.4 9.76658e-16
6483.86 1.00839e-15
6485.32 9.98032e-16
6486.78 9.64571e-16
6488.24 9.7274e-16
6489.7 9.79185e-16
6491.16 9.69245e-16
6492.62 9.47865e-16
6494.08 9.44114e-16
6495.54 9.60932e-16
6497 9.66062e-16
6498.46 9.60804e-16
6499.92 9.23328e-16
6501.38 9.38287e-16
6502.84 9.66295e-16
6504.3 9.41739e-16
6505.76 9.14649e-16
6507.22 9.13908e-16
6508.68 9.18195e-16
6510.14 9.31077e-16
6511.6 9.11011e-16
6513.06 9.22073e-16
6514.52 9.39482e-16
6515.98 9.26926e-16
6517.44 9.13953e-16
6518.9 9.18205e-16
6520.36 9.06208e-16
6521.82 8.96111e-16
6523.28 9.37849e-16
6524.74 9.60829e-16
6526.2 9.10577e-16
6527.66 8.76513e-16
6529.12 8.67348e-16
6530.58 8.67422e-16
6532.04 8.67497e-16
6533.5 8.67572e-16
6534.96 8.67646e-16
6536.41 8.6772e-16
6537.87 8.67794e-16
6539.33 8.67868e-16
6540.79 8.67942e-16
6542.25 8.68016e-16
6543.71 8.6809e-16
6545.17 8.68164e-16
6546.63 8.68237e-16
6548.09 8.68311e-16
6549.55 8.68385e-16
6551.01 8.68458e-16
6552.47 8.68532e-16
6553.93 8.68605e-16
6555.39 8.68678e-16
6556.85 8.68752e-16
6558.31 8.68825e-16
6559.77 8.68898e-16
6561.23 8.68971e-16
6562.69 8.69043e-16
6564.15 8.69116e-16
6565.61 8.69189e-16
6567.07 8.68949e-16
6568.53 8.68163e-16
6569.99 8.67377e-16
6571.45 8.66592e-16
6572.91 8.65807e-16
6574.37 8.65023e-16
6575.83 8.6424e-16
6577.29 8.63457e-16
6578.75 8.62675e-16
6580.21 8.61894e-16
6581.67 8.61113e-16
6583.13 8.60333e-16
6584.59 8.59554e-16
6586.05 8.58776e-16
6587.51 8.57998e-16
6588.97 8.5722e-16
6590.43 8.56443e-16
6591.89 8.55667e-16
6593.35 8.54892e-16
6594.81 8.54117e-16
6596.27 8.53342e-16
6597.73 8.52568e-16
6599.19 8.51796e-16
6600.65 8.51024e-16
6602.11 8.51213e-16
6603.57 8.48609e-16
6605.02 8.41935e-16
6606.48 8.57964e-16
6607.94 8.76275e-16
6609.4 8.47121e-16
6610.86 8.42858e-16
6612.32 8.61252e-16
6613.78 8.52913e-16
6615.24 8.61173e-16
6616.7 8.59033e-16
6618.16 8.45552e-16
6619.62 8.42343e-16
6621.08 8.20689e-16
6622.54 8.09136e-16
6624 8.21527e-16
6625.46 8.22233e-16
6626.92 8.1264e-16
6628.38 8.04055e-16
6629.84 8.12071e-16
6631.3 8.48828e-16
6632.76 8.5886e-16
6634.22 8.21786e-16
6635.68 8.25989e-16
6637.14 8.55668e-16
6638.6 8.37958e-16
6640.06 8.15132e-16
6641.52 8.12026e-16
6642.98 8.17579e-16
6644.44 8.2323e-16
6645.9 8.18972e-16
6647.36 8.05504e-16
6648.82 8.08375e-16
6650.28 8.21748e-16
6651.74 8.30765e-16
6653.2 8.37435e-16
6654.66 8.16174e-16
6656.12 7.87017e-16
6657.58 7.95434e-16
6659.04 8.01423e-16
6660.5 7.95281e-16
6661.96 8.05541e-16
6663.42 8.0795e-16
6664.88 7.95076e-16
6666.34 7.7306e-16
6667.8 7.87954e-16
6669.26 8.03205e-16
6670.72 7.75656e-16
6672.17 7.71613e-16
6673.63 7.94739e-16
6675.09 8.0558e-16
6676.55 7.96869e-16
6678.01 7.77916e-16
6679.47 7.83918e-16
6680.93 7.93936e-16
6682.39 7.78263e-16
6683.85 7.60824e-16
6685.31 7.42347e-16
6686.77 7.49455e-16
6688.23 7.68521e-16
6689.69 7.44042e-16
6691.15 7.24997e-16
6692.61 7.45603e-16
6694.07 7.40484e-16
6695.53 7.19529e-16
6696.99 7.24291e-16
6698.45 7.15364e-16
6699.91 7.1739e-16
6701.37 7.19413e-16
6702.83 7.21435e-16
6704.29 7.23455e-16
6705.75 7.25473e-16
6707.21 7.2749e-16
6708.67 7.29505e-16
6710.13 7.31518e-16
6711.59 7.3353e-16
6713.05 7.34973e-16
6714.51 7.3542e-16
6715.97 7.35867e-16
6717.43 7.36314e-16
6718.89 7.3676e-16
6720.35 7.37206e-16
6721.81 7.37652e-16
6723.27 7.38096e-16
6724.73 7.38541e-16
6726.19 7.38985e-16
6727.65 7.39429e-16
6729.11 7.39872e-16
6730.57 7.40315e-16
6732.03 7.40757e-16
6733.49 7.41199e-16
6734.95 7.41641e-16
6736.41 7.42083e-16
6737.86 7.42521e-16
6739.32 7.42961e-16
6740.78 7.43401e-16
6742.24 7.43841e-16
6743.7 7.4428e-16
6745.16 7.44719e-16
6746.62 7.45157e-16
6748.08 7.45596e-16
6749.54 7.4967e-16
6751 7.61968e-16
6752.46 7.77813e-16
6753.92 7.69363e-16
6755.38 7.35648e-16
6756.84 7.37008e-16
6758.3 7.42791e-16
6759.76 7.61263e-16
6761.22 7.61729e-16
6762.68 7.47634e-16
6764.14 7.55599e-16
6765.6 7.63177e-16
6767.06 7.66884e-16
6768.52 7.62233e-16
6769.98 7.44004e-16
6771.44 7.43975e-16
6772.9 7.67119e-16
6774.36 7.52297e-16
6775.82 7.49169e-16
6777.28 7.70963e-16
6778.74 7.61613e-16
6780.2 7.42585e-16
6781.66 7.69943e-16
6783.12 7.92388e-16
6784.58 8.01407e-16
6786.04 7.87312e-16
6787.5 7.54909e-16
6788.96 7.43487e-16
6790.42 7.75176e-16
6791.88 7.70931e-16
6793.34 7.73205e-16
6794.8 7.72796e-16
6796.26 7.64623e-16
6797.72 7.59284e-16
6799.18 7.53223e-16
6800.64 7.46245e-16
6802.1 7.48935e-16
6803.56 7.53606e-16
6805.01 7.73419e-16
6806.47 7.67961e-16
6807.93 7.46847e-16
6809.39 7.75486e-16
6810.85 7.9115e-16
6812.31 7.86533e-16
6813.77 7.94736e-16
6815.23 7.72181e-16
6816.69 7.39495e-16
6818.15 7.56615e-16
6819.61 7.69989e-16
6821.07 7.73106e-16
6822.53 7.72279e-16
6823.99 7.53765e-16
6825.45 7.41974e-16
6826.91 7.49418e-16
6828.37 7.5978e-16
6829.83 7.50281e-16
6831.29 7.54184e-16
6832.75 7.68183e-16
6834.21 7.81779e-16
6835.67 7.74499e-16
6837.13 7.66106e-16
6838.59 7.78201e-16
6840.05 7.80581e-16
6841.51 7.70463e-16
6842.97 7.59632e-16
6844.43 7.75287e-16
6845.89 7.99517e-16
6847.35 7.9707e-16
6848.81 7.72466e-16
6850.27 7.60096e-16
6851.73 7.63459e-16
6853.19 7.53004e-16
6854.65 7.50768e-16
6856.11 7.58758e-16
6857.57 7.77753e-16
6859.03 7.86162e-16
6860.49 7.66349e-16
6861.95 7.64987e-16
6863.41 7.81482e-16
6864.87 7.9011e-16
6866.33 7.81986e-16
6867.79 7.7634e-16
6869.25 7.85029e-16
6870.7 7.93446e-16
6872.16 7.94234e-16
6873.62 7.89498e-16
6875.08 7.90053e-16
6876.54 7.77656e-16
6878 7.72259e-16
6879.46 7.91301e-16
6880.92 7.9899e-16
6882.38 7.86151e-16
6883.84 7.68664e-16
6885.3 7.55822e-16
6886.76 7.65498e-16
6888.22 7.90099e-16
6889.68 8.13021e-16
6891.14 8.18903e-16
6892.6 7.92926e-16
6894.06 7.71516e-16
6895.52 7.68302e-16
6896.98 7.74414e-16
6898.44 7.80509e-16
6899.9 7.76934e-16
6901.36 7.71274e-16
6902.82 7.85355e-16
6904.28 7.9701e-16
6905.74 7.76264e-16
6907.2 7.56048e-16
6908.66 7.60805e-16
6910.12 7.80852e-16
6911.58 7.87667e-16
6913.04 7.88411e-16
6914.5 7.71959e-16
6915.96 7.45854e-16
6917.42 7.46354e-16
6918.88 7.59736e-16
6920.34 7.58231e-16
6921.8 7.51911e-16
6923.26 7.53124e-16
6924.72 7.63951e-16
6926.18 7.54044e-16
6927.64 7.54618e-16
6929.1 7.59916e-16
6930.56 7.45631e-16
6932.02 7.39041e-16
6933.48 7.30974e-16
6934.94 7.31617e-16
6936.4 7.44124e-16
6937.85 7.52829e-16
6939.31 7.57142e-16
6940.77 7.80789e-16
6942.23 7.84923e-16
6943.69 7.60876e-16
6945.15 7.21863e-16
6946.61 7.02452e-16
6948.07 7.16154e-16
6949.53 7.23208e-16
6950.99 7.40338e-16
6952.45 7.53655e-16
6953.91 7.33359e-16
6955.37 7.17597e-16
6956.83 7.01067e-16
6958.29 7.03729e-16
6959.75 7.06389e-16
6961.21 7.09052e-16
6962.67 7.11719e-16
6964.13 7.14372e-16
6965.59 7.15956e-16
6967.05 7.06473e-16
6968.51 6.93624e-16
6969.97 7.13814e-16
6971.43 7.28057e-16
6972.89 7.13106e-16
6974.35 7.30174e-16
6975.81 7.52318e-16
6977.27 7.55813e-16
6978.73 7.55054e-16
6980.19 7.49983e-16
6981.65 7.28164e-16
6983.11 7.19183e-16
6984.57 7.17017e-16
6986.03 7.02141e-16
6987.49 6.9287e-16
6988.95 6.81185e-16
6990.41 6.6836e-16
6991.87 6.8239e-16
6993.33 6.98266e-16
6994.79 7.01197e-16
6996.25 6.99401e-16
6997.71 7.13376e-16
6999.17 7.37289e-16
7000.63 7.51604e-16
7002.09 7.29188e-16
7003.54 7.0143e-16
7005 6.98771e-16
7006.46 7.04302e-16
7007.92 7.13431e-16
7009.38 6.91517e-16
7010.84 6.87669e-16
7012.3 7.08138e-16
7013.76 6.99972e-16
7015.22 6.85812e-16
7016.68 6.81952e-16
7018.14 6.91678e-16
7019.6 7.11084e-16
7021.06 7.19486e-16
7022.52 7.18063e-16
7023.98 6.84672e-16
7025.44 6.62285e-16
7026.9 6.76536e-16
7028.36 6.90023e-16
7029.82 7.04359e-16
7031.28 7.00756e-16
7032.74 6.86689e-16
7034.2 6.90497e-16
7035.66 6.97605e-16
7037.12 6.97144e-16
7038.58 7.03444e-16
7040.04 6.96511e-16
7041.5 6.55481e-16
7042.96 6.61033e-16
7044.42 6.68586e-16
7045.88 6.74073e-16
7047.34 6.76237e-16
7048.8 6.84182e-16
7050.26 6.71135e-16
7051.72 6.83759e-16
7053.18 7.06348e-16
7054.64 6.96192e-16
7056.1 6.85854e-16
7057.56 6.92692e-16
7059.02 6.99804e-16
7060.48 6.92255e-16
7061.94 6.85425e-16
7063.4 6.97276e-16
7064.86 7.10095e-16
7066.32 6.95045e-16
7067.78 6.87984e-16
7069.24 6.82561e-16
7070.7 6.85177e-16
7072.16 6.85844e-16
7073.61 6.98843e-16
7075.07 7.09955e-16
7076.53 7.00758e-16
7077.99 6.90844e-16
7079.45 6.89092e-16
7080.91 6.89353e-16
7082.37 6.85283e-16
7083.83 6.7563e-16
7085.29 6.91971e-16
7086.75 7.08589e-16
7088.21 7.28275e-16
7089.67 7.26516e-16
7091.13 7.09857e-16
7092.59 6.78579e-16
7094.05 6.51301e-16
7095.51 6.78863e-16
7096.97 6.93947e-16
7098.43 6.79207e-16
7099.89 6.78468e-16
7101.35 6.93561e-16
7102.81 7.00094e-16
7104.27 7.05684e-16
7105.73 7.099e-16
7107.19 6.85897e-16
7108.65 6.66897e-16
7110.11 6.65294e-16
7111.57 6.66339e-16
7113.03 6.80648e-16
7114.49 6.92877e-16
7115.95 6.9402e-16
7117.41 6.99611e-16
7118.87 7.04685e-16
7120.33 7.03746e-16
7121.79 7.01741e-16
7123.25 6.88579e-16
7124.71 6.85538e-16
7126.17 7.08951e-16
7127.63 7.25476e-16
7129.09 7.22164e-16
7130.55 7.01992e-16
7132.01 6.98542e-16
7133.47 6.98317e-16
7134.93 6.94626e-16
7136.39 6.85634e-16
7137.85 6.84628e-16
7139.3 6.88849e-16
7140.76 6.89118e-16
7142.22 6.80126e-16
7143.68 6.59103e-16
7145.14 6.55665e-16
7146.6 6.80932e-16
7148.06 6.90918e-16
7149.52 6.85591e-16
7150.98 6.9475e-16
7152.44 7.03229e-16
7153.9 6.85205e-16
7155.36 6.75788e-16
7156.82 6.8944e-16
7158.28 6.88428e-16
7159.74 6.68045e-16
7161.2 6.55158e-16
7162.66 6.67226e-16
7164.12 6.7441e-16
7165.58 6.53552e-16
7167.04 6.36933e-16
7168.5 6.4756e-16
7169.96 6.64356e-16
7171.42 6.76795e-16
7172.88 6.78614e-16
7174.34 6.51559e-16
7175.8 6.47977e-16
7177.26 6.74728e-16
7178.72 6.77592e-16
7180.18 6.66217e-16
7181.64 6.75235e-16
7183.1 6.8007e-16
7184.56 6.67821e-16
7186.02 6.69098e-16
7187.48 6.70268e-16
7188.94 6.62381e-16
7190.4 6.45251e-16
7191.86 6.44407e-16
7193.32 6.48355e-16
7194.78 6.27515e-16
7196.24 6.15534e-16
7197.7 6.16869e-16
7199.16 6.3609e-16
7200.62 6.46073e-16
7202.08 6.36694e-16
7203.54 6.32224e-16
7205 6.28447e-16
7206.45 6.11997e-16
7207.91 6.01072e-16
7209.37 6.02127e-16
7210.83 6.12413e-16
7212.29 6.18631e-16
7213.75 6.06804e-16
7215.21 5.86399e-16
7216.67 5.62313e-16
7218.13 5.67519e-16
7219.59 5.74594e-16
7221.05 5.88412e-16
7222.51 6.10295e-16
7223.97 6.32084e-16
7225.43 6.36529e-16
7226.89 6.14497e-16
7228.35 5.66644e-16
7229.81 5.55222e-16
7231.27 5.70369e-16
7232.73 5.74723e-16
7234.19 5.764e-16
7235.65 5.57195e-16
7237.11 5.58287e-16
7238.57 5.75214e-16
7240.03 5.77351e-16
7241.49 5.65627e-16
7242.95 5.62686e-16
7244.41 5.53844e-16
7245.87 5.3812e-16
7247.33 5.44422e-16
7248.79 5.59881e-16
7250.25 5.56092e-16
7251.71 5.36969e-16
7253.17 5.28083e-16
7254.63 5.25972e-16
7256.09 5.14883e-16
7257.55 4.89583e-16
7259.01 4.98162e-16
7260.47 5.05245e-16
7261.93 5.06502e-16
7263.39 5.23529e-16
7264.85 5.18025e-16
7266.31 5.03363e-16
7267.77 4.97847e-16
7269.23 4.94513e-16
7270.69 5.03211e-16
7272.14 5.26238e-16
7273.6 5.40022e-16
7275.06 5.28242e-16
7276.52 5.18305e-16
7277.98 5.08924e-16
7279.44 5.01205e-16
7280.9 4.99351e-16
7282.36 5.02921e-16
7283.82 4.93808e-16
7285.28 4.85173e-16
7286.74 4.87976e-16
7288.2 4.89855e-16
7289.66 4.98156e-16
7291.12 4.96567e-16
7292.58 4.81073e-16
7294.04 4.65237e-16
7295.5 4.4948e-16
7296.96 4.60454e-16
7298.42 4.74864e-16
7299.88 4.78787e-16
7301.34 4.50606e-16
7302.8 4.42841e-16
7304.26 4.81203e-16
7305.72 4.96993e-16
7307.18 4.78012e-16
7308.64 4.83747e-16
7310.1 4.96309e-16
7311.56 4.96834e-16
7313.02 4.98037e-16
7314.48 4.85883e-16
7315.94 4.73768e-16
7317.4 4.79794e-16
7318.86 4.97319e-16
7320.32 4.91205e-16
7321.78 4.79172e-16
7323.24 4.662e-16
7324.7 4.59942e-16
7326.16 4.49576e-16
7327.62 4.49261e-16
7329.08 4.51921e-16
7330.54 4.58436e-16
7332 4.5451e-16
7333.46 4.55152e-16
7334.92 4.80302e-16
7336.38 4.8568e-16
7337.84 4.93867e-16
7339.29 4.73475e-16
7340.75 4.38218e-16
7342.21 4.60515e-16
7343.67 4.83832e-16
7345.13 4.63199e-16
7346.59 4.68069e-16
7348.05 4.67633e-16
7349.51 4.45821e-16
7350.97 4.46406e-16
7352.43 4.66208e-16
7353.89 4.60059e-16
7355.35 4.5973e-16
7356.81 4.81085e-16
7358.27 4.56511e-16
7359.73 4.34464e-16
7361.19 4.15156e-16
7362.65 4.23467e-16
7364.11 4.37508e-16
7365.57 4.44184e-16
7367.03 0
7368.49 0
7369.95 0
