       3474.0000      0.27489364
       3475.4700      0.27851513
       3476.9399      0.15599398
       3478.4099    -0.030975267
       3479.8799      0.27374348
       3481.3501      0.64789790
       3482.8201      0.45802379
       3484.2900      0.27497047
       3485.7600      0.58358467
       3487.2300      0.36735481
       3488.7000      0.28430665
       3490.1699    -0.040379141
       3491.6399      0.22968471
       3493.1101      0.30002484
       3494.5801      0.31424242
       3496.0500      0.22332422
       3497.5200      0.14651905
       3498.9900     0.095714651
       3500.4600     0.049908392
       3501.9299    -0.058747541
       3503.3999      0.17060675
       3504.8701      0.25723180
       3506.3401      0.20693830
       3507.8101      0.28271210
       3509.2800      0.32752922
       3510.7500      0.10103028
       3512.2200   -0.0095993597
       3513.6899      0.48902774
       3515.1599      0.75144243
       3516.6299      0.34079233
       3518.1001      0.12573108
       3519.5701      0.33447653
       3521.0400      0.24841358
       3522.5100     0.055592172
       3523.9800   -0.0064680055
       3525.4500     0.016261656
       3526.9199    -0.045043275
       3528.3899    -0.032255292
       3529.8601      0.64296371
       3531.3301      0.51802665
       3532.8000      0.24453463
       3534.2700      0.13058782
       3535.7400     0.029406495
       3537.2100      0.35650063
       3538.6799      0.41813502
       3540.1499      0.40948087
       3541.6201      0.36695871
       3543.0901      0.15457182
       3544.5601      0.34729549
       3546.0300      0.28036106
       3547.5000      0.22092876
       3548.9700      0.23964772
       3550.4399      0.21495289
       3551.9099     0.028728260
       3553.3799     0.034522235
       3554.8501      0.16433094
       3556.3201      0.27647841
       3557.7900      0.42453617
       3559.2600      0.40235698
       3560.7300      0.23986769
       3562.2000      0.31842625
       3563.6699      0.42880526
       3565.1399      0.22891003
       3566.6101      0.46764439
       3568.0801      0.39904296
       3569.5500     0.042276178
       3571.0200     -0.13808569
       3572.4900   -0.0014027476
       3573.9600      0.36131671
       3575.4299      0.60234940
       3576.8999      0.60873115
       3578.3701      0.45033559
       3579.8401      0.16089059
       3581.3101      0.32337719
       3582.7800      0.50225329
       3584.2500      0.23914856
       3585.7200      0.16633412
       3587.1899      0.33756921
       3588.6599     0.074450374
       3590.1299      0.11048221
       3591.6001      0.21961899
       3593.0701      0.28478876
       3594.5400      0.11165474
       3596.0100     0.087515585
       3597.4800      0.17223178
       3598.9500      0.17821024
       3600.4199      0.32674533
       3601.8899      0.31751668
       3603.3601      0.23640397
       3604.8301   -0.0097944839
       3606.3000    -0.097193480
       3607.7700      0.17486084
       3609.2400     0.067656651
       3610.7100     0.033369094
       3612.1799      0.16950847
       3613.6499      0.36609399
       3615.1201      0.33230045
       3616.5901      0.15747073
       3618.0601      0.23527132
       3619.5300    -0.053064626
       3621.0000    -0.013376592
       3622.4700      0.29093730
       3623.9399      0.34191915
       3625.4099      0.24947570
       3626.8799      0.57481802
       3628.3501      0.34076193
       3629.8201     0.035851751
       3631.2900      0.23025693
       3632.7600    -0.018164651
       3634.2300     0.038121037
       3635.7000     0.046645436
       3637.1699     0.080428898
       3638.6399    -0.051572204
       3640.1101    -0.039164763
       3641.5801     0.089826226
       3643.0500     -0.12473370
       3644.5200     0.039022621
       3645.9900      0.21743973
       3647.4600      0.10467988
       3648.9299      0.21342407
       3650.3999      0.23803903
       3651.8701      0.10110714
       3653.3401      0.37561581
       3654.8101      0.50491202
       3656.2800      0.37007549
       3657.7500      0.32802778
       3659.2200      0.30940664
       3660.6899      0.17561108
       3662.1599     0.078927048
       3663.6299    -0.070969261
       3665.1001     -0.20907679
       3666.5701    -0.023168202
       3668.0400     0.065634809
       3669.5100     0.096476734
       3670.9800      0.14988254
       3672.4500      0.33028191
       3673.9199      0.27409279
       3675.3899      0.19687340
       3676.8601      0.26636410
       3678.3301     -0.10433934
       3679.8000     0.055404820
       3681.2700      0.23700081
       3682.7400    -0.011008006
       3684.2100    -0.068439171
       3685.6799     0.051351581
       3687.1499     0.032162372
       3688.6201      0.18749049
       3690.0901     -0.12493134
       3691.5601     0.042028323
       3693.0300      0.18639858
       3694.5000     0.097853810
       3695.9700     0.074769124
       3697.4399      0.10580876
       3698.9099     0.044514164
       3700.3799     0.077549763
       3701.8501      0.10557852
       3703.3201     0.010860718
       3704.7900      0.12777643
       3706.2600      0.22952226
       3707.7300      0.11302096
       3709.2000     0.056144238
       3710.6699      0.18696699
       3712.1399    -0.089513302
       3713.6101      0.11762047
       3715.0801     0.089817293
       3716.5500     0.034582235
       3718.0200      0.16395606
       3719.4900     0.060364608
       3720.9600   -0.0098230429
       3722.4299    -0.039837729
       3723.8999      0.13097361
       3725.3701      0.42809671
       3726.8401      0.39392936
       3728.3101      0.15900667
       3729.7800     0.012991434
       3731.2500      0.15773681
       3732.7200      0.29342207
       3734.1899      0.28747255
       3735.6599      0.28152305
       3737.1299      0.28700522
       3738.6001      0.29248831
       3740.0701      0.29797140
       3741.5400      0.30345356
       3743.0100      0.30893573
       3744.4800      0.31441790
       3745.9500      0.31990010
       3747.4199      0.32538226
       3748.8899      0.33086443
       3750.3601      0.33634841
       3751.8301      0.34183061
       3753.3000      0.34731278
       3754.7700      0.35279495
       3756.2400      0.35827711
       3757.7100      0.36375928
       3759.1799      0.36924145
       3760.6499      0.37472454
       3762.1201      0.38020763
       3763.5901      0.38568980
       3765.0601      0.39117196
       3766.5300      0.39665413
       3768.0000      0.40213633
       3769.4700      0.40761942
       3770.9399      0.41310158
       3772.4099      0.41858375
       3773.8799      0.42406592
       3775.3501      0.19533259
       3776.8201     0.067489550
       3778.2900      0.22717218
       3779.7600      0.26677495
       3781.2300      0.33391160
       3782.7000      0.26100674
       3784.1699      0.20265026
       3785.6399    -0.033846710
       3787.1101   -0.0013290193
       3788.5801      0.29177591
       3790.0500      0.17215496
       3791.5200      0.13598381
       3792.9900     0.082733832
       3794.4600      0.26961690
       3795.9299     0.060313568
       3797.3999     0.054774709
       3798.8701     0.088436000
       3800.3401      0.34997511
       3801.8101      0.34287667
       3803.2800     0.080132551
       3804.7500     0.013051669
       3806.2200      0.38975406
       3807.6899      0.31305748
       3809.1599      0.25827572
       3810.6299      0.34791294
       3812.1001      0.27662504
       3813.5701      0.21903057
       3815.0400      0.26091284
       3816.5100      0.26934543
       3817.9800      0.12713584
       3819.4500      0.20166802
       3820.9199      0.34802872
       3822.3899      0.32974130
       3823.8601      0.31264496
       3825.3301      0.29943922
       3826.8000      0.22176035
       3828.2700      0.25832629
       3829.7400      0.21156000
       3831.2100    -0.025821555
       3832.6799     0.063878775
       3834.1499      0.21088170
       3835.6201      0.25584853
       3837.0901      0.17277528
       3838.5601      0.28102684
       3840.0300      0.23177834
       3841.5000      0.17001668
       3842.9700      0.15270676
       3844.4399      0.16428114
       3845.9099      0.19997877
       3847.3799      0.16943452
       3848.8501      0.23933579
       3850.3201      0.27172086
       3851.7900      0.28963068
       3853.2600      0.41340429
       3854.7300      0.30979776
       3856.2000     0.090553403
       3857.6699      0.14726447
       3859.1399      0.24817896
       3860.6101      0.30522242
       3862.0801      0.33554834
       3863.5500      0.25052145
       3865.0200      0.26571953
       3866.4900      0.31515053
       3867.9600      0.34917095
       3869.4299      0.19748026
       3870.8999      0.24114613
       3872.3701      0.47430292
       3873.8401      0.38823742
       3875.3101      0.27541256
       3876.7800      0.16845866
       3878.2500      0.15492871
       3879.7200      0.42246610
       3881.1899      0.40294662
       3882.6599      0.35759389
       3884.1299      0.35091799
       3885.6001      0.35877404
       3887.0701      0.27669880
       3888.5400      0.33603600
       3890.0100      0.44473928
       3891.4800      0.46580917
       3892.9500      0.37636775
       3894.4199      0.35146615
       3895.8899      0.28583342
       3897.3601      0.33772644
       3898.8301      0.46614194
       3900.3000      0.49023715
       3901.7700      0.28097326
       3903.2400      0.29079738
       3904.7100      0.50821823
       3906.1799      0.44247341
       3907.6499      0.51961732
       3909.1201      0.59706813
       3910.5901      0.43310753
       3912.0601      0.57143170
       3913.5300      0.59172690
       3915.0000      0.49093106
       3916.4700      0.36327967
       3917.9399      0.27445936
       3919.4099      0.64191514
       3920.8799      0.72463089
       3922.3501      0.67158526
       3923.8201      0.61120099
       3925.2900      0.53458840
       3926.7600      0.50462347
       3928.2300      0.47597983
       3929.7000      0.48566309
       3931.1699      0.48660505
       3932.6399      0.42667499
       3934.1101      0.38280961
       3935.5801      0.40987435
       3937.0500      0.42600533
       3938.5200      0.45065191
       3939.9900      0.40769216
       3941.4600      0.50374389
       3942.9299      0.45919627
       3944.3999      0.26499921
       3945.8701      0.37511462
       3947.3401      0.48201212
       3948.8101      0.45713937
       3950.2800      0.33537626
       3951.7500      0.23630176
       3953.2200      0.28894889
       3954.6899      0.39500698
       3956.1599      0.49575537
       3957.6299      0.35530445
       3959.1001      0.21774238
       3960.5701      0.27928171
       3962.0400      0.37907434
       3963.5100      0.38859499
       3964.9800      0.40497896
       3966.4500      0.47004458
       3967.9199      0.38950488
       3969.3899      0.31752557
       3970.8601      0.36998701
       3972.3301      0.42163631
       3973.8000      0.46107107
       3975.2700      0.46439654
       3976.7400      0.31977987
       3978.2100      0.32062829
       3979.6799      0.30394924
       3981.1499      0.30261347
       3982.6201      0.40619653
       3984.0901      0.38070270
       3985.5601      0.46906343
       3987.0300      0.41067916
       3988.5000      0.30923331
       3989.9700      0.26517269
       3991.4399      0.47179183
       3992.9099      0.47370750
       3994.3799      0.34096915
       3995.8501      0.24664888
       3997.3201      0.34531897
       3998.7900      0.37868822
       4000.2600      0.28885216
       4001.7300      0.31484699
       4003.2000      0.32490307
       4004.6699      0.41268748
       4006.1399      0.33912331
       4007.6101      0.25982085
       4009.0801      0.35378897
       4010.5500      0.34703779
       4012.0200      0.34028661
       4013.4900      0.33353543
       4014.9600      0.32678425
       4016.4299      0.32003307
       4017.8999      0.31328189
       4019.3701      0.30653071
       4020.8401      0.29977953
       4022.3101      0.29302835
       4023.7800      0.28627717
       4025.2500      0.27952600
       4026.7200      0.27277482
       4028.1899      0.26602364
       4029.6599      0.25927246
       4031.1299      0.25252128
       4032.6001      0.24577010
       4034.0701      0.23901892
       4035.5400      0.23226774
       4037.0100      0.22551656
       4038.4800      0.21876538
       4039.9500      0.21201420
       4041.4199      0.21201420
       4042.8899      0.20267338
       4044.3601      0.28017271
       4045.8301      0.42506653
       4047.3000      0.52957594
       4048.7700      0.32639611
       4050.2400      0.24185596
       4051.7100      0.45355210
       4053.1799      0.42556936
       4054.6499      0.26291949
       4056.1201      0.38418788
       4057.5901      0.41288474
       4059.0601      0.30885729
       4060.5300      0.29812667
       4062.0000      0.38452813
       4063.4700      0.38700840
       4064.9399      0.25452003
       4066.4099      0.19459513
       4067.8799      0.34526980
       4069.3501      0.48399889
       4070.8201      0.43267301
       4072.2900      0.41552201
       4073.7600      0.38411626
       4075.2300      0.39411309
       4076.7000      0.24772570
       4078.1699      0.32071251
       4079.6399      0.31211743
       4081.1101      0.33856070
       4082.5801      0.33995929
       4084.0500      0.30399239
       4085.5200      0.37534824
       4086.9900      0.29588106
       4088.4600      0.40452871
       4089.9299      0.38954461
       4091.3999      0.20566919
       4092.8701      0.34590027
       4094.3401      0.34186161
       4095.8101      0.38852137
       4097.2798      0.47852704
       4098.7500      0.32025304
       4100.2202      0.18412469
       4101.6899      0.33079311
       4103.1602      0.48487234
       4104.6299      0.39681152
       4106.1001      0.36107013
       4107.5698      0.26840141
       4109.0400      0.15982123
       4110.5098      0.20942928
       4111.9800      0.21719666
       4113.4502      0.22843197
       4114.9199      0.36619177
       4116.3901      0.43015984
       4117.8599      0.27851969
       4119.3301      0.24486183
       4120.7998      0.33269069
       4122.2700      0.30538678
       4123.7402      0.34471315
       4125.2100      0.31515187
       4126.6802      0.43968645
       4128.1499      0.34465921
       4129.6201      0.28171456
       4131.0898      0.33852300
       4132.5601      0.35128984
       4134.0298      0.39404851
       4135.5000      0.26657227
       4136.9702      0.24447466
       4138.4399      0.28515676
       4139.9102      0.21971144
       4141.3799      0.26489106
       4142.8501      0.21383931
       4144.3198      0.27016243
       4145.7900      0.29434642
       4147.2598      0.17018063
       4148.7300      0.25488901
       4150.2002      0.32656860
       4151.6699      0.33083653
       4153.1401      0.32534650
       4154.6099      0.37754482
       4156.0801      0.44209984
       4157.5498      0.38554692
       4159.0200      0.32397574
       4160.4902      0.26803705
       4161.9600      0.30236247
       4163.4302      0.20382266
       4164.8999      0.35369110
       4166.3701      0.37535679
       4167.8398      0.35417354
       4169.3101      0.35230124
       4170.7798      0.30195361
       4172.2500      0.33423960
       4173.7202      0.27591512
       4175.1899      0.30705675
       4176.6602      0.37495005
       4178.1299      0.30682907
       4179.6001      0.30383235
       4181.0698      0.30032250
       4182.5400      0.28980720
       4184.0098      0.24035013
       4185.4800      0.17065868
       4186.9502      0.28112802
       4188.4199      0.39679575
       4189.8901      0.34074453
       4191.3599      0.21163863
       4192.8301      0.27099404
       4194.2998      0.43045285
       4195.7700      0.35272861
       4197.2402      0.28401381
       4198.7100      0.24070960
       4200.1802      0.27936336
       4201.6499      0.17895417
       4203.1201      0.21588239
       4204.5898      0.29274222
       4206.0601      0.32025963
       4207.5298      0.31417158
       4209.0000      0.32740104
       4210.4702      0.38468856
       4211.9399      0.29408756
       4213.4102      0.36063576
       4214.8799      0.23874661
       4216.3501      0.16559085
       4217.8198      0.31785673
       4219.2900      0.35192305
       4220.7598      0.38548839
       4222.2300      0.37261754
       4223.7002      0.29096195
       4225.1699      0.23795661
       4226.6401      0.29792020
       4228.1099      0.36424068
       4229.5801      0.36757696
       4231.0498      0.32247493
       4232.5200      0.38505968
       4233.9902      0.39622620
       4235.4600      0.28105927
       4236.9302      0.29682437
       4238.3999      0.30366889
       4239.8701      0.26814654
       4241.3398      0.27852979
       4242.8101      0.25909409
       4244.2798      0.30470228
       4245.7500      0.43366903
       4247.2202      0.37907740
       4248.6899      0.29872474
       4250.1602      0.28168270
       4251.6299      0.30801415
       4253.1001      0.31448954
       4254.5698      0.32318282
       4256.0400      0.31487375
       4257.5098      0.36544997
       4258.9800      0.34080356
       4260.4502      0.17575437
       4261.9199      0.12666050
       4263.3901      0.24823672
       4264.8599      0.22001508
       4266.3301      0.25661057
       4267.7998      0.33918816
       4269.2700      0.26695439
       4270.7402      0.25214234
       4272.2100      0.25571355
       4273.6802      0.24337733
       4275.1499      0.29439157
       4276.6201      0.29373267
       4278.0898      0.29260799
       4279.5601      0.28570080
       4281.0298      0.26518765
       4282.5000      0.24288924
       4283.9702      0.25069794
       4285.4399      0.25163162
       4286.9102      0.32946050
       4288.3799      0.27433991
       4289.8501      0.10792165
       4291.3198      0.15759887
       4292.7900      0.23179621
       4294.2598      0.28512621
       4295.7300      0.31063753
       4297.2002      0.33224395
       4298.6699      0.35091367
       4300.1401      0.31167316
       4301.6099      0.23762685
       4303.0801      0.22611408
       4304.5498      0.19522442
       4306.0200      0.27572915
       4307.4902      0.25952616
       4308.9600      0.17610790
       4310.4302      0.25411281
       4311.8999      0.25495055
       4313.3701      0.11836288
       4314.8398      0.14816891
       4316.3101      0.21309711
       4317.7798      0.24861017
       4319.2500      0.21561600
       4320.7202      0.24036333
       4322.1899      0.29763415
       4323.6602      0.30468532
       4325.1299      0.25398681
       4326.6001      0.29169169
       4328.0698      0.30445200
       4329.5400      0.33215377
       4331.0098      0.29360628
       4332.4800      0.24048483
       4333.9502      0.18249762
       4335.4199      0.36052662
       4336.8901      0.29354641
       4338.3599      0.27198142
       4339.8301      0.28806984
       4341.2998      0.29403877
       4342.7700      0.25348210
       4344.2402      0.27263123
       4345.7100      0.26066867
       4347.1802      0.28706771
       4348.6499      0.27613059
       4350.1201      0.29132819
       4351.5898      0.25511152
       4353.0601      0.17508496
       4354.5298      0.24095346
       4356.0000      0.26551011
       4357.4702      0.29320547
       4358.9399      0.35508645
       4360.4102      0.27489248
       4361.8799      0.28923848
       4363.3501      0.39717245
       4364.8198      0.47730809
       4366.2900      0.59759384
       4367.7598      0.48948848
       4369.2300      0.40282601
       4370.7002      0.31643760
       4372.1699      0.28297156
       4373.6401      0.27911070
       4375.1099      0.32403046
       4376.5801      0.32189050
       4378.0498      0.31975129
       4379.5200      0.31761134
       4380.9902      0.31547138
       4382.4600      0.31333214
       4383.9302      0.31119221
       4385.3999      0.30905297
       4386.8701      0.30691302
       4388.3398      0.30477378
       4389.8101      0.30263385
       4391.2798      0.30049461
       4392.7500      0.29835394
       4394.2202      0.29621398
       4395.6899      0.29407477
       4397.1602      0.29193482
       4398.6299      0.28979558
       4400.1001      0.28765565
       4401.5698      0.28551641
       4403.0400      0.28337646
       4404.5098      0.28123721
       4405.9800      0.27909729
       4407.4502      0.27695733
       4408.9199      0.27481809
       4410.3901      0.27267814
       4411.8599      0.27053821
       4413.3301      0.26839826
       4414.7998      0.36685550
       4416.2700      0.47210604
       4417.7402      0.39235163
       4419.2100      0.37681812
       4420.6802      0.54303932
       4422.1499      0.50360155
       4423.6201      0.39689749
       4425.0898      0.40759593
       4426.5601      0.51653397
       4428.0298      0.52660948
       4429.5000      0.37590411
       4430.9702      0.30419126
       4432.4399      0.38058209
       4433.9102      0.41573980
       4435.3799      0.43146190
       4436.8501      0.43931246
       4438.3198      0.44415054
       4439.7900      0.39777711
       4441.2598      0.45024380
       4442.7300      0.47157583
       4444.2002      0.34268555
       4445.6699      0.44332242
       4447.1401      0.43624589
       4448.6099      0.47690830
       4450.0801      0.55992007
       4451.5498      0.44455177
       4453.0200      0.54636502
       4454.4902      0.51407295
       4455.9600      0.40511000
       4457.4302      0.45541066
       4458.8999      0.50434709
       4460.3701      0.58572322
       4461.8398      0.54516488
       4463.3101      0.45783928
       4464.7798      0.45527110
       4466.2500      0.49374014
       4467.7202      0.64763957
       4469.1899      0.63594955
       4470.6602      0.51428074
       4472.1299      0.51147729
       4473.6001      0.54563576
       4475.0698      0.59388274
       4476.5400      0.63052022
       4478.0098      0.52365106
       4479.4800      0.52000642
       4480.9502      0.54951149
       4482.4199      0.55531353
       4483.8901      0.57451093
       4485.3599      0.52468717
       4486.8301      0.48112988
       4488.2998      0.58300573
       4489.7700      0.71002024
       4491.2402      0.63765407
       4492.7100      0.54998928
       4494.1802      0.50928879
       4495.6499      0.66172880
       4497.1201      0.60505354
       4498.5898      0.56359392
       4500.0601      0.63072819
       4501.5298      0.54694611
       4503.0000      0.58143741
       4504.4702      0.67122835
       4505.9399      0.60520619
       4507.4102      0.72221977
       4508.8799      0.70744145
       4510.3501      0.56257069
       4511.8198      0.53187519
       4513.2900      0.56741434
       4514.7598      0.58956802
       4516.2300      0.66635716
       4517.7002      0.66966522
       4519.1699      0.57841909
       4520.6401      0.58374137
       4522.1099      0.61779296
       4523.5801      0.62100339
       4525.0498      0.67341161
       4526.5200      0.61281174
       4527.9902      0.60021925
       4529.4600      0.59779757
       4530.9302      0.57879812
       4532.3999      0.56227905
       4533.8701      0.55341500
       4535.3398      0.69933701
       4536.8101      0.60608053
       4538.2798      0.60069412
       4539.7500      0.56796825
       4541.2202      0.57761157
       4542.6899      0.62747627
       4544.1602      0.54148817
       4545.6299      0.60939151
       4547.1001      0.65056205
       4548.5698      0.59790963
       4550.0400      0.63341868
       4551.5098      0.53345531
       4552.9800      0.58919781
       4554.4502      0.64232743
       4555.9199      0.57250488
       4557.3901      0.58172947
       4558.8599      0.66518646
       4560.3301      0.67156446
       4561.7998      0.63764375
       4563.2700      0.63042247
       4564.7402      0.67630196
       4566.2100      0.69014210
       4567.6802      0.63692045
       4569.1499      0.63543558
       4570.6201      0.55180448
       4572.0898      0.48531470
       4573.5601      0.52035248
       4575.0298      0.59689236
       4576.5000      0.56019491
       4577.9702      0.43610951
       4579.4399      0.57067865
       4580.9102      0.67402977
       4582.3799      0.60025412
       4583.8501      0.50522840
       4585.3198      0.51791865
       4586.7900      0.70091808
       4588.2598      0.63698864
       4589.7300      0.60596502
       4591.2002      0.51504117
       4592.6699      0.42188397
       4594.1401      0.45806953
       4595.6099      0.71478349
       4597.0801      0.68769222
       4598.5498      0.56694353
       4600.0200      0.57931799
       4601.4902      0.62363487
       4602.9600      0.68841368
       4604.4302      0.62488621
       4605.8999      0.63244504
       4607.3701      0.62052208
       4608.8398      0.49573693
       4610.3101      0.51774287
       4611.7798      0.58481854
       4613.2500      0.53072131
       4614.7202      0.52397132
       4616.1899      0.50593001
       4617.6602      0.55412692
       4619.1299      0.64804113
       4620.6001      0.62750918
       4622.0698      0.60300153
       4623.5400      0.55307782
       4625.0098      0.63614839
       4626.4800      0.54703784
       4627.9502      0.47023275
       4629.4199      0.57195830
       4630.8901      0.65686655
       4632.3599      0.53280056
       4633.8301      0.56499541
       4635.2998      0.57839191
       4636.7700      0.63003290
       4638.2402      0.58683372
       4639.7100      0.51441437
       4641.1802      0.66029996
       4642.6499      0.57012063
       4644.1201      0.55963421
       4645.5898      0.55059046
       4647.0601      0.55979204
       4648.5298      0.57152367
       4650.0000      0.60533619
       4651.4702      0.60642201
       4652.9399      0.56703550
       4654.4102      0.50097984
       4655.8799      0.55385149
       4657.3501      0.60083061
       4658.8198      0.56111753
       4660.2900      0.62397736
       4661.7598      0.53262389
       4663.2300      0.42644837
       4664.7002      0.55791193
       4666.1699      0.65548450
       4667.6401      0.51268172
       4669.1099      0.51465672
       4670.5801      0.47471136
       4672.0498      0.49685413
       4673.5200      0.51454008
       4674.9902      0.52152920
       4676.4600      0.43859667
       4677.9302      0.47541988
       4679.3999      0.56215328
       4680.8701      0.52706039
       4682.3398      0.44128397
       4683.8101      0.49333811
       4685.2798      0.47152990
       4686.7500      0.47266731
       4688.2202      0.49622056
       4689.6899      0.55510157
       4691.1602      0.52671599
       4692.6299      0.40977332
       4694.1001      0.47194472
       4695.5698      0.52235097
       4697.0400      0.52072936
       4698.5098      0.57583135
       4699.9800      0.48761481
       4701.4502      0.57200587
       4702.9199      0.59399480
       4704.3901      0.63257211
       4705.8599      0.54379028
       4707.3301      0.57248414
       4708.7998      0.52952719
       4710.2700      0.54894251
       4711.7402      0.53875673
       4713.2100      0.62674206
       4714.6802      0.55856973
       4716.1499      0.50895745
       4717.6201      0.59874845
       4719.0898      0.56976318
       4720.5601      0.49437201
       4722.0298      0.53860968
       4723.5000      0.45865718
       4724.9702      0.56623966
       4726.4399      0.63914186
       4727.9102      0.53284812
       4729.3799      0.53125733
       4730.8501      0.57607973
       4732.3198      0.50061750
       4733.7900      0.40896958
       4735.2598      0.48451841
       4736.7300      0.58196712
       4738.2002      0.58272028
       4739.6699      0.53901982
       4741.1401      0.62340242
       4742.6099      0.56228721
       4744.0801      0.50270605
       4745.5498      0.45852414
       4747.0200      0.55394107
       4748.4902      0.62270647
       4749.9600      0.47680423
       4751.4302      0.47597560
       4752.8999      0.50474799
       4754.3701      0.48494610
       4755.8398      0.48981291
       4757.3101      0.37969890
       4758.7798      0.46377206
       4760.2500      0.43760318
       4761.7202      0.53232712
       4763.1899      0.45168084
       4764.6602      0.50892913
       4766.1299      0.53653085
       4767.6001      0.47743350
       4769.0698      0.52153379
       4770.5400      0.59588474
       4772.0098      0.55276412
       4773.4800      0.62042004
       4774.9502      0.60900718
       4776.4199      0.54140067
       4777.8901      0.60595226
       4779.3599      0.50781673
       4780.8301      0.56830084
       4782.2998      0.51707363
       4783.7700      0.46148753
       4785.2402      0.44050395
       4786.7100      0.53678572
       4788.1802      0.56140763
       4789.6499      0.51586425
       4791.1201      0.57355195
       4792.5898      0.50837523
       4794.0601      0.47229323
       4795.5298      0.53118479
       4797.0000      0.53770876
       4798.4702      0.55261475
       4799.9399      0.48493522
       4801.4102      0.53570664
       4802.8799      0.54172057
       4804.3501      0.51187247
       4805.8198      0.49765265
       4807.2900      0.60503966
       4808.7598      0.57282823
       4810.2300      0.49014649
       4811.7002      0.58925194
       4813.1699      0.56131411
       4814.6401      0.49014634
       4816.1099      0.58651817
       4817.5801      0.52869177
       4819.0498      0.44951808
       4820.5200      0.49666336
       4821.9902      0.55450892
       4823.4600      0.51388723
       4824.9302      0.55866128
       4826.3999      0.54785740
       4827.8701      0.58618623
       4829.3398      0.50787985
       4830.8101      0.52860492
       4832.2798      0.53241330
       4833.7500      0.57013977
       4835.2202      0.60087800
       4836.6899      0.53152317
       4838.1602      0.47234255
       4839.6299      0.47162184
       4841.1001      0.51294339
       4842.5698      0.56224084
       4844.0400      0.51988024
       4845.5098      0.52293867
       4846.9800      0.58088440
       4848.4502      0.56984603
       4849.9199      0.59677058
       4851.3901      0.54724628
       4852.8599      0.48916048
       4854.3301      0.51438874
       4855.7998      0.54020983
       4857.2700      0.53973061
       4858.7402      0.52696890
       4860.2100      0.54316461
       4861.6802      0.56719995
       4863.1499      0.48455712
       4864.6201      0.51118046
       4866.0898      0.50227016
       4867.5601      0.55962980
       4869.0298      0.50676626
       4870.5000      0.52280027
       4871.9702      0.51501745
       4873.4399      0.52090478
       4874.9102      0.44423661
       4876.3799      0.51663107
       4877.8501      0.51757741
       4879.3198      0.51852310
       4880.7900      0.51946908
       4882.2598      0.52041477
       4883.7300      0.52136081
       4885.2002      0.52230680
       4886.6699      0.52325249
       4888.1401      0.52419853
       4889.6099      0.52514422
       4891.0801      0.52609020
       4892.5498      0.52703589
       4894.0200      0.52798194
       4895.4902      0.52892792
       4896.9600      0.52987361
       4898.4302      0.53081995
       4899.8999      0.53176564
       4901.3701      0.53271163
       4902.8398      0.53365737
       4904.3101      0.53460336
       4905.7798      0.53554904
       4907.2500      0.53649509
       4908.7202      0.53744107
       4910.1899      0.53838676
       4911.6602      0.53933275
       4913.1299      0.54027849
       4914.6001      0.54122448
       4916.0698      0.55741459
       4917.5400      0.51924580
       4919.0098      0.45761144
       4920.4800      0.55154127
       4921.9502      0.54466683
       4923.4199      0.57707530
       4924.8901      0.51243615
       4926.3599      0.56741440
       4927.8301      0.60352761
       4929.2998      0.44989714
       4930.7700      0.44869298
       4932.2402      0.47710124
       4933.7100      0.54549617
       4935.1802      0.54177397
       4936.6499      0.50533515
       4938.1201      0.53769404
       4939.5898      0.48576355
       4941.0601      0.55670315
       4942.5298      0.55935287
       4944.0000      0.58371735
       4945.4702      0.55779767
       4946.9399      0.64451879
       4948.4102      0.61455870
       4949.8799      0.56319267
       4951.3501      0.56741840
       4952.8198      0.56950057
       4954.2900      0.54077297
       4955.7598      0.55359733
       4957.2300      0.66258073
       4958.7002      0.65178251
       4960.1699      0.56772983
       4961.6401      0.62813503
       4963.1099      0.63620591
       4964.5801      0.61641484
       4966.0498      0.51798719
       4967.5200      0.53013331
       4968.9902      0.60688710
       4970.4600      0.56953961
       4971.9302      0.60901570
       4973.3999      0.56875730
       4974.8701      0.57325363
       4976.3398      0.57627112
       4977.8101      0.57928956
       4979.2798      0.58230805
       4980.7500      0.58532655
       4982.2202      0.58834499
       4983.6899      0.59136248
       4985.1602      0.59438097
       4986.6299      0.59739840
       4988.1001      0.60041690
       4989.5698      0.60343438
       4991.0400      0.60645282
       4992.5098      0.60947031
       4993.9800      0.61248875
       4995.4502      0.61550725
       4996.9199      0.61852473
       4998.3901      0.62154317
       4999.8599      0.62456167
       5001.3301      0.62758017
       5002.7998      0.63059759
       5004.2700      0.63361609
       5005.7402      0.63663459
       5007.2100      0.63965201
       5008.6802      0.64267051
       5010.1499      0.64568800
       5011.6201      0.64870644
       5013.0898      0.65172392
       5014.5601      0.59612238
       5016.0298      0.56551993
       5017.5000      0.55727828
       5018.9702      0.61519283
       5020.4399      0.59539783
       5021.9102      0.53896427
       5023.3799      0.51637268
       5024.8501      0.51946014
       5026.3198      0.52254659
       5027.7900      0.52563405
       5029.2598      0.52872044
       5030.7300      0.53180790
       5032.2002      0.53489536
       5033.6699      0.53798181
       5035.1401      0.54106927
       5036.6099      0.54415572
       5038.0801      0.54724318
       5039.5498      0.55033064
       5041.0200      0.55341810
       5042.4902      0.55650556
       5043.9600      0.55959195
       5045.4302      0.56267941
       5046.8999      0.56576586
       5048.3701      0.56885332
       5049.8398      0.57193977
       5051.3101      0.57502723
       5052.7798      0.57811362
       5054.2500      0.58120108
       5055.7202      0.58428854
       5057.1899      0.58737499
       5058.6602      0.59046245
       5060.1299      0.59354991
       5061.6001      0.63831896
       5063.0698      0.67454344
       5064.5400      0.61331302
       5066.0098      0.63780618
       5067.4800      0.62814957
       5068.9502      0.64646351
       5070.4199      0.65550226
       5071.8901      0.69191432
       5073.3599      0.69602686
       5074.8301      0.68773288
       5076.2998      0.68546152
       5077.7700      0.62363106
       5079.2402      0.62333232
       5080.7100      0.63469082
       5082.1802      0.66486400
       5083.6499      0.72762173
       5085.1201      0.64225674
       5086.5898      0.71824110
       5088.0601      0.69864458
       5089.5298      0.64009255
       5091.0000      0.60852182
       5092.4702      0.58845431
       5093.9399      0.61473811
       5095.4102      0.66554946
       5096.8799      0.67984790
       5098.3501      0.63270390
       5099.8198      0.74246508
       5101.2900      0.65245610
       5102.7598      0.62413621
       5104.2300      0.59133357
       5105.7002      0.68056613
       5107.1699      0.65593982
       5108.6401      0.63481778
       5110.1099      0.68238974
       5111.5801      0.65397340
       5113.0498      0.64181775
       5114.5200      0.67587346
       5115.9902      0.65209776
       5117.4600      0.66303277
       5118.9302      0.66658479
       5120.3999      0.69216299
       5121.8701      0.69516361
       5123.3398      0.71980613
       5124.8101      0.65950829
       5126.2798      0.79330730
       5127.7500      0.71715045
       5129.2202      0.69595450
       5130.6899      0.71637231
       5132.1602      0.62233186
       5133.6299      0.71692705
       5135.1001      0.69955289
       5136.5698      0.71413755
       5138.0400      0.65150744
       5139.5098      0.72285765
       5140.9800      0.69432038
       5142.4502      0.69704163
       5143.9199      0.65569508
       5145.3901      0.68749976
       5146.8599      0.65937221
       5148.3301      0.73823011
       5149.7998      0.70979524
       5151.2700      0.65608335
       5152.7402      0.71403027
       5154.2100      0.68330091
       5155.6802      0.74193460
       5157.1499      0.73611689
       5158.6201      0.69825923
       5160.0898      0.65434855
       5161.5601      0.66704172
       5163.0298      0.74142802
       5164.5000      0.72325462
       5165.9702      0.70304060
       5167.4399      0.78239530
       5168.9102      0.82991147
       5170.3799      0.76649094
       5171.8501      0.72745800
       5173.3198      0.71777999
       5174.7900      0.74544442
       5176.2598      0.76085138
       5177.7300      0.74807131
       5179.2002      0.74606937
       5180.6699      0.80911916
       5182.1401      0.73457581
       5183.6099      0.77824920
       5185.0801      0.77037483
       5186.5498      0.74799711
       5188.0200      0.73654592
       5189.4902      0.68201166
       5190.9600      0.70456177
       5192.4302      0.83825326
       5193.8999      0.79339099
       5195.3701      0.77880883
       5196.8398      0.79174656
       5198.3101      0.79439163
       5199.7798      0.78535914
       5201.2500      0.85100758
       5202.7202      0.84491223
       5204.1899      0.80386561
       5205.6602      0.83915293
       5207.1299      0.82990634
       5208.6001      0.78032559
       5210.0698      0.78576547
       5211.5400      0.81446409
       5213.0098      0.85094589
       5214.4800      0.94389874
       5215.9502      0.89841545
       5217.4199      0.85641015
       5218.8901      0.81746322
       5220.3599      0.88024539
       5221.8301      0.85057068
       5223.2998      0.84843743
       5224.7700      0.86854798
       5226.2402      0.76165116
       5227.7100      0.79708976
       5229.1802      0.85574472
       5230.6499      0.87176830
       5232.1201      0.91366965
       5233.5898      0.80616713
       5235.0601      0.76076519
       5236.5298      0.86829656
       5238.0000      0.85204244
       5239.4702      0.87791389
       5240.9399      0.84013629
       5242.4102      0.77498221
       5243.8799      0.85349381
       5245.3501      0.88973320
       5246.8198      0.85188580
       5248.2900      0.88832831
       5249.7598      0.81582057
       5251.2300      0.84827846
       5252.7002      0.83025658
       5254.1699      0.81133801
       5255.6401      0.85481894
       5257.1099      0.83666015
       5258.5801      0.87536460
       5260.0498      0.91754484
       5261.5200      0.88044453
       5262.9902      0.88502961
       5264.4600      0.88781488
       5265.9302      0.87807751
       5267.3999      0.84984386
       5268.8701      0.87847191
       5270.3398      0.89195740
       5271.8101      0.83325559
       5273.2798      0.87024099
       5274.7500      0.91125917
       5276.2202      0.93285584
       5277.6899      0.93461996
       5279.1602      0.95215470
       5280.6299      0.89684105
       5282.1001      0.89599061
       5283.5698      0.94770235
       5285.0400      0.91352737
       5286.5098      0.90352499
       5287.9800      0.95381445
       5289.4502      0.98847419
       5290.9199      0.92381328
       5292.3901      0.89449841
       5293.8599      0.93336868
       5295.3301      0.96057177
       5296.7998      0.94600493
       5298.2700      0.89118099
       5299.7402      0.97215724
       5301.2100       1.0537628
       5302.6802       1.0264896
       5304.1499       1.0187747
       5305.6201      0.97919661
       5307.0898      0.96187723
       5308.5601      0.94891101
       5310.0298      0.92874843
       5311.5000      0.96892792
       5312.9702      0.92499697
       5314.4399      0.91749185
       5315.9102      0.97153044
       5317.3799      0.96571630
       5318.8501       1.0317420
       5320.3198       1.0871811
       5321.7900       1.0805603
       5323.2598       1.0030162
       5324.7300      0.99771756
       5326.2002       1.0744467
       5327.6699       1.0496514
       5329.1401      0.96230447
       5330.6099      0.92491454
       5332.0801      0.99865174
       5333.5498      0.99288678
       5335.0200       1.0190901
       5336.4902       1.0918871
       5337.9600       1.0320325
       5339.4302      0.95273840
       5340.8999      0.95597923
       5342.3701       1.0069282
       5343.8398       1.0085233
       5345.3101       1.0456952
       5346.7798      0.99153149
       5348.2500       1.0203713
       5349.7202       1.0585207
       5351.1899      0.99502814
       5352.6602       1.0047679
       5354.1299       1.0069941
       5355.6001      0.98923981
       5357.0698       1.0686607
       5358.5400       1.1059872
       5360.0098       1.0118386
       5361.4800       1.0649740
       5362.9502       1.1055590
       5364.4199      0.97245115
       5365.8901       1.0210495
       5367.3599       1.0441346
       5368.8301       1.0367862
       5370.2998       1.1050864
       5371.7700       1.0671132
       5373.2402       1.0592670
       5374.7100       1.0096403
       5376.1802      0.98939240
       5377.6499       1.0243005
       5379.1201       1.0445230
       5380.5898       1.0677413
       5382.0601       1.0909567
       5383.5298       1.0790024
       5385.0000       1.0654271
       5386.4702       1.0119859
       5387.9399       1.0691924
       5389.4102       1.0525150
       5390.8799       1.0986564
       5392.3501       1.1218423
       5393.8198       1.1441489
       5395.2900       1.1420382
       5396.7598       1.1071666
       5398.2300       1.1473958
       5399.7002       1.0520203
       5401.1699       1.0184507
       5402.6401       1.0001915
       5404.1099       1.0968609
       5405.5801       1.1433488
       5407.0498       1.0350261
       5408.5200       1.0132362
       5409.9902       1.1147778
       5411.4600      0.99122280
       5412.9302       1.0118136
       5414.3999       1.0680374
       5415.8701       1.1099745
       5417.3398       1.0981328
       5418.8101       1.0068867
       5420.2798       1.0331337
       5421.7500       1.0118032
       5423.2202       1.0171219
       5424.6899       1.0746495
       5426.1602       1.0727842
       5427.6299       1.1086469
       5429.1001       1.0810646
       5430.5698       1.1057462
       5432.0400       1.0714246
       5433.5098       1.0728693
       5434.9800      0.97043401
       5436.4502       1.0743877
       5437.9199       1.1388988
       5439.3901       1.0697683
       5440.8599       1.0977620
       5442.3301       1.1079471
       5443.7998       1.0770957
       5445.2700       1.1080137
       5446.7402       1.1569310
       5448.2100       1.2040489
       5449.6802       1.2438743
       5451.1499       1.2140617
       5452.6201       1.1309659
       5454.0898       1.0203935
       5455.5601       1.1761789
       5457.0298       1.1444490
       5458.5000       1.1288959
       5459.9702       1.2043425
       5461.4399       1.1750054
       5462.9102       1.0449759
       5464.3799       1.1728345
       5465.8501       1.1754812
       5467.3198       1.1705558
       5468.7900       1.1759368
       5470.2598       1.1091567
       5471.7300       1.1234784
       5473.2002       1.2058803
       5474.6699       1.1922241
       5476.1401       1.1400374
       5477.6099       1.1371382
       5479.0801       1.0861602
       5480.5498       1.0543218
       5482.0200       1.1086825
       5483.4902       1.1151406
       5484.9600       1.1434929
       5486.4302       1.0466402
       5487.8999       1.0697705
       5489.3701       1.1393989
       5490.8398       1.1383959
       5492.3101       1.1598564
       5493.7798       1.1261663
       5495.2500       1.0683666
       5496.7202       1.0795771
       5498.1899       1.0819093
       5499.6602       1.0911143
       5501.1299      0.98793656
       5502.6001       1.0276047
       5504.0698      0.95432746
       5505.5400       1.0350009
       5507.0098       1.0589842
       5508.4800      0.99621153
       5509.9502       1.0226796
       5511.4199       1.0325255
       5512.8901       1.0438488
       5514.3599       1.0161066
       5515.8301       1.0028063
       5517.2998      0.95532882
       5518.7700      0.99292892
       5520.2402       1.0825508
       5521.7100       1.0359596
       5523.1802       1.1317738
       5524.6499       1.0766833
       5526.1201      0.96076524
       5527.5898       1.0128717
       5529.0601      0.96557611
       5530.5298      0.93791676
       5532.0000      0.98052782
       5533.4702      0.98920006
       5534.9399      0.99726909
       5536.4102      0.99818230
       5537.8799       1.0385079
       5539.3501       1.0366079
       5540.8198       1.0252397
       5542.2900      0.99416268
       5543.7598      0.95659429
       5545.2300       1.0295627
       5546.7002       1.0282122
       5548.1699       1.0356066
       5549.6401       1.0915548
       5551.1099       1.0832347
       5552.5801       1.0141990
       5554.0498       1.0720351
       5555.5200       1.0346044
       5556.9902      0.97497702
       5558.4600       1.0273377
       5559.9302       1.0657628
       5561.3999       1.0525626
       5562.8701       1.0726690
       5564.3398       1.0754350
       5565.8101       1.1052089
       5567.2798       1.0701989
       5568.7500      0.96110493
       5570.2202       1.0208879
       5571.6899       1.0744230
       5573.1602       1.0270947
       5574.6299       1.0409007
       5576.1001       1.1790435
       5577.5698       1.1108360
       5579.0400       1.0144664
       5580.5098       1.0484689
       5581.9800       1.0243245
       5583.4502      0.99642652
       5584.9199      0.99995840
       5586.3901       1.0334898
       5587.8599       1.0065256
       5589.3301      0.97913438
       5590.7998       1.0587603
       5592.2700       1.0741459
       5593.7402       1.0051588
       5595.2100       1.0147283
       5596.6802       1.0521344
       5598.1499       1.0045226
       5599.6201      0.97849005
       5601.0898       1.0563164
       5602.5601       1.0533038
       5604.0298       1.0234516
       5605.5000       1.0669698
       5606.9702       1.0482559
       5608.4399       1.0519104
       5609.9102       1.0760756
       5611.3799       1.0154095
       5612.8501      0.99321765
       5614.3198       1.0007472
       5615.7900       1.0724362
       5617.2598       1.0994397
       5618.7300      0.98762554
       5620.2002       1.0283114
       5621.6699       1.0347449
       5623.1401      0.92603230
       5624.6099      0.98994708
       5626.0801       1.0013007
       5627.5498      0.95120233
       5629.0200       1.0074687
       5630.4902       1.0535132
       5631.9600      0.90044951
       5633.4302      0.95052588
       5634.8999      0.99863327
       5636.3701      0.94673258
       5637.8398      0.96777630
       5639.3101      0.91983509
       5640.7798      0.92477691
       5642.2500      0.93915820
       5643.7202      0.95231909
       5645.1899      0.98631018
       5646.6602      0.94457310
       5648.1299      0.94735330
       5649.6001      0.97165132
       5651.0698      0.95509720
       5652.5400       1.0345147
       5654.0098      0.96225017
       5655.4800      0.93234932
       5656.9502      0.93898165
       5658.4199      0.98176986
       5659.8901      0.97329205
       5661.3599      0.98673570
       5662.8301       1.0036106
       5664.2998      0.97775775
       5665.7700      0.98185629
       5667.2402       1.0509692
       5668.7100       1.0733646
       5670.1802      0.99009728
       5671.6499      0.93303776
       5673.1201       1.0319365
       5674.5898       1.0329585
       5676.0601      0.99122286
       5677.5298       1.0017133
       5679.0000      0.93294090
       5680.4702      0.92628008
       5681.9399      0.96633101
       5683.4102      0.90045929
       5684.8799      0.93746024
       5686.3501      0.99559379
       5687.8198       1.0659513
       5689.2900      0.94241488
       5690.7598       1.0150728
       5692.2300       1.0240262
       5693.7002      0.95858383
       5695.1699      0.94357687
       5696.6401      0.93805957
       5698.1099      0.94178516
       5699.5801      0.91927952
       5701.0498      0.97464424
       5702.5200      0.96130478
       5703.9902      0.97629517
       5705.4600       1.0125052
       5706.9302       1.0195887
       5708.3999       1.0401552
       5709.8701       1.0459884
       5711.3398       1.0305804
       5712.8101      0.98516911
       5714.2798       1.0045824
       5715.7500       1.0204935
       5717.2202       1.0150898
       5718.6899       1.0845896
       5720.1602       1.0224515
       5721.6299       1.0252800
       5723.1001       1.0805932
       5724.5698       1.0711933
       5726.0400       1.0799136
       5727.5098       1.0433342
       5728.9800       1.0588070
       5730.4502       1.0658079
       5731.9199       1.0911026
       5733.3901       1.0832338
       5734.8599       1.0750376
       5736.3301       1.0306015
       5737.7998       1.0393814
       5739.2700       1.1270232
       5740.7402       1.1137346
       5742.2100       1.1229891
       5743.6802       1.0837615
       5745.1499       1.1217234
       5746.6201       1.0818585
       5748.0898       1.0569376
       5749.5601       1.1574605
       5751.0298       1.1151313
       5752.5000       1.1331804
       5753.9702       1.1990136
       5755.4399       1.2144297
       5756.9102       1.1477524
       5758.3799       1.1994379
       5759.8501       1.2512931
       5761.3198       1.1986147
       5762.7900       1.1636156
       5764.2598       1.2016760
       5765.7300       1.3107395
       5767.2002       1.2538853
       5768.6699       1.2107174
       5770.1401       1.1895292
       5771.6099       1.1601450
       5773.0801       1.1609010
       5774.5498       1.1830089
       5776.0200       1.1915909
       5777.4902       1.2456042
       5778.9600       1.3299477
       5780.4302       1.3140314
       5781.8999       1.2755489
       5783.3701       1.3332365
       5784.8398       1.3030158
       5786.3101       1.3598704
       5787.7798       1.3463925
       5789.2500       1.2540623
       5790.7202       1.3165894
       5792.1899       1.3570894
       5793.6602       1.2721004
       5795.1299       1.2610326
       5796.6001       1.3182712
       5798.0698       1.3379058
       5799.5400       1.4160706
       5801.0098       1.4477791
       5802.4800       1.3763226
       5803.9502       1.4354467
       5805.4199       1.3931468
       5806.8901       1.3136065
       5808.3599       1.4311060
       5809.8301       1.4735589
       5811.2998       1.5120287
       5812.7700       1.4691101
       5814.2402       1.3565357
       5815.7100       1.3260907
       5817.1802       1.3615268
       5818.6499       1.4505596
       5820.1201       1.4601865
       5821.5898       1.4396738
       5823.0601       1.4676732
       5824.5298       1.4346156
       5826.0000       1.4098867
       5827.4702       1.4451798
       5828.9399       1.3892409
       5830.4102       1.4093554
       5831.8799       1.4354804
       5833.3501       1.4667686
       5834.8198       1.5163505
       5836.2900       1.4260365
       5837.7598       1.4041940
       5839.2300       1.4599652
       5840.7002       1.4387066
       5842.1699       1.4537102
       5843.6401       1.5391765
       5845.1099       1.4929669
       5846.5801       1.4843487
       5848.0498       1.5031650
       5849.5200       1.4633415
       5850.9902       1.4604803
       5852.4600       1.4926755
       5853.9302       1.5313330
       5855.3999       1.4854946
       5856.8701       1.4157004
       5858.3398       1.4333676
       5859.8101       1.4867153
       5861.2798       1.4841734
       5862.7500       1.4717891
       5864.2202       1.5212295
       5865.6899       1.4776952
       5867.1602       1.4912072
       5868.6299       1.5523071
       5870.1001       1.4752690
       5871.5698       1.4519151
       5873.0400       1.4321712
       5874.5098       1.5008044
       5875.9800       1.4981344
       5877.4502       1.5110813
       5878.9199       1.5421739
       5880.3901       1.5231626
       5881.8599       1.5316063
       5883.3301       1.4683729
       5884.7998       1.4474431
       5886.2700       1.3417847
       5887.7402       1.4245219
       5889.2100       1.5383323
       5890.6802       1.3917029
       5892.1499       1.4025012
       5893.6201       1.4591675
       5895.0898       1.4902583
       5896.5601       1.4261509
       5898.0298       1.4669542
       5899.5000       1.5644715
       5900.9702       1.5204015
       5902.4399       1.4286355
       5903.9102       1.4391744
       5905.3799       1.5599424
       5906.8501       1.5934974
       5908.3198       1.5753735
       5909.7900       1.5768237
       5911.2598       1.6427817
       5912.7300       1.6243134
       5914.2002       1.5106418
       5915.6699       1.4561719
       5917.1401       1.5167444
       5918.6099       1.4523393
       5920.0801       1.3784077
       5921.5498       1.5392892
       5923.0200       1.5160041
       5924.4902       1.4420620
       5925.9600       1.4573610
       5927.4302       1.4074724
       5928.8999       1.4618896
       5930.3701       1.4409803
       5931.8398       1.3821855
       5933.3101       1.4419354
       5934.7798       1.4362482
       5936.2500       1.4417431
       5937.7202       1.4718490
       5939.1899       1.5073335
       5940.6602       1.5068756
       5942.1299       1.5010285
       5943.6001       1.4827574
       5945.0698       1.4717759
       5946.5400       1.3988138
       5948.0098       1.4714832
       5949.4800       1.4791923
       5950.9502       1.4126269
       5952.4199       1.5403148
       5953.8901       1.5159758
       5955.3599       1.4831116
       5956.8301       1.4746426
       5958.2998       1.4367299
       5959.7700       1.4089754
       5961.2402       1.3956707
       5962.7100       1.4093477
       5964.1802       1.4364252
       5965.6499       1.4462159
       5967.1201       1.4309024
       5968.5898       1.4256601
       5970.0601       1.3689876
       5971.5298       1.4166472
       5973.0000       1.3718398
       5974.4702       1.3825035
       5975.9399       1.3895333
       5977.4102       1.3665112
       5978.8799       1.3904184
       5980.3501       1.3517172
       5981.8198       1.3235685
       5983.2900       1.3306733
       5984.7598       1.3582773
       5986.2300       1.3997940
       5987.7002       1.3347591
       5989.1699       1.3108385
       5990.6401       1.3404509
       5992.1099       1.2899553
       5993.5801       1.2936338
       5995.0498       1.3678339
       5996.5200       1.3502811
       5997.9902       1.3072237
       5999.4600       1.3256021
       6000.9302       1.3115621
       6002.3999       1.2718431
       6003.8701       1.2915192
       6005.3398       1.2835064
       6006.8101       1.2701344
       6008.2798       1.2742875
       6009.7500       1.2570270
       6011.2202       1.3308966
       6012.6899       1.3414565
       6014.1602       1.2941467
       6015.6299       1.2662942
       6017.1001       1.2495799
       6018.5698       1.2872412
       6020.0400       1.2876520
       6021.5098       1.3206599
       6022.9800       1.3286488
       6024.4502       1.2898484
       6025.9199       1.2422649
       6027.3901       1.2548643
       6028.8599       1.2996792
       6030.3301       1.2549008
       6031.7998       1.2419009
       6033.2700       1.2096086
       6034.7402       1.2050982
       6036.2100       1.2352926
       6037.6802       1.2443140
       6039.1499       1.1668458
       6040.6201       1.1607879
       6042.0898       1.2347064
       6043.5601       1.2366573
       6045.0298       1.2777610
       6046.5000       1.2221037
       6047.9702       1.2067087
       6049.4399       1.1721512
       6050.9102       1.1471068
       6052.3799       1.1924856
       6053.8501       1.2563387
       6055.3198       1.2736757
       6056.7900       1.2175872
       6058.2598       1.1418319
       6059.7300       1.1165378
       6061.2002       1.1336075
       6062.6699       1.1618301
       6064.1401       1.0987448
       6065.6099       1.1610663
       6067.0801       1.1746815
       6068.5498       1.1722678
       6070.0200       1.1552373
       6071.4902       1.1303644
       6072.9600       1.1350073
       6074.4302       1.1850241
       6075.8999       1.2298436
       6077.3701       1.1899899
       6078.8398       1.1713077
       6080.3101       1.1893058
       6081.7798       1.1410686
       6083.2500       1.1322800
       6084.7202       1.1152550
       6086.1899       1.1303319
       6087.6602       1.0729057
       6089.1299       1.1109591
       6090.6001       1.1194123
       6092.0698       1.1765897
       6093.5400       1.1584917
       6095.0098       1.1501113
       6096.4800       1.0925652
       6097.9502       1.1430455
       6099.4199       1.1196216
       6100.8901       1.1894385
       6102.3599       1.1297903
       6103.8301       1.1139274
       6105.2998       1.0806901
       6106.7700       1.1050503
       6108.2402       1.1286135
       6109.7100       1.1863368
       6111.1802       1.1243432
       6112.6499       1.0470469
       6114.1201       1.0743695
       6115.5898       1.0827795
       6117.0601       1.1279117
       6118.5298       1.1195188
       6120.0000       1.1365927
       6121.4702       1.0732424
       6122.9399       1.0639163
       6124.4102       1.0019778
       6125.8799       1.0633022
       6127.3501       1.0120046
       6128.8198       1.0128818
       6130.2900       1.0735143
       6131.7598       1.0655688
       6133.2300       1.0102644
       6134.7002       1.0314595
       6136.1699      0.99614251
       6137.6401       1.0470964
       6139.1099       1.0076361
       6140.5801       1.0472220
       6142.0498       1.0515586
       6143.5200       1.0726075
       6144.9902       1.0477775
       6146.4600      0.98787516
       6147.9302       1.0813997
       6149.3999       1.0877231
       6150.8701       1.0174063
       6152.3398      0.94966877
       6153.8101      0.92140597
       6155.2798      0.96272016
       6156.7500       1.0117694
       6158.2202       1.0154340
       6159.6899      0.98554873
       6161.1602      0.94173908
       6162.6299      0.94488037
       6164.1001      0.97981781
       6165.5698      0.92532068
       6167.0400      0.94393516
       6168.5098       1.0065376
       6169.9800      0.96655667
       6171.4502      0.92953730
       6172.9199      0.97069657
       6174.3901       1.0174441
       6175.8599      0.95075107
       6177.3301      0.95616168
       6178.7998      0.96725941
       6180.2700      0.94327140
       6181.7402      0.90528375
       6183.2100      0.91990709
       6184.6802      0.93181783
       6186.1499      0.90483505
       6187.6201      0.90028095
       6189.0898      0.92883795
       6190.5601      0.92533571
       6192.0298      0.85558295
       6193.5000      0.85494769
       6194.9702      0.82648861
       6196.4399      0.83353460
       6197.9102      0.87904119
       6199.3799      0.86525834
       6200.8501      0.85224986
       6202.3198      0.90782970
       6203.7900      0.90712887
       6205.2598      0.86984026
       6206.7300      0.89122701
       6208.2002      0.89210230
       6209.6699      0.92280859
       6211.1401      0.96877199
       6212.6099      0.93602765
       6214.0801      0.90539062
       6215.5498      0.91094804
       6217.0200      0.98496222
       6218.4902       1.0086720
       6219.9600      0.92552269
       6221.4302      0.91146171
       6222.8999      0.86259258
       6224.3701      0.82878506
       6225.8398      0.86981946
       6227.3101      0.89815176
       6228.7798      0.88617045
       6230.2500      0.91921067
       6231.7202      0.93067986
       6233.1899      0.91058344
       6234.6602      0.93485522
       6236.1299      0.99042308
       6237.6001      0.91415942
       6239.0698      0.85502577
       6240.5400      0.85743183
       6242.0098      0.80750108
       6243.4800      0.85924900
       6244.9502      0.90807366
       6246.4199      0.85523951
       6247.8901      0.86656326
       6249.3599      0.89300597
       6250.8301      0.91329712
       6252.2998      0.91212600
       6253.7700      0.92340940
       6255.2402      0.87753439
       6256.7100      0.87004018
       6258.1802      0.88282603
       6259.6499      0.86821628
       6261.1201      0.84775853
       6262.5898      0.89730293
       6264.0601      0.96008188
       6265.5298      0.95904613
       6267.0000      0.88691270
       6268.4702      0.86717129
       6269.9399      0.87334919
       6271.4102      0.86691684
       6272.8799      0.87561816
       6274.3501      0.91833037
       6275.8198      0.85304826
       6277.2900      0.86967230
       6278.7598      0.92856163
       6280.2300      0.94269770
       6281.7002      0.87743324
       6283.1699      0.90605682
       6284.6401      0.87067223
       6286.1099      0.85868412
       6287.5801      0.89609116
       6289.0498      0.91419214
       6290.5200      0.90305942
       6291.9902      0.93640524
       6293.4600      0.87774968
       6294.9302      0.93729889
       6296.3999      0.90908283
       6297.8701      0.91284335
       6299.3398      0.89929229
       6300.8101      0.98439175
       6302.2798      0.93195838
       6303.7500      0.89889562
       6305.2202      0.94614846
       6306.6899      0.91154492
       6308.1602      0.86811727
       6309.6299      0.82913333
       6311.1001      0.88329524
       6312.5698      0.88999003
       6314.0400      0.86888003
       6315.5098      0.88543350
       6316.9800      0.89011472
       6318.4502      0.86075753
       6319.9199      0.84741920
       6321.3901      0.87091321
       6322.8599      0.89578998
       6324.3301      0.87424541
       6325.7998      0.90089458
       6327.2700      0.89966542
       6328.7402      0.95932347
       6330.2100      0.94935137
       6331.6802      0.93844604
       6333.1499      0.95638549
       6334.6201      0.89685011
       6336.0898      0.90087205
       6337.5601      0.91944867
       6339.0298      0.94720024
       6340.5000      0.96643490
       6341.9702      0.99210238
       6343.4399      0.88862532
       6344.9102      0.90038222
       6346.3799      0.96015894
       6347.8501      0.95674562
       6349.3198      0.98364407
       6350.7900      0.96682745
       6352.2598      0.92576283
       6353.7300      0.90593010
       6355.2002      0.83765203
       6356.6699      0.89245713
       6358.1401      0.93317360
       6359.6099      0.93407530
       6361.0801      0.93129808
       6362.5498      0.92118168
       6364.0200      0.97997761
       6365.4902      0.86136121
       6366.9600      0.86911356
       6368.4302      0.91146642
       6369.8999      0.86808664
       6371.3701      0.88926476
       6372.8398      0.94318116
       6374.3101      0.95578349
       6375.7798      0.97172028
       6377.2500       1.0049884
       6378.7202      0.89528859
       6380.1899      0.86080170
       6381.6602      0.89451683
       6383.1299      0.87012368
       6384.6001      0.90832824
       6386.0698      0.86766571
       6387.5400      0.86293364
       6389.0098      0.91518766
       6390.4800      0.93938237
       6391.9502      0.95584828
       6393.4199      0.94564563
       6394.8901      0.92555839
       6396.3599      0.91346967
       6397.8301      0.86346793
       6399.2998      0.84875476
       6400.7700      0.95802182
       6402.2402      0.96854270
       6403.7100      0.88580900
       6405.1802      0.90076852
       6406.6499      0.94357789
       6408.1201      0.96705270
       6409.5898      0.94849336
       6411.0601      0.93123692
       6412.5298      0.94719869
       6414.0000      0.92233783
       6415.4702      0.88374150
       6416.9399      0.91019994
       6418.4102      0.93818760
       6419.8799      0.91877806
       6421.3501      0.97880065
       6422.8198      0.96360272
       6424.2900      0.94878322
       6425.7598      0.92562187
       6427.2300      0.92870086
       6428.7002      0.96633112
       6430.1699      0.97916812
       6431.6401       1.0062892
       6433.1099       1.0096496
       6434.5801      0.96706867
       6436.0498      0.91777194
       6437.5200      0.94126773
       6438.9902      0.96511728
       6440.4600      0.94833750
       6441.9302      0.93379378
       6443.3999      0.92204976
       6444.8701      0.95414668
       6446.3398      0.97855908
       6447.8101      0.92885005
       6449.2798      0.98797500
       6450.7500      0.98102564
       6452.2202      0.91181797
       6453.6899      0.92893922
       6455.1602      0.94911790
       6456.6299      0.95855212
       6458.1001       1.0235648
       6459.5698      0.96636206
       6461.0400      0.96469247
       6462.5098      0.93073422
       6463.9800      0.97378641
       6465.4502       1.0447956
       6466.9199       1.0688277
       6468.3901       1.0884651
       6469.8599      0.99172348
       6471.3301      0.91260296
       6472.7998      0.96543807
       6474.2700       1.0080057
       6475.7402      0.94345427
       6477.2100      0.96883190
       6478.6802       1.0224054
       6480.1499      0.99167037
       6481.6201      0.97158426
       6483.0898       1.0173531
       6484.5601       1.0237707
       6486.0298      0.96286494
       6487.5000       1.0550526
       6488.9702       1.0605162
       6490.4399      0.98949945
       6491.9102      0.97966629
       6493.3799      0.96936923
       6494.8501      0.95899653
       6496.3198      0.97533947
       6497.7900      0.96175128
       6499.2598      0.99106491
       6500.7300       1.0686595
       6502.2002       1.0388157
       6503.6699       1.0465357
       6505.1401       1.0106354
       6506.6099       1.0149014
       6508.0801       1.0318806
       6509.5498       1.0618043
       6511.0200       1.0770559
       6512.4902       1.1508399
       6513.9600       1.0551630
       6515.4302       1.1102573
       6516.8999       1.0569369
       6518.3701       1.0717982
       6519.8398       1.0601766
       6521.3101       1.1277528
       6522.7798       1.1098628
       6524.2500       1.0931731
       6525.7202       1.1165062
       6527.1899       1.1040517
       6528.6602       1.0726814
       6530.1299       1.0846534
       6531.6001       1.0789206
       6533.0698       1.0570853
       6534.5400       1.0876594
       6536.0098       1.1296091
       6537.4800       1.0590694
       6538.9502       1.0847470
       6540.4199       1.1326493
       6541.8901       1.0902621
       6543.3599       1.0560794
       6544.8301       1.0981996
       6546.2998       1.1382449
       6547.7700       1.1388861
       6549.2402       1.1335161
       6550.7100       1.0560609
       6552.1802       1.1071725
       6553.6499       1.1706836
       6555.1201       1.1233208
       6556.5898       1.1318470
       6558.0601       1.1444978
       6559.5298       1.1727985
       6561.0000       1.1510854
       6562.4702       1.1224042
       6563.9399       1.1405427
       6565.4102       1.1717750
       6566.8799       1.2047515
       6568.3501       1.1687771
       6569.8198       1.1575060
       6571.2900       1.1657127
       6572.7598       1.1751590
       6574.2300       1.1573915
       6575.7002       1.1099168
       6577.1699       1.1141498
       6578.6401       1.1183828
       6580.1099       1.1226145
       6581.5801       1.1268475
       6583.0498       1.1310791
       6584.5200       1.1353121
       6585.9902       1.1395451
       6587.4600       1.1437768
       6588.9302       1.1480098
       6590.3999       1.1522413
       6591.8701       1.1564744
       6593.3398       1.1607059
       6594.8101       1.1649390
       6596.2798       1.1691706
       6597.7500       1.1734051
       6599.2202       1.1776381
       6600.6899       1.1818696
       6602.1602       1.1861027
       6603.6299       1.1903343
       6605.1001       1.1945673
       6606.5698       1.1987989
       6608.0400       1.2030319
       6609.5098       1.2072636
       6610.9800       1.2114966
       6612.4502       1.2157296
       6613.9199       1.2188436
       6615.3901       1.2219586
       6616.8599       1.2250736
       6618.3301       1.2281885
       6619.7998       1.2313025
       6621.2700       1.2344174
       6622.7402       1.2375325
       6624.2100       1.2406465
       6625.6802       1.2437614
       6627.1499       1.2468754
       6628.6201       1.2499903
       6630.0898       1.2531043
       6631.5601       1.2562193
       6633.0298       1.2593333
       6634.5000       1.2624482
       6635.9702       1.2655632
       6637.4399       1.2686782
       6638.9102       1.2717932
       6640.3799       1.2749071
       6641.8501       1.2780222
       6643.3198       1.2811360
       6644.7900       1.2842511
       6646.2598       1.2873651
       6647.7300       1.2904800
       6649.2002       1.2515593
       6650.6699       1.2718942
       6652.1401       1.3045542
       6653.6099       1.2635697
       6655.0801       1.2442636
       6656.5498       1.2348527
       6658.0200       1.1999449
       6659.4902       1.2055267
       6660.9600       1.1850024
       6662.4302       1.2349726
       6663.8999       1.2690063
       6665.3701       1.2691563
       6666.8398       1.2809483
       6668.3101       1.2702104
       6669.7798       1.2688205
       6671.2500       1.2638453
       6672.7202       1.2292364
       6674.1899       1.1925801
       6675.6602       1.2470819
       6677.1299       1.2559637
       6678.6001       1.2161262
       6680.0698       1.1762683
       6681.5400       1.2260867
       6683.0098       1.2831213
       6684.4800       1.2548081
       6685.9502       1.2150717
       6687.4199       1.2491452
       6688.8901       1.2850076
       6690.3599       1.2980254
       6691.8301       1.2537915
       6693.2998       1.2353603
       6694.7700       1.2038717
       6696.2402       1.2151560
       6697.7100       1.1277970
       6699.1802       1.1530838
       6700.6499       1.1142212
       6702.1201       1.1369833
       6703.5898       1.1879321
       6705.0601       1.1797661
       6706.5298       1.2166703
       6708.0000       1.1951978
       6709.4702       1.2019184
       6710.9399       1.1902317
       6712.4102       1.2301997
       6713.8799       1.1978030
       6715.3501       1.2117730
       6716.8198       1.2117263
       6718.2900       1.2433680
       6719.7598       1.1890087
       6721.2300       1.2407447
       6722.7002       1.1942319
       6724.1699       1.1798290
       6725.6401       1.2644005
       6727.1099       1.2133908
       6728.5801       1.1766977
       6730.0498       1.1871653
       6731.5200       1.1817865
       6732.9902       1.1855402
       6734.4600       1.1713012
       6735.9302       1.1971222
       6737.3999       1.2626699
       6738.8701       1.2440463
       6740.3398       1.1683097
       6741.8101       1.1230013
       6743.2798       1.1942461
       6744.7500       1.2257016
       6746.2202       1.2232171
       6747.6899       1.2207334
       6749.1602       1.2182490
       6750.6299       1.2157652
       6752.1001       1.2132808
       6753.5698       1.2107971
       6755.0400       1.2083126
       6756.5098       1.2058289
       6757.9800       1.2033445
       6759.4502       1.2008591
       6760.9199       1.1969798
       6762.3901       1.1930991
       6763.8599       1.1892198
       6765.3301       1.1853392
       6766.7998       1.1814599
       6768.2700       1.1775792
       6769.7402       1.1736985
       6771.2100       1.1698192
       6772.6802       1.1659386
       6774.1499       1.1620593
       6775.6201       1.1581787
       6777.0898       1.1542994
       6778.5601       1.1504188
       6780.0298       1.1465381
       6781.5000       1.1426575
       6782.9702       1.1387769
       6784.4399       1.1348976
       6785.9102       1.1310170
       6787.3799       1.1271375
       6788.8501       1.1232569
       6790.3198       1.1193776
       6791.7900       1.1154970
       6793.2598       1.1116177
       6794.7300       1.1077371
       6796.2002       1.1038564
       6797.6699       1.1461463
       6799.1401       1.1112366
       6800.6099       1.0393555
       6802.0801       1.0538108
       6803.5498       1.0981764
       6805.0200       1.1032723
       6806.4902       1.0805541
       6807.9600       1.0435300
       6809.4302       1.0627599
       6810.8999       1.0789064
       6812.3701       1.0334460
       6813.8398       1.0220261
       6815.3101       1.0367913
       6816.7798       1.0790163
       6818.2500       1.0958937
       6819.7202       1.1085409
       6821.1899       1.0856749
       6822.6602       1.0225439
       6824.1299       1.0674244
       6825.6001       1.1307502
       6827.0698       1.0248927
       6828.5400      0.97979814
       6830.0098       1.0836319
       6831.4800       1.0732019
       6832.9502      0.99228448
       6834.4199       1.0223228
       6835.8901       1.1111436
       6837.3599       1.0760465
       6838.8301       1.0476553
       6840.2998       1.0469983
       6841.7700       1.0372312
       6843.2402       1.0332139
       6844.7100       1.0476040
       6846.1802       1.0549341
       6847.6499       1.0036097
       6849.1201       1.0000036
       6850.5898       1.0022397
       6852.0601       1.0014831
       6853.5298       1.0674186
       6855.0000       1.0862701
       6856.4702       1.0530454
       6857.9399       1.0670463
       6859.4102       1.0012822
       6860.8799      0.95930868
       6862.3501       1.0050867
       6863.8198       1.0910317
       6865.2900       1.1342589
       6866.7598       1.0534046
       6868.2300       1.0204049
       6869.7002      0.99584740
       6871.1699       1.0251355
       6872.6401       1.0236677
       6874.1099      0.97917461
       6875.5801      0.98556936
       6877.0498       1.0402834
       6878.5200       1.0275995
       6879.9902       1.0343934
       6881.4600      0.99849260
       6882.9302       1.0140623
       6884.3999       1.0063132
       6885.8701       1.0170256
       6887.3398       1.0139509
       6888.8101       1.0659412
       6890.2798       1.0664219
       6891.7500       1.0329220
       6893.2202       1.0427712
       6894.6899       1.0360634
       6896.1602       1.0656415
       6897.6299       1.0542543
       6899.1001       1.0698531
       6900.5698       1.0576675
       6902.0400       1.0957077
       6903.5098       1.1200316
       6904.9800       1.0572765
       6906.4502      0.97576034
       6907.9199       1.0130373
       6909.3901       1.1101599
       6910.8599       1.1447674
       6912.3301       1.0751990
       6913.7998       1.1398139
       6915.2700       1.1055723
       6916.7402       1.1090523
       6918.2100       1.0861703
       6919.6802       1.0789837
       6921.1499       1.0940535
       6922.6201       1.1249790
       6924.0898       1.1295851
       6925.5601       1.1411259
       6927.0298       1.1721289
       6928.5000       1.1193027
       6929.9702       1.0224311
       6931.4399       1.0987070
       6932.9102       1.1301999
       6934.3799       1.1509902
       6935.8501       1.1354083
       6937.3198       1.1428868
       6938.7900       1.1946936
       6940.2598       1.2226119
       6941.7300       1.1647961
       6943.2002       1.1297112
       6944.6699       1.1733001
       6946.1401       1.2377034
       6947.6099       1.2461230
       6949.0801       1.2129309
       6950.5498       1.2248077
       6952.0200       1.2639918
       6953.4902       1.1779739
       6954.9600       1.1687430
       6956.4302       1.2036531
       6957.8999       1.2123468
       6959.3701       1.2312874
       6960.8398       1.2502489
       6962.3101       1.1856744
       6963.7798       1.2259080
       6965.2500       1.1723561
       6966.7202       1.1847733
       6968.1899       1.1767156
       6969.6602       1.1832700
       6971.1299       1.2345901
       6972.6001       1.2318414
       6974.0698       1.1515456
       6975.5400       1.2445731
       6977.0098       1.2434354
       6978.4800       1.1904529
       6979.9502       1.1435184
       6981.4199       1.2642826
       6982.8901       1.2683424
       6984.3599       1.2348213
       6985.8301       1.1992369
       6987.2998       1.2351222
       6988.7700       1.1909990
       6990.2402       1.2132759
       6991.7100       1.2869047
       6993.1802       1.2785805
       6994.6499       1.2920907
       6996.1201       1.1993462
       6997.5898       1.2410614
       6999.0601       1.2234985
       7000.5298       1.1925601
       7002.0000       1.2370878
       7003.4702       1.2741904
       7004.9399       1.2128314
       7006.4102       1.2605919
       7007.8799       1.2528071
       7009.3501       1.1967398
       7010.8198       1.2373240
       7012.2900       1.2678070
       7013.7598       1.3308583
       7015.2300       1.2894118
       7016.7002       1.1943482
       7018.1699       1.2311381
       7019.6401       1.2335033
       7021.1099       1.1737643
       7022.5801       1.2207000
       7024.0498       1.2454987
       7025.5200       1.2253760
       7026.9902       1.1939422
       7028.4600       1.1426340
       7029.9302       1.2328110
       7031.3999       1.2425472
       7032.8701       1.2287171
       7034.3398       1.2430333
       7035.8101       1.2339644
       7037.2798       1.2230952
       7038.7500       1.2433313
       7040.2202       1.1881664
       7041.6899       1.1669452
       7043.1602       1.2226340
       7044.6299       1.2567755
       7046.1001       1.1519291
       7047.5698       1.0816563
       7049.0400       1.1639680
       7050.5098       1.1893975
       7051.9800       1.1746591
       7053.4502       1.1316414
       7054.9199       1.1718963
       7056.3901       1.2580445
       7057.8599       1.1958643
       7059.3301       1.1398921
       7060.7998       1.1576146
       7062.2700       1.1893171
       7063.7402       1.1732388
       7065.2100       1.1643739
       7066.6802       1.1585531
       7068.1499       1.1626576
       7069.6201       1.1751014
       7071.0898       1.1796986
       7072.5601       1.1934675
       7074.0298       1.1571347
       7075.5000       1.1585850
       7076.9702       1.1868684
       7078.4399       1.2315745
       7079.9102       1.2373084
       7081.3799       1.1946428
       7082.8501       1.1943935
       7084.3198       1.1977742
       7085.7900       1.2163234
       7087.2598       1.2271174
       7088.7300       1.2058553
       7090.2002       1.2098634
       7091.6699       1.1550663
       7093.1401       1.1104372
       7094.6099       1.1715882
       7096.0801       1.2155306
       7097.5498       1.2077858
       7099.0200       1.1597967
       7100.4902       1.1852884
       7101.9600       1.2804239
       7103.4302       1.2373292
       7104.8999       1.1442327
       7106.3701       1.2305911
       7107.8398       1.3145348
       7109.3101       1.2496620
       7110.7798       1.1387763
       7112.2500       1.1469481
       7113.7202       1.2063439
       7115.1899       1.1310536
       7116.6602       1.0915973
       7118.1299       1.1156912
       7119.6001       1.1057796
       7121.0698       1.1391796
       7122.5400       1.1826571
       7124.0098       1.1867161
       7125.4800       1.1757288
       7126.9502       1.1818720
       7128.4199       1.2357183
       7129.8901       1.2235407
       7131.3599       1.1847477
       7132.8301       1.2198315
       7134.2998       1.2153765
       7135.7700       1.2458179
       7137.2402       1.2579042
       7138.7100       1.1646674
       7140.1802       1.1778288
       7141.6499       1.2136221
       7143.1201       1.2245203
       7144.5898       1.1600310
       7146.0601       1.1559134
       7147.5298       1.2502803
       7149.0000       1.2015971
       7150.4702       1.1461130
       7151.9399       1.1380255
       7153.4102       1.1620433
       7154.8799       1.1837693
       7156.3501       1.2070941
       7157.8198       1.1941189
       7159.2900       1.1074270
       7160.7598       1.0765551
       7162.2300       1.1631135
       7163.7002       1.1668125
       7165.1699       1.1773471
       7166.6401       1.2386655
       7168.1099       1.2352171
       7169.5801       1.2182680
       7171.0498       1.2004241
       7172.5200       1.1667417
       7173.9902       1.1599869
       7175.4600       1.1586899
       7176.9302       1.1920108
       7178.3999       1.1799432
       7179.8701       1.2558919
       7181.3398       1.2644129
       7182.8101       1.2095839
       7184.2798       1.2105266
       7185.7500       1.2233073
       7187.2202       1.2073035
       7188.6899       1.1792567
       7190.1602       1.1866379
       7191.6299       1.1916752
       7193.1001       1.1736401
       7194.5698       1.2108210
       7196.0400       1.1632951
       7197.5098       1.1093367
       7198.9800       1.1966038
       7200.4502       1.1737121
       7201.9199       1.1188245
       7203.3901       1.1708453
       7204.8599       1.1979687
       7206.3301       1.1442447
       7207.7998       1.1754708
       7209.2700       1.2223780
       7210.7402       1.2003570
       7212.2100       1.1144041
       7213.6802       1.0909828
       7215.1499       1.1526989
       7216.6201       1.1985211
       7218.0898       1.1195542
       7219.5601       1.0810488
       7221.0298       1.1503285
       7222.5000       1.1323832
       7223.9702       1.1650032
       7225.4399       1.1326944
       7226.9102       1.1546768
       7228.3799       1.2259959
       7229.8501       1.1973637
       7231.3198       1.1427594
       7232.7900       1.1751035
       7234.2598       1.1835972
       7235.7300       1.1455768
       7237.2002       1.1192931
       7238.6699       1.1649574
       7240.1401       1.2420543
       7241.6099       1.2538424
       7243.0801       1.1548883
       7244.5498       1.2533170
       7246.0200       1.2651809
       7247.4902       1.1305014
       7248.9600       1.1479981
       7250.4302       1.2045029
       7251.8999       1.1880682
       7253.3701       1.1935018
       7254.8398       1.2013270
       7256.3101       1.0861286
       7257.7798       1.1180778
       7259.2500       1.1978756
       7260.7202       1.1491277
       7262.1899       1.0708159
       7263.6602       1.0931833
       7265.1299       1.0540057
       7266.6001       1.0599738
       7268.0698       1.0421821
       7269.5400       1.0867860
       7271.0098       1.1001421
       7272.4800       1.0736456
       7273.9502       1.0445129
       7275.4199       1.0859749
       7276.8901       1.1129693
       7278.3599       1.0991849
       7279.8301       1.1088791
       7281.2998       1.1969718
       7282.7700       1.1851940
       7284.2402       1.1703829
       7285.7100       1.1430360
       7287.1802       1.0872083
       7288.6499       1.0220141
       7290.1201       1.0221349
       7291.5898       1.0926762
       7293.0601       1.1989268
       7294.5298       1.1058972
       7296.0000       1.0475593
       7297.4702       1.0304549
       7298.9399       1.0491695
       7300.4102       1.0032189
       7301.8799       1.0083650
       7303.3501       1.0549036
       7304.8198       1.0470170
       7306.2900       1.0396831
       7307.7598       1.0533034
       7309.2300       1.0551058
       7310.7002       1.0984296
       7312.1699       1.1426876
       7313.6401       1.1192696
       7315.1099       1.0576297
       7316.5801       1.0773809
       7318.0498       1.1086966
       7319.5200       1.0471119
       7320.9902       1.0852612
       7322.4600       1.1209310
       7323.9302       1.0606254
       7325.3999       1.0848228
       7326.8701       1.1034402
       7328.3398       1.1141013
       7329.8101       1.0627180
       7331.2798       1.0223395
       7332.7500       1.0545024
       7334.2202       1.0555602
       7335.6899       1.0465233
       7337.1602      0.96719271
       7338.6299      0.97224629
       7340.1001      0.99248254
       7341.5698      0.92460984
       7343.0400      0.95942622
       7344.5098       1.0288036
       7345.9800       1.0112860
       7347.4502       1.0134112
       7348.9199       1.0152932
       7350.3901      0.93585318
       7351.8599      0.90460056
       7353.3301       1.0111141
       7354.7998      0.96582049
       7356.2700      0.92977166
       7357.7402      0.99187565
       7359.2100       1.0297391
       7360.6802       1.0345584
       7362.1499       1.0082331
       7363.6201       1.0097200
       7365.0898       1.0687886
       7366.5601       1.0507196
       7368.0298       1.1051204
       7369.5000       1.0571547
       7370.9702      0.93798745
       7372.4399      0.93688333
       7373.9102      0.95262671
       7375.3799      0.99619901
       7376.8501       1.0207660
       7378.3198       1.0467315
       7379.7900       1.0093759
       7381.2598      0.98421079
       7382.7300       1.0011479
       7384.2002      0.98551130
       7385.6699       1.0186430
       7387.1401       1.0289285
       7388.6099      0.95773494
       7390.0801      0.96224624
       7391.5498      0.94973624
       7393.0200      0.88329989
       7394.4902      0.91779059
       7395.9600      0.99520606
       7397.4302      0.96259314
       7398.8999      0.91460496
       7400.3701      0.94086134
       7401.8398       1.0537783
       7403.3101       1.0619739
       7404.7798       1.0336668
       7406.2500       1.0051160
       7407.7202      0.93908024
       7409.1899      0.98625839
       7410.6602      0.90070409
       7412.1299      0.92777783
       7413.6001      0.93708503
       7415.0698      0.89946580
