       3272.0000    0.0011670205
       3273.9497    0.0010261877
       3275.8994   0.00068080047
       3277.8489    0.0014080328
       3279.7986    0.0022253466
       3281.7483    0.0020712647
       3283.6980   -0.0020829237
       3285.6475   0.00087635865
       3287.5972    0.0069207479
       3289.5469    0.0068848915
       3291.4963    0.0080684898
       3293.4460    0.0038230959
       3295.3958    0.0051925443
       3297.3455    0.0024326206
       3299.2949    0.0076103481
       3301.2446    0.0055307606
       3303.1943   -0.0024600588
       3305.1438    0.0038917267
       3307.0935    0.0034329898
       3309.0432    0.0029778832
       3310.9929   4.3312160e-05
       3312.9424    0.0052046445
       3314.8921     0.011183160
       3316.8418    0.0097952373
       3318.7915    0.0070977993
       3320.7412    0.0016005237
       3322.6907    0.0013407915
       3324.6404    0.0036392009
       3326.5901    0.0053162514
       3328.5398    0.0047928360
       3330.4893    0.0035532541
       3332.4390   8.3692539e-05
       3334.3887    0.0045462004
       3336.3381    0.0045259222
       3338.2878  -0.00017347888
       3340.2375   0.00047965147
       3342.1873    0.0020450701
       3344.1367  -0.00094668468
       3346.0864   -0.0025719430
       3348.0361    0.0066207852
       3349.9856    0.0085822027
       3351.9353    0.0098045543
       3353.8850    0.0085609881
       3355.8347    0.0019639847
       3357.7842  -0.00037333905
       3359.7339    0.0016322008
       3361.6836    0.0034279847
       3363.6333   0.00046404084
       3365.5830  -7.3692623e-05
       3367.5325    0.0033948990
       3369.4822    0.0079670474
       3371.4319    0.0061269761
       3373.3816    0.0012166521
       3375.3311  -0.00095382368
       3377.2808    0.0052178847
       3379.2305    0.0017240489
       3381.1799    0.0067038550
       3383.1296    0.0045491145
       3385.0793    0.0072272383
       3387.0291    0.0032476888
       3388.9785    0.0045150649
       3390.9282   0.00081205845
       3392.8779   -0.0019368117
       3394.8274    0.0056987456
       3396.7771    0.0035686973
       3398.7268  -0.00024424167
       3400.6765    0.0026129414
       3402.6262    0.0036876930
       3404.5757    0.0043695928
       3406.5254    0.0047213710
       3408.4751    0.0055456399
       3410.4248    0.0080364421
       3412.3743     0.014725874
       3414.3240    0.0068811649
       3416.2737    0.0062377900
       3418.2234    0.0053497432
       3420.1729    0.0056509762
       3422.1226   0.00096884766
       3424.0723   -0.0047955411
       3426.0217   -0.0034878957
       3427.9714    0.0069760908
       3429.9211    0.0057087867
       3431.8708    0.0049229916
       3433.8203    0.0068458142
       3435.7700    0.0069893757
       3437.7197    0.0051121190
       3439.6692    0.0057718423
       3441.6189    0.0060369279
       3443.5686    0.0074315234
       3445.5183    0.0083430316
       3447.4680    0.0096942792
       3449.4175    0.0051188418
       3451.3672    0.0044526551
       3453.3169    0.0083188424
       3455.2666    0.0074112299
       3457.2161    0.0036463630
       3459.1658    0.0017974321
       3461.1155    0.0052067572
       3463.0652    0.0058721676
       3465.0146    0.0060549784
       3466.9644    0.0049341731
       3468.9141    0.0066291853
       3470.8635     0.011157456
       3472.8132    0.0094607733
       3474.7629    0.0087148128
       3476.7126    0.0064936769
       3478.6621    0.0050111539
       3480.6118    0.0067531150
       3482.5615    0.0075460500
       3484.5110    0.0059834709
       3486.4607    0.0048723505
       3488.4104    0.0016979550
       3490.3601    0.0043271775
       3492.3098    0.0071429955
       3494.2595    0.0073777023
       3496.2090     0.010393420
       3498.1587     0.011466381
       3500.1084    0.0067981933
       3502.0579    0.0037805638
       3504.0076    0.0036277673
       3505.9573    0.0038634608
       3507.9070    0.0075740539
       3509.8564    0.0090687955
       3511.8062    0.0077431537
       3513.7559    0.0055518122
       3515.7053    0.0031333389
       3517.6550    0.0037152702
       3519.6047    0.0073202439
       3521.5544    0.0099136336
       3523.5039    0.0090437578
       3525.4536    0.0076236860
       3527.4033    0.0073253061
       3529.3528     0.011104813
       3531.3025    0.0094394721
       3533.2522    0.0074640834
       3535.2019    0.0076934989
       3537.1516    0.0052118618
       3539.1013    0.0043532434
       3541.0508    0.0033289166
       3543.0005    0.0075682579
       3544.9502    0.0082284100
       3546.8997    0.0030687712
       3548.8494    0.0029532525
       3550.7991    0.0058548544
       3552.7488    0.0092203710
       3554.6982    0.0055701104
       3556.6479    0.0013021289
       3558.5977    0.0016043979
       3560.5471    0.0069604502
       3562.4968    0.0045788591
       3564.4465    0.0069111073
       3566.3962    0.0099782608
       3568.3457    0.0098170042
       3570.2954    0.0073115202
       3572.2451    0.0037906871
       3574.1946    0.0037225194
       3576.1443    0.0069615124
       3578.0940    0.0053585637
       3580.0437    0.0077497540
       3581.9934    0.0067244237
       3583.9431    0.0013505210
       3585.8926    0.0018204426
       3587.8423    0.0046306797
       3589.7920    0.0072913747
       3591.7415     0.010626736
       3593.6912     0.011123101
       3595.6409     0.012172711
       3597.5906     0.012903135
       3599.5400     0.011374766
       3601.4897     0.011673160
       3603.4395    0.0086606620
       3605.3889    0.0070414571
       3607.3386    0.0096136695
       3609.2883    0.0071759168
       3611.2380    0.0081029776
       3613.1875    0.0074041435
       3615.1372    0.0067820689
       3617.0869    0.0064878725
       3619.0366    0.0060767219
       3620.9861    0.0082861520
       3622.9358     0.012344746
       3624.8855     0.012690075
       3626.8352    0.0087018274
       3628.7849    0.0062944810
       3630.7344    0.0030157936
       3632.6841    0.0039850688
       3634.6338    0.0063666231
       3636.5833    0.0056352206
       3638.5330    0.0082512097
       3640.4827     0.010238932
       3642.4324    0.0094163548
       3644.3818    0.0078532444
       3646.3315    0.0055027637
       3648.2812    0.0062018367
       3650.2307    0.0069708116
       3652.1804    0.0075888606
       3654.1301    0.0099182855
       3656.0798     0.010098249
       3658.0293    0.0097480314
       3659.9790    0.0092875967
       3661.9287    0.0075196768
       3663.8784    0.0059240353
       3665.8279    0.0099717025
       3667.7776     0.011151956
       3669.7273    0.0063357251
       3671.6770    0.0062045939
       3673.6267    0.0078460053
       3675.5762    0.0069294944
       3677.5259    0.0069485847
       3679.4756    0.0085431542
       3681.4250    0.0069834879
       3683.3748    0.0070720008
       3685.3245    0.0051384997
       3687.2742    0.0061632167
       3689.2236    0.0071946830
       3691.1733    0.0065894974
       3693.1230    0.0062547936
       3695.0725    0.0064076805
       3697.0222    0.0050760121
       3698.9719    0.0044217715
       3700.9216    0.0059644696
       3702.8711    0.0073514488
       3704.8208    0.0082367659
       3706.7705    0.0088606626
       3708.7202    0.0074193771
       3710.6699    0.0070871944
       3712.6194    0.0060415803
       3714.5691    0.0052597770
       3716.5188    0.0052930247
       3718.4685    0.0071664331
       3720.4180    0.0070768655
       3722.3677    0.0064717475
       3724.3174    0.0056986390
       3726.2668    0.0067550181
       3728.2166    0.0056812107
       3730.1663    0.0057414500
       3732.1160    0.0071591171
       3734.0654    0.0068934495
       3736.0151    0.0066277813
       3737.9648    0.0064544235
       3739.9143    0.0062811095
       3741.8640    0.0061077517
       3743.8137    0.0059344159
       3745.7634    0.0057610800
       3747.7129    0.0055877445
       3749.6626    0.0054144086
       3751.6123    0.0052410509
       3753.5620    0.0050677150
       3755.5117    0.0048943572
       3757.4612    0.0047210432
       3759.4109    0.0045476854
       3761.3606    0.0043743495
       3763.3103    0.0042009917
       3765.2598    0.0040276777
       3767.2095    0.0038543202
       3769.1592    0.0036809843
       3771.1086    0.0035076484
       3773.0583    0.0033343125
       3775.0081    0.0053649060
       3776.9578    0.0039138161
       3778.9072    0.0029476024
       3780.8569    0.0046970723
       3782.8066    0.0024441814
       3784.7561   0.00034702246
       3786.7058   0.00091512455
       3788.6555    0.0014594758
       3790.6052    0.0024796058
       3792.5547    0.0016149433
       3794.5044    0.0028571738
       3796.4541    0.0047003534
       3798.4038    0.0029275976
       3800.3535    0.0024927894
       3802.3030    0.0029159985
       3804.2527    0.0021046135
       3806.2024    0.0021350398
       3808.1519    0.0020822955
       3810.1016    0.0028566094
       3812.0513    0.0020983871
       3814.0010   0.00048997643
       3815.9504    0.0037236018
       3817.9001    0.0023884233
       3819.8499    0.0026929229
       3821.7996    0.0014385503
       3823.7490    0.0017835943
       3825.6987    0.0025797563
       3827.6484    0.0014199633
       3829.5979    0.0016144884
       3831.5476    0.0014598600
       3833.4973   0.00088245654
       3835.4470    0.0010757478
       3837.3965   0.00039160094
       3839.3462  -0.00040230571
       3841.2959    0.0027714944
       3843.2456    0.0021974428
       3845.1953    0.0012066636
       3847.1448   0.00091206009
       3849.0945    0.0036706380
       3851.0442    0.0040129274
       3852.9937    0.0034952692
       3854.9434    0.0033474709
       3856.8931    0.0038727275
       3858.8428    0.0018965517
       3860.7922    0.0035932725
       3862.7419    0.0066717840
       3864.6917    0.0026448604
       3866.6414    0.0048052641
       3868.5908    0.0014203710
       3870.5405   0.00034515900
       3872.4902    0.0029144546
       3874.4397    0.0011140397
       3876.3894    0.0030010093
       3878.3391    0.0021776957
       3880.2888    0.0040890444
       3882.2383    0.0050008502
       3884.1880    0.0035105546
       3886.1377    0.0046674237
       3888.0874    0.0054584346
       3890.0371    0.0053207423
       3891.9866    0.0030945921
       3893.9363    0.0025104082
       3895.8860    0.0030874400
       3897.8354    0.0043905545
       3899.7852    0.0056909537
       3901.7349    0.0050149667
       3903.6846    0.0047124634
       3905.6340    0.0054760054
       3907.5837    0.0061205076
       3909.5334    0.0086666420
       3911.4832    0.0094246129
       3913.4326    0.0094011538
       3915.3823     0.013351866
       3917.3320     0.013345157
       3919.2815    0.0098525295
       3921.2312     0.010958816
       3923.1809     0.012775863
       3925.1306     0.014011001
       3927.0801     0.013373890
       3929.0298     0.011944818
       3930.9795     0.012500770
       3932.9292     0.012842334
       3934.8789     0.013704984
       3936.8284     0.017044242
       3938.7781     0.015755018
       3940.7278     0.015891163
       3942.6772     0.017903218
       3944.6270     0.016959919
       3946.5767     0.015580342
       3948.5264     0.014001396
       3950.4758     0.014988318
       3952.4255     0.014540483
       3954.3752     0.012615911
       3956.3250     0.014125566
       3958.2744     0.015759369
       3960.2241     0.015601572
       3962.1738     0.012235305
       3964.1233     0.013303408
       3966.0730     0.014432568
       3968.0227     0.013277316
       3969.9724     0.014055306
       3971.9221     0.013720029
       3973.8716     0.014572124
       3975.8213     0.011629902
       3977.7710     0.012240221
       3979.7207     0.012876743
       3981.6702     0.015008602
       3983.6199     0.014573664
       3985.5696     0.014942302
       3987.5190     0.015856311
       3989.4688     0.016042229
       3991.4185     0.016197266
       3993.3682     0.016282447
       3995.3176     0.015499488
       3997.2673     0.015719924
       3999.2170     0.014892513
       4001.1667     0.016436096
       4003.1162     0.017770762
       4005.0659     0.016048364
       4007.0156     0.015950788
       4008.9651     0.015719952
       4010.9148     0.016710965
       4012.8645     0.018518979
       4014.8142     0.021497412
       4016.7639     0.019181948
       4018.7134     0.018535594
       4020.6631     0.017540669
       4022.6128     0.020524623
       4024.5625     0.018011680
       4026.5120     0.018295700
       4028.4617     0.020608146
       4030.4114     0.020846611
       4032.3608     0.019857585
       4034.3105     0.019214343
       4036.2603     0.019668007
       4038.2100     0.018936038
       4040.1594     0.019423509
       4042.1091     0.018527815
       4044.0588     0.022442507
       4046.0085     0.021160847
       4047.9580     0.023660710
       4049.9077     0.021228122
       4051.8574     0.015551828
       4053.8069     0.017262783
       4055.7566     0.020078378
       4057.7063     0.020469740
       4059.6560     0.019864194
       4061.6057     0.021845989
       4063.5552     0.020002270
       4065.5049     0.019656513
       4067.4546     0.020505238
       4069.4043     0.015129628
       4071.3538     0.015206179
       4073.3035     0.017905198
       4075.2532     0.017159427
       4077.2026     0.017038802
       4079.1523     0.016541017
       4081.1021     0.014573138
       4083.0518     0.017852711
       4085.0012     0.018224064
       4086.9509     0.016149340
       4088.9006     0.017429676
       4090.8503     0.016692141
       4092.7998     0.015049100
       4094.7495     0.016095528
       4096.6992     0.014793634
       4098.6489     0.015124305
       4100.5986     0.015606966
       4102.5483     0.019252207
       4104.4976     0.017450036
       4106.4473     0.016360737
       4108.3970     0.017028591
       4110.3467     0.017140070
       4112.2964     0.016275818
       4114.2461     0.017307449
       4116.1958     0.018062165
       4118.1455     0.015043351
       4120.0947     0.017714605
       4122.0444     0.019308362
       4123.9941     0.019924920
       4125.9438     0.018048424
       4127.8936     0.019179156
       4129.8433     0.020945745
       4131.7930     0.019143116
       4133.7422     0.019846218
       4135.6919     0.021770120
       4137.6416     0.018148402
       4139.5913     0.017301146
       4141.5410     0.019472046
       4143.4907     0.016712919
       4145.4404     0.016159253
       4147.3901     0.019742487
       4149.3398     0.018120969
       4151.2891     0.015265563
       4153.2388     0.017408825
       4155.1885     0.017802663
       4157.1382     0.016682668
       4159.0879     0.019228190
       4161.0376     0.014935206
       4162.9873     0.013367533
       4164.9365     0.015079486
       4166.8862     0.018605400
       4168.8359     0.017892133
       4170.7856     0.015918743
       4172.7354     0.016278913
       4174.6851     0.017998764
       4176.6348     0.018428456
       4178.5840     0.018051928
       4180.5337     0.016057024
       4182.4834     0.016975874
       4184.4331     0.019547338
       4186.3828     0.018061636
       4188.3325     0.017289687
       4190.2822     0.018842919
       4192.2319     0.017351102
       4194.1816     0.015676808
       4196.1309     0.016087763
       4198.0806     0.016827596
       4200.0303     0.016601019
       4201.9800     0.016081201
       4203.9297     0.015214308
       4205.8794     0.016419614
       4207.8291     0.016867716
       4209.7783     0.017430518
       4211.7280     0.017414024
       4213.6777     0.017176157
       4215.6274     0.013605759
       4217.5771     0.014962298
       4219.5269     0.017093053
       4221.4766     0.017057473
       4223.4258     0.015664311
       4225.3755     0.016726637
       4227.3252     0.017192246
       4229.2749     0.016813993
       4231.2246     0.018005485
       4233.1743     0.016747959
       4235.1240     0.016602192
       4237.0737     0.012908078
       4239.0234     0.015758464
       4240.9727     0.018519882
       4242.9224     0.019268915
       4244.8721     0.016395176
       4246.8218     0.015256945
       4248.7715     0.015987294
       4250.7212     0.013995408
       4252.6709     0.012983071
       4254.6201     0.015025832
       4256.5698     0.017220885
       4258.5195     0.017065249
       4260.4692     0.016056580
       4262.4189     0.014845552
       4264.3687     0.014521738
       4266.3184     0.014785119
       4268.2676     0.016291335
       4270.2173     0.015972737
       4272.1670     0.015106562
       4274.1167     0.014902653
       4276.0664     0.017051816
       4278.0161     0.017552808
       4279.9658     0.016793637
       4281.9155     0.017656557
       4283.8652     0.017201884
       4285.8145     0.018354820
       4287.7642     0.016169118
       4289.7139     0.017186010
       4291.6636     0.016283253
       4293.6133     0.015051895
       4295.5630     0.018927781
       4297.5127     0.020227397
       4299.4619     0.018371997
       4301.4116     0.016808517
       4303.3613     0.019232212
       4305.3110     0.019288223
       4307.2607     0.017577648
       4309.2104     0.015883701
       4311.1602     0.017867567
       4313.1094     0.016615184
       4315.0591     0.016267503
       4317.0088     0.017409634
       4318.9585     0.017667206
       4320.9082     0.016847188
       4322.8579     0.018845428
       4324.8076     0.017425520
       4326.7573     0.018904658
       4328.7070     0.020152250
       4330.6562     0.018694771
       4332.6060     0.016824318
       4334.5557     0.018011561
       4336.5054     0.018511361
       4338.4551     0.015669845
       4340.4048     0.016743170
       4342.3545     0.018528344
       4344.3037     0.017321881
       4346.2534     0.014829486
       4348.2031     0.015040929
       4350.1528     0.015567119
       4352.1025     0.016417742
       4354.0522     0.018192779
       4356.0020     0.018754842
       4357.9512     0.018398022
       4359.9009     0.017307378
       4361.8506     0.017191637
       4363.8003     0.016166398
       4365.7500     0.019680722
       4367.6997     0.021714207
       4369.6494     0.020655358
       4371.5991     0.021991659
       4373.5488     0.023571528
       4375.4980     0.020413283
       4377.4478     0.020209812
       4379.3975     0.020006290
       4381.3472     0.019802818
       4383.2969     0.019599346
       4385.2466     0.019395875
       4387.1963     0.019192351
       4389.1455     0.018988932
       4391.0952     0.018785460
       4393.0449     0.018581988
       4394.9946     0.018378465
       4396.9443     0.018174993
       4398.8940     0.017971521
       4400.8438     0.017768050
       4402.7930     0.017564578
       4404.7427     0.017361108
       4406.6924     0.017157637
       4408.6421     0.016954165
       4410.5918     0.016750641
       4412.5415     0.016547170
       4414.4912     0.014103685
       4416.4409     0.015046876
       4418.3906     0.014962820
       4420.3398     0.017221080
       4422.2896     0.017899992
       4424.2393     0.016228737
       4426.1890     0.015433758
       4428.1387     0.015916610
       4430.0884     0.016657563
       4432.0381     0.017392699
       4433.9873     0.015311590
       4435.9370     0.016064199
       4437.8867     0.017225960
       4439.8364     0.017941438
       4441.7861     0.016824491
       4443.7358     0.015268903
       4445.6855     0.017132888
       4447.6348     0.017778905
       4449.5845     0.018226428
       4451.5342     0.020076519
       4453.4839     0.018596102
       4455.4336     0.016384453
       4457.3833     0.017398417
       4459.3330     0.019094838
       4461.2827     0.017168207
       4463.2324     0.018266413
       4465.1816     0.016158879
       4467.1313     0.016890172
       4469.0811     0.017704878
       4471.0308     0.019689297
       4472.9805     0.017591536
       4474.9302     0.017598502
       4476.8799     0.019687749
       4478.8291     0.019683266
       4480.7788     0.018221252
       4482.7285     0.018692881
       4484.6782     0.019031717
       4486.6279     0.020206895
       4488.5776     0.018933807
       4490.5273     0.017885968
       4492.4766     0.021574622
       4494.4263     0.019682188
       4496.3760     0.018809007
       4498.3257     0.018784374
       4500.2754     0.020991862
       4502.2251     0.022062145
       4504.1748     0.021152040
       4506.1245     0.022673685
       4508.0737     0.022606501
       4510.0234     0.021699879
       4511.9731     0.021316437
       4513.9229     0.023586392
       4515.8726     0.022104688
       4517.8223     0.021870691
       4519.7720     0.022501770
       4521.7217     0.022899911
       4523.6709     0.022784468
       4525.6206     0.022167085
       4527.5703     0.024284638
       4529.5200     0.023623599
       4531.4697     0.022627465
       4533.4194     0.023313364
       4535.3691     0.023889838
       4537.3184     0.025535660
       4539.2681     0.025885496
       4541.2178     0.025402498
       4543.1675     0.026655996
       4545.1172     0.026330994
       4547.0669     0.028063590
       4549.0166     0.027308045
       4550.9663     0.026000634
       4552.9155     0.027055822
       4554.8652     0.029831998
       4556.8149     0.030091409
       4558.7646     0.029934324
       4560.7144     0.027498666
       4562.6641     0.029084215
       4564.6138     0.033080332
       4566.5635     0.029731877
       4568.5127     0.031098707
       4570.4624     0.031009443
       4572.4121     0.030779498
       4574.3618     0.030219791
       4576.3115     0.030491414
       4578.2612     0.030138073
       4580.2109     0.031111246
       4582.1602     0.030266419
       4584.1099     0.030906722
       4586.0596     0.032560430
       4588.0093     0.035084430
       4589.9590     0.034709349
       4591.9087     0.035462596
       4593.8584     0.034043815
       4595.8081     0.036698278
       4597.7573     0.037515484
       4599.7070     0.035085127
       4601.6567     0.034387439
       4603.6064     0.036885299
       4605.5562     0.036186308
       4607.5059     0.037643306
       4609.4556     0.038382057
       4611.4053     0.035347912
       4613.3545     0.034713939
       4615.3042     0.037358087
       4617.2539     0.039066870
       4619.2036     0.037985552
       4621.1533     0.038873225
       4623.1030     0.038391393
       4625.0527     0.036301147
       4627.0024     0.036481604
       4628.9517     0.035922464
       4630.9014     0.039177902
       4632.8511     0.040993161
       4634.8008     0.039726555
       4636.7505     0.035448808
       4638.7002     0.035204094
       4640.6499     0.035960715
       4642.5991     0.036596905
       4644.5488     0.038081665
       4646.4985     0.034961313
       4648.4482     0.034750462
       4650.3979     0.037716415
       4652.3477     0.035799224
       4654.2974     0.035803322
       4656.2471     0.036588289
       4658.1963     0.035151206
       4660.1460     0.033016298
       4662.0957     0.029690553
       4664.0454     0.030547842
       4665.9951     0.035250492
       4667.9448     0.035512935
       4669.8945     0.032121476
       4671.8442     0.031756863
       4673.7935     0.031781457
       4675.7432     0.033818759
       4677.6929     0.035918497
       4679.6426     0.033693962
       4681.5923     0.033332899
       4683.5420     0.036294483
       4685.4917     0.035219494
       4687.4409     0.033060886
       4689.3906     0.033358634
       4691.3403     0.035563633
       4693.2900     0.037011389
       4695.2397     0.035969168
       4697.1895     0.035729613
       4699.1392     0.033935692
       4701.0889     0.034347165
       4703.0381     0.035605211
       4704.9878     0.033035293
       4706.9375     0.032738958
       4708.8872     0.033591479
       4710.8369     0.034112617
       4712.7866     0.033141062
       4714.7363     0.032957330
       4716.6860     0.031878319
       4718.6353     0.032059181
       4720.5850     0.032990780
       4722.5347     0.034923542
       4724.4844     0.035513565
       4726.4341     0.031255063
       4728.3838     0.031626333
       4730.3335     0.031406093
       4732.2827     0.032759048
       4734.2324     0.032904316
       4736.1821     0.032872323
       4738.1318     0.033031043
       4740.0815     0.032333210
       4742.0312     0.032110695
       4743.9810     0.031462867
       4745.9307     0.030524226
       4747.8799     0.030862266
       4749.8296     0.031637687
       4751.7793     0.034762856
       4753.7290     0.031215325
       4755.6787     0.030653778
       4757.6284     0.027426386
       4759.5781     0.028323913
       4761.5278     0.030726017
       4763.4771     0.030250568
       4765.4268     0.030072447
       4767.3765     0.030394726
       4769.3262     0.028049018
       4771.2759     0.030900998
       4773.2256     0.033736505
       4775.1753     0.031440392
       4777.1245     0.030011073
       4779.0742     0.031595878
       4781.0239     0.033010993
       4782.9736     0.031833317
       4784.9233     0.030444467
       4786.8730     0.031461515
       4788.8228     0.030345937
       4790.7725     0.031413920
       4792.7217     0.030298846
       4794.6714     0.029342765
       4796.6211     0.029167708
       4798.5708     0.028935822
       4800.5205     0.031224607
       4802.4702     0.033883933
       4804.4199     0.031603318
       4806.3696     0.030695200
       4808.3188     0.030659968
       4810.2686     0.031015415
       4812.2183     0.029420387
       4814.1680     0.029728817
       4816.1177     0.030216446
       4818.0674     0.030097032
       4820.0171     0.029564751
       4821.9663     0.030012261
       4823.9160     0.032560121
       4825.8657     0.032774217
       4827.8154     0.031562220
       4829.7651     0.029334025
       4831.7148     0.028943548
       4833.6646     0.028435292
       4835.6143     0.029292660
       4837.5635     0.028099427
       4839.5132     0.028377078
       4841.4629     0.027989037
       4843.4126     0.027032631
       4845.3623     0.027740117
       4847.3120     0.028591309
       4849.2617     0.027904164
       4851.2114     0.026882777
       4853.1606     0.030170223
       4855.1104     0.027469361
       4857.0601     0.026178353
       4859.0098     0.031046528
       4860.9595     0.031783029
       4862.9092     0.029419875
       4864.8589     0.029565141
       4866.8081     0.026959879
       4868.7578     0.027966274
       4870.7075     0.025893906
       4872.6572     0.025489725
       4874.6069     0.028094519
       4876.5566     0.028901452
       4878.5063     0.028334541
       4880.4556     0.027767774
       4882.4053     0.027200721
       4884.3550     0.026633810
       4886.3047     0.026066899
       4888.2544     0.025499990
       4890.2041     0.024932936
       4892.1538     0.024366027
       4894.1035     0.023799116
       4896.0532     0.023232205
       4898.0024     0.022665296
       4899.9521     0.022098385
       4901.9019     0.021531474
       4903.8516     0.020964563
       4905.8013     0.020397510
       4907.7510     0.019830599
       4909.7007     0.019263688
       4911.6499     0.018696923
       4913.5996     0.018129868
       4915.5493     0.019470735
       4917.4990     0.021699980
       4919.4487     0.020830568
       4921.3984     0.019254383
       4923.3481     0.021508990
       4925.2974     0.020265570
       4927.2471     0.021315219
       4929.1968     0.021510798
       4931.1465     0.022803137
       4933.0962     0.021657681
       4935.0459     0.022983154
       4936.9956     0.024356499
       4938.9453     0.023952877
       4940.8950     0.024371257
       4942.8442     0.026437573
       4944.7939     0.026996661
       4946.7437     0.027154190
       4948.6934     0.028031986
       4950.6431     0.033021457
       4952.5928     0.029728822
       4954.5425     0.031536557
       4956.4917     0.033139642
       4958.4414     0.032922734
       4960.3911     0.035962164
       4962.3408     0.036799230
       4964.2905     0.037117377
       4966.2402     0.036652442
       4968.1899     0.036667243
       4970.1392     0.036612287
       4972.0889     0.037084572
       4974.0386     0.038117342
       4975.9883     0.038736377
       4977.9380     0.039355569
       4979.8877     0.039974604
       4981.8374     0.040593639
       4983.7871     0.041212671
       4985.7368     0.041831862
       4987.6860     0.042450741
       4989.6357     0.043069776
       4991.5854     0.043688811
       4993.5352     0.044308003
       4995.4849     0.044927038
       4997.4346     0.045546073
       4999.3843     0.046165109
       5001.3335     0.046784140
       5003.2832     0.047403179
       5005.2329     0.048022211
       5007.1826     0.048641246
       5009.1323     0.049260437
       5011.0820     0.049879473
       5013.0317     0.050498508
       5014.9810     0.052809667
       5016.9307     0.052533958
       5018.8804     0.052620593
       5020.8301     0.051025864
       5022.7798     0.051481232
       5024.7295     0.050920226
       5026.6792     0.050359365
       5028.6289     0.049798500
       5030.5786     0.049237639
       5032.5278     0.048676774
       5034.4775     0.048115909
       5036.4272     0.047555048
       5038.3770     0.046994183
       5040.3267     0.046433322
       5042.2764     0.045872316
       5044.2261     0.045311451
       5046.1753     0.044750731
       5048.1250     0.044189867
       5050.0747     0.043628864
       5052.0244     0.043067999
       5053.9741     0.042507134
       5055.9238     0.041946273
       5057.8735     0.041385267
       5059.8232     0.040824406
       5061.7725     0.040263683
       5063.7222     0.041709039
       5065.6719     0.042026181
       5067.6216     0.038620934
       5069.5713     0.037693139
       5071.5210     0.036356024
       5073.4707     0.035701275
       5075.4204     0.034901883
       5077.3696     0.034610059
       5079.3193     0.032081526
       5081.2690     0.032292143
       5083.2188     0.033743143
       5085.1685     0.034581933
       5087.1182     0.030030396
       5089.0679     0.029210951
       5091.0171     0.030765593
       5092.9668     0.032394432
       5094.9165     0.032220863
       5096.8662     0.028726600
       5098.8159     0.030374689
       5100.7656     0.029053850
       5102.7153     0.027172793
       5104.6650     0.029035442
       5106.6143     0.028680848
       5108.5640     0.028344907
       5110.5137     0.030939568
       5112.4634     0.031004949
       5114.4131     0.030573262
       5116.3628     0.032129563
       5118.3125     0.034467459
       5120.2622     0.034888368
       5122.2114     0.032274619
       5124.1611     0.033924006
       5126.1108     0.035221975
       5128.0605     0.034175031
       5130.0103     0.036397289
       5131.9600     0.036085259
       5133.9097     0.036642380
       5135.8589     0.038508300
       5137.8086     0.038134743
       5139.7583     0.037263285
       5141.7080     0.038311254
       5143.6577     0.041518986
       5145.6074     0.041271020
       5147.5571     0.038254812
       5149.5068     0.037985347
       5151.4565     0.041435912
       5153.4058     0.041259509
       5155.3555     0.041258670
       5157.3052     0.039886206
       5159.2549     0.042779841
       5161.2046     0.041241903
       5163.1543     0.040635865
       5165.1040     0.042091582
       5167.0532     0.040912364
       5169.0029     0.042081662
       5170.9526     0.043377023
       5172.9023     0.040437587
       5174.8521     0.044320971
       5176.8018     0.047846895
       5178.7515     0.047033429
       5180.7007     0.043642960
       5182.6504     0.042873014
       5184.6001     0.043239217
       5186.5498     0.045066580
       5188.4995     0.045456056
       5190.4492     0.045839995
       5192.3989     0.044978745
       5194.3486     0.044096623
       5196.2983     0.045672186
       5198.2476     0.046951793
       5200.1973     0.048467390
       5202.1470     0.044151533
       5204.0967     0.046019569
       5206.0464     0.048279274
       5207.9961     0.050028559
       5209.9458     0.049820647
       5211.8950     0.048759706
       5213.8447     0.048593014
       5215.7944     0.044876400
       5217.7441     0.044576891
       5219.6938     0.046247937
       5221.6436     0.047048297
       5223.5933     0.047544729
       5225.5425     0.046241693
       5227.4922     0.045907285
       5229.4419     0.043733053
       5231.3916     0.044956539
       5233.3413     0.044691965
       5235.2910     0.045760807
       5237.2407     0.046310555
       5239.1904     0.046369988
       5241.1401     0.045701105
       5243.0894     0.043750990
       5245.0391     0.044005081
       5246.9888     0.048573960
       5248.9385     0.050615545
       5250.8882     0.049667299
       5252.8379     0.049236484
       5254.7876     0.046057578
       5256.7368     0.046378326
       5258.6865     0.047856107
       5260.6362     0.047269937
       5262.5859     0.046777036
       5264.5356     0.045062277
       5266.4854     0.047842599
       5268.4351     0.050526351
       5270.3843     0.048365012
       5272.3340     0.048108488
       5274.2837     0.047423132
       5276.2334     0.046132136
       5278.1831     0.048560552
       5280.1328     0.047363628
       5282.0825     0.047156997
       5284.0322     0.051673599
       5285.9819     0.049617793
       5287.9312     0.046398476
       5289.8809     0.049137015
       5291.8306     0.051975291
       5293.7803     0.051520593
       5295.7300     0.049344447
       5297.6797     0.049581017
       5299.6294     0.051518120
       5301.5786     0.050305098
       5303.5283     0.050282776
       5305.4780     0.053579677
       5307.4277     0.056328990
       5309.3774     0.054647595
       5311.3271     0.050467595
       5313.2769     0.054194055
       5315.2261     0.052094612
       5317.1758     0.052405823
       5319.1255     0.053873520
       5321.0752     0.056710731
       5323.0249     0.057825129
       5324.9746     0.054427125
       5326.9243     0.055170838
       5328.8740     0.056645196
       5330.8237     0.055828534
       5332.7729     0.055546612
       5334.7227     0.055442117
       5336.6724     0.054733526
       5338.6221     0.058781944
       5340.5718     0.058211233
       5342.5215     0.056188557
       5344.4712     0.054553322
       5346.4204     0.054746162
       5348.3701     0.056234140
       5350.3198     0.054528840
       5352.2695     0.055917248
       5354.2192     0.057700556
       5356.1689     0.061285391
       5358.1187     0.059939813
       5360.0679     0.059650350
       5362.0176     0.059877854
       5363.9673     0.060281273
       5365.9170     0.058135901
       5367.8667     0.058171522
       5369.8164     0.061290134
       5371.7661     0.061297372
       5373.7158     0.060704142
       5375.6655     0.059067179
       5377.6147     0.059132546
       5379.5645     0.059863240
       5381.5142     0.061028816
       5383.4639     0.062338237
       5385.4136     0.060398124
       5387.3633     0.062528014
       5389.3130     0.062099025
       5391.2622     0.058674812
       5393.2119     0.058133569
       5395.1616     0.059267353
       5397.1113     0.060428008
       5399.0610     0.061303478
       5401.0107     0.059929170
       5402.9604     0.058873087
       5404.9097     0.059969448
       5406.8594     0.065836512
       5408.8091     0.066667952
       5410.7588     0.065349437
       5412.7085     0.061889499
       5414.6582     0.062409129
       5416.6079     0.066244200
       5418.5576     0.063903950
       5420.5073     0.063230954
       5422.4565     0.064669803
       5424.4062     0.059875701
       5426.3560     0.058828630
       5428.3057     0.062930562
       5430.2554     0.065326892
       5432.2051     0.065734394
       5434.1548     0.065161958
       5436.1040     0.059505809
       5438.0537     0.055156071
       5440.0034     0.058083799
       5441.9531     0.061189473
       5443.9028     0.066813976
       5445.8525     0.068657503
       5447.8022     0.067338094
       5449.7515     0.066268392
       5451.7012     0.062476214
       5453.6509     0.058380727
       5455.6006     0.062309701
       5457.5503     0.066285111
       5459.5000     0.061386030
       5461.4497     0.060300827
       5463.3994     0.062912464
       5465.3491     0.061973795
       5467.2983     0.063297816
       5469.2480     0.060825735
       5471.1978     0.059627257
       5473.1475     0.064312726
       5475.0972     0.058250435
       5477.0469     0.058951598
       5478.9966     0.062692747
       5480.9458     0.063167460
       5482.8955     0.061848719
       5484.8452     0.063268311
       5486.7949     0.065442130
       5488.7446     0.064387679
       5490.6943     0.062717289
       5492.6440     0.065566503
       5494.5933     0.067288347
       5496.5430     0.067398518
       5498.4927     0.069393091
       5500.4424     0.070716277
       5502.3921     0.072139442
       5504.3418     0.073896557
       5506.2915     0.074678585
       5508.2412     0.076699048
       5510.1909     0.078597620
       5512.1401     0.077781990
       5514.0898     0.079788156
       5516.0396     0.077090204
       5517.9893     0.078342892
       5519.9390     0.079260640
       5521.8887     0.078069262
       5523.8384     0.079057537
       5525.7876     0.080586202
       5527.7373     0.080162428
       5529.6870     0.081829749
       5531.6367     0.084988147
       5533.5864     0.083233096
       5535.5361     0.078679629
       5537.4858     0.082288839
       5539.4351     0.084398478
       5541.3848     0.085324734
       5543.3345     0.083772101
       5545.2842     0.091194667
       5547.2339     0.089746505
       5549.1836     0.085610025
       5551.1333     0.085351646
       5553.0830     0.089319535
       5555.0327     0.090089083
       5556.9819     0.086209029
       5558.9316     0.086909123
       5560.8813     0.089729436
       5562.8311     0.090486936
       5564.7808     0.087907963
       5566.7305     0.085365318
       5568.6802     0.086397029
       5570.6294     0.089546993
       5572.5791     0.083964556
       5574.5288     0.080703110
       5576.4785     0.081592202
       5578.4282     0.084543034
       5580.3779     0.086296700
       5582.3276     0.081443161
       5584.2773     0.074742153
       5586.2266     0.076899268
       5588.1763     0.073097207
       5590.1260     0.075159617
       5592.0757     0.074918300
       5594.0254     0.070500277
       5595.9751     0.070995480
       5597.9248     0.070318565
       5599.8745     0.067318603
       5601.8237     0.067907155
       5603.7734     0.068594761
       5605.7231     0.068134762
       5607.6729     0.067959115
       5609.6226     0.063740388
       5611.5723     0.066571318
       5613.5220     0.065970860
       5615.4712     0.067402847
       5617.4209     0.068094298
       5619.3706     0.063575566
       5621.3203     0.063473597
       5623.2700     0.068193391
       5625.2197     0.066541448
       5627.1694     0.065672703
       5629.1191     0.065934882
       5631.0684     0.064328648
       5633.0181     0.060525775
       5634.9678     0.064371698
       5636.9175     0.061324131
       5638.8672     0.061861068
       5640.8169     0.062453136
       5642.7666     0.063541859
       5644.7163     0.064815342
       5646.6655     0.064604931
       5648.6152     0.062204555
       5650.5649     0.061740708
       5652.5146     0.062399115
       5654.4644     0.061619446
       5656.4141     0.063574813
       5658.3638     0.061315190
       5660.3130     0.060109347
       5662.2627     0.061266627
       5664.2124     0.062690303
       5666.1621     0.059701800
       5668.1118     0.061624050
       5670.0615     0.062400356
       5672.0112     0.061587673
       5673.9609     0.061884228
       5675.9102     0.060588319
       5677.8599     0.060306620
       5679.8096     0.058726050
       5681.7593     0.059998263
       5683.7090     0.060873147
       5685.6587     0.061541948
       5687.6084     0.059237540
       5689.5581     0.062108174
       5691.5073     0.064886473
       5693.4570     0.060140621
       5695.4067     0.055469252
       5697.3564     0.057518255
       5699.3062     0.057591800
       5701.2559     0.054489452
       5703.2056     0.056619145
       5705.1548     0.055808753
       5707.1045     0.053555708
       5709.0542     0.052924499
       5711.0039     0.053023133
       5712.9536     0.052508723
       5714.9033     0.052980714
       5716.8530     0.047649719
       5718.8027     0.047698762
       5720.7524     0.046634838
       5722.7017     0.043476842
       5724.6514     0.042118855
       5726.6011     0.041938964
       5728.5508     0.041238815
       5730.5005     0.037508436
       5732.4502     0.037326325
       5734.3999     0.037448786
       5736.3491     0.037527811
       5738.2988     0.032888718
       5740.2485     0.030158283
       5742.1982     0.032862931
       5744.1479     0.029960858
       5746.0977     0.027492424
       5748.0474     0.026077664
       5749.9966     0.023801873
       5751.9463     0.025703518
       5753.8960     0.026275663
       5755.8457     0.027342845
       5757.7954     0.023690395
       5759.7451     0.019741643
       5761.6948     0.024030106
       5763.6445     0.022992061
       5765.5942     0.022473926
       5767.5435     0.024268854
       5769.4932     0.023206616
       5771.4429     0.023723900
       5773.3926     0.023783749
       5775.3423     0.022866871
       5777.2920     0.022393309
       5779.2417     0.024531279
       5781.1909     0.026896907
       5783.1406     0.027705438
       5785.0903     0.026473645
       5787.0400     0.026451217
       5788.9897     0.026303589
       5790.9395     0.030348567
       5792.8892     0.029515000
       5794.8384     0.028871130
       5796.7881     0.028289804
       5798.7378     0.029100606
       5800.6875     0.033982210
       5802.6372     0.034931168
       5804.5869     0.036982764
       5806.5366     0.034672420
       5808.4863     0.034300037
       5810.4360     0.038311895
       5812.3853     0.039278295
       5814.3350     0.036952864
       5816.2847     0.039590355
       5818.2344     0.040740803
       5820.1841     0.043648195
       5822.1338     0.045031078
       5824.0835     0.046868335
       5826.0327     0.053953618
       5827.9824     0.051793538
       5829.9321     0.053179324
       5831.8818     0.057238288
       5833.8315     0.057787728
       5835.7812     0.057626721
       5837.7310     0.058722392
       5839.6802     0.059563912
       5841.6299     0.063965254
       5843.5796     0.071355902
       5845.5293     0.067826204
       5847.4790     0.067970358
       5849.4287     0.067679264
       5851.3784     0.070722535
       5853.3281     0.069826074
       5855.2778     0.067451686
       5857.2271     0.069799542
       5859.1768     0.072846822
       5861.1265     0.074300349
       5863.0762     0.076192334
       5865.0259     0.070285782
       5866.9756     0.069527425
       5868.9253     0.073301174
       5870.8745     0.076616809
       5872.8242     0.072236165
       5874.7739     0.071987823
       5876.7236     0.076780327
       5878.6733     0.074566387
       5880.6230     0.074771665
       5882.5728     0.079576604
       5884.5220     0.078895018
       5886.4717     0.079468019
       5888.4214     0.077473529
       5890.3711     0.078083567
       5892.3208     0.080370642
       5894.2705     0.076189682
       5896.2202     0.075376391
       5898.1699     0.076753221
       5900.1196     0.079301625
       5902.0688     0.078155890
       5904.0186     0.080737539
       5905.9683     0.078351609
       5907.9180     0.080149733
       5909.8677     0.082502112
       5911.8174     0.084241644
       5913.7671     0.077654570
       5915.7163     0.081332937
       5917.6660     0.082982108
       5919.6157     0.081077665
       5921.5654     0.087482095
       5923.5151     0.087185837
       5925.4648     0.085820206
       5927.4146     0.082971148
       5929.3638     0.080254264
       5931.3135     0.075786196
       5933.2632     0.076256797
       5935.2129     0.082871303
       5937.1626     0.090395741
       5939.1123     0.087421946
       5941.0620     0.085952908
       5943.0117     0.087351114
       5944.9614     0.090005048
       5946.9106     0.089244686
       5948.8604     0.090577289
       5950.8101     0.085964479
       5952.7598     0.088883184
       5954.7095     0.086589627
       5956.6592     0.087292582
       5958.6089     0.086460568
       5960.5581     0.083052464
       5962.5078     0.082169048
       5964.4575     0.086508863
       5966.4072     0.082401119
       5968.3569     0.083338067
       5970.3066     0.091063373
       5972.2563     0.085830316
       5974.2056     0.083623953
       5976.1553     0.083197735
       5978.1050     0.082334690
       5980.0547     0.085477993
       5982.0044     0.088601805
       5983.9541     0.083902180
       5985.9038     0.083224505
       5987.8535     0.082529545
       5989.8032     0.082420632
       5991.7524     0.087677762
       5993.7021     0.083982855
       5995.6519     0.083431527
       5997.6016     0.083136529
       5999.5513     0.084259592
       6001.5010     0.084740676
       6003.4507     0.085110992
       6005.3999     0.083604731
       6007.3496     0.081344239
       6009.2993     0.084219381
       6011.2490     0.078153402
       6013.1987     0.079528853
       6015.1484     0.081749335
       6017.0981     0.078073911
       6019.0474     0.079328865
       6020.9971     0.082189821
       6022.9468     0.083164893
       6024.8965     0.082329921
       6026.8462     0.076015443
       6028.7959     0.075793140
       6030.7456     0.074056126
       6032.6953     0.074573360
       6034.6450     0.076360501
       6036.5942     0.074243464
       6038.5439     0.071682133
       6040.4937     0.073091716
       6042.4434     0.071550317
       6044.3931     0.073873594
       6046.3428     0.072689131
       6048.2925     0.068398409
       6050.2417     0.066881754
       6052.1914     0.068647236
       6054.1411     0.069308557
       6056.0908     0.068256728
       6058.0405     0.068048559
       6059.9902     0.066929214
       6061.9399     0.068355948
       6063.8892     0.070090301
       6065.8389     0.069311835
       6067.7886     0.067257069
       6069.7383     0.064065851
       6071.6880     0.063738450
       6073.6377     0.064091198
       6075.5874     0.066865489
       6077.5371     0.067698359
       6079.4868     0.065234669
       6081.4360     0.064507537
       6083.3857     0.063382737
       6085.3354     0.061382975
       6087.2852     0.061634619
       6089.2349     0.061924160
       6091.1846     0.061741050
       6093.1343     0.066376880
       6095.0835     0.064507201
       6097.0332     0.063082598
       6098.9829     0.063473478
       6100.9326     0.066178665
       6102.8823     0.066212937
       6104.8320     0.062745541
       6106.7817     0.061075848
       6108.7310     0.064913519
       6110.6807     0.063613296
       6112.6304     0.066435516
       6114.5801     0.069012180
       6116.5298     0.067595303
       6118.4795     0.065125868
       6120.4292     0.062810913
       6122.3789     0.061796978
       6124.3286     0.065026827
       6126.2778     0.063473508
       6128.2275     0.066675805
       6130.1772     0.065433308
       6132.1270     0.066232391
       6134.0767     0.061451364
       6136.0264     0.063444696
       6137.9761     0.066848166
       6139.9253     0.068422541
       6141.8750     0.064671420
       6143.8247     0.062403888
       6145.7744     0.064011298
       6147.7241     0.063108250
       6149.6738     0.060509484
       6151.6235     0.057556670
       6153.5732     0.058856051
       6155.5225     0.060069066
       6157.4722     0.062907279
       6159.4219     0.063692354
       6161.3716     0.066521920
       6163.3213     0.062634058
       6165.2710     0.059871171
       6167.2207     0.060056508
       6169.1704     0.058440909
       6171.1196     0.059482846
       6173.0693     0.061679833
       6175.0190     0.063973852
       6176.9688     0.058882501
       6178.9185     0.060324218
       6180.8682     0.063979797
       6182.8179     0.064129889
       6184.7671     0.062375180
       6186.7168     0.063149698
       6188.6665     0.065840103
       6190.6162     0.065636352
       6192.5659     0.066927791
       6194.5156     0.066392668
       6196.4653     0.063582286
       6198.4150     0.060219038
       6200.3643     0.066582374
       6202.3140     0.067132421
       6204.2637     0.068820618
       6206.2134     0.067792490
       6208.1631     0.067499429
       6210.1128     0.067886770
       6212.0625     0.064770013
       6214.0122     0.069757842
       6215.9614     0.070944227
       6217.9111     0.070687488
       6219.8608     0.069460936
       6221.8105     0.071315356
       6223.7603     0.075483099
       6225.7100     0.074359335
       6227.6597     0.072459444
       6229.6089     0.073329836
       6231.5586     0.074622124
       6233.5083     0.073710851
       6235.4580     0.077986203
       6237.4077     0.078340262
       6239.3574     0.077790201
       6241.3071     0.081863575
       6243.2568     0.082226202
       6245.2065     0.078397788
       6247.1558     0.082959399
       6249.1055     0.086608857
       6251.0552     0.083951339
       6253.0049     0.082103126
       6254.9546     0.088592522
       6256.9043     0.096595369
       6258.8540     0.097124472
       6260.8032     0.093332097
       6262.7529     0.094206147
       6264.7026      0.10115317
       6266.6523      0.10171075
       6268.6021      0.10404568
       6270.5518      0.10359485
       6272.5015      0.10674863
       6274.4507      0.10523149
       6276.4004      0.10046660
       6278.3501      0.10295281
       6280.2998      0.10568801
       6282.2495      0.11148945
       6284.1992      0.11045329
       6286.1489      0.10896932
       6288.0986      0.10796408
       6290.0483      0.10743544
       6291.9976      0.10502709
       6293.9473      0.10837931
       6295.8970      0.10486831
       6297.8467      0.10133956
       6299.7964      0.10650138
       6301.7461      0.11026377
       6303.6958      0.10360193
       6305.6450     0.098684989
       6307.5947      0.10015427
       6309.5444     0.099028170
       6311.4941      0.10345328
       6313.4438      0.10559678
       6315.3936      0.10449231
       6317.3433      0.10049219
       6319.2925     0.098394640
       6321.2422     0.099428885
       6323.1919     0.098564990
       6325.1416     0.099830598
       6327.0913     0.096552432
       6329.0410     0.091818027
       6330.9907     0.098154373
       6332.9404     0.099943861
       6334.8901     0.097372346
       6336.8394      0.10208770
       6338.7891      0.10581981
       6340.7388      0.10481540
       6342.6885      0.10707041
       6344.6382      0.10480436
       6346.5879      0.10426269
       6348.5376      0.10158057
       6350.4868     0.099535890
       6352.4365      0.10116296
       6354.3862      0.10118943
       6356.3359     0.097575329
       6358.2856     0.094570734
       6360.2354     0.091462269
       6362.1851     0.091588423
       6364.1343     0.090973549
       6366.0840     0.091401584
       6368.0337     0.088637710
       6369.9834     0.089987203
       6371.9331     0.092797659
       6373.8828     0.092365302
       6375.8325     0.090595961
       6377.7822     0.089120209
       6379.7319     0.086869940
       6381.6812     0.088748470
       6383.6309     0.095586747
       6385.5806     0.092881314
       6387.5303     0.086212203
       6389.4800     0.086177163
       6391.4297     0.089819819
       6393.3794     0.089828923
       6395.3286     0.089144163
       6397.2783     0.089307703
       6399.2280     0.084523574
       6401.1777     0.079150647
       6403.1274     0.087388620
       6405.0771     0.088003285
       6407.0269     0.084073387
       6408.9761     0.084748782
       6410.9258     0.084164560
       6412.8755     0.083190233
       6414.8252     0.085586555
       6416.7749     0.086600445
       6418.7246     0.088218391
       6420.6743     0.084809773
       6422.6240     0.080817416
       6424.5737     0.082111076
       6426.5229     0.080095179
       6428.4727     0.082882747
       6430.4224     0.082590126
       6432.3721     0.078403756
       6434.3218     0.078321904
       6436.2715     0.080193348
       6438.2212     0.083855867
       6440.1704     0.083764777
       6442.1201     0.080538832
       6444.0698     0.082189687
       6446.0195     0.085667275
       6447.9692     0.082893930
       6449.9189     0.079248399
       6451.8687     0.079562329
       6453.8179     0.083104201
       6455.7676     0.082640730
       6457.7173     0.076860279
       6459.6670     0.080113269
       6461.6167     0.086010695
       6463.5664     0.082577318
       6465.5161     0.080609299
       6467.4658     0.083578028
       6469.4155     0.084846638
       6471.3647     0.081527673
       6473.3145     0.082597621
       6475.2642     0.084181331
       6477.2139     0.083299257
       6479.1636     0.084202878
       6481.1133     0.086697362
       6483.0630     0.083877191
       6485.0122     0.088148333
       6486.9619     0.090644225
       6488.9116     0.091700509
       6490.8613     0.088051602
       6492.8110     0.085867912
       6494.7607     0.089499600
       6496.7104     0.087899342
       6498.6597     0.087504856
       6500.6094     0.085386924
       6502.5591     0.081779532
       6504.5088     0.087323897
       6506.4585     0.085076712
       6508.4082     0.080776848
       6510.3579     0.078746006
       6512.3076     0.085698195
       6514.2573     0.086171351
       6516.2065     0.083765522
       6518.1562     0.082643956
       6520.1060     0.086743668
       6522.0557     0.084735826
       6524.0054     0.083054692
       6525.9551     0.083093606
       6527.9048     0.080791697
       6529.8540     0.077217691
       6531.8037     0.076294027
       6533.7534     0.078040168
       6535.7031     0.078698486
       6537.6528     0.077909112
       6539.6025     0.077434607
       6541.5522     0.077520765
       6543.5015     0.075865403
       6545.4512     0.077418298
       6547.4009     0.071806759
       6549.3506     0.073778205
       6551.3003     0.072625168
       6553.2500     0.072256774
       6555.1997     0.075710036
       6557.1494     0.071000673
       6559.0991     0.065747522
       6561.0483     0.066847511
       6562.9980     0.068189949
       6564.9478     0.068341799
       6566.8975     0.064836562
       6568.8472     0.064199664
       6570.7969     0.064154476
       6572.7466     0.068094514
       6574.6958     0.064816020
       6576.6455     0.065187402
       6578.5952     0.065558776
       6580.5449     0.065930158
       6582.4946     0.066301629
       6584.4443     0.066673011
       6586.3940     0.067044385
       6588.3433     0.067415670
       6590.2930     0.067787141
       6592.2427     0.068158522
       6594.1924     0.068529904
       6596.1421     0.068901278
       6598.0918     0.069272757
       6600.0415     0.069644131
       6601.9912     0.070015512
       6603.9409     0.070386887
       6605.8901     0.070758268
       6607.8398     0.071129650
       6609.7896     0.071501024
       6611.7393     0.071872406
       6613.6890     0.072243877
       6615.6387     0.072607696
       6617.5884     0.072971508
       6619.5376     0.073335238
       6621.4873     0.073699147
       6623.4370     0.074062966
       6625.3867     0.074426778
       6627.3364     0.074790597
       6629.2861     0.075154506
       6631.2358     0.075518325
       6633.1851     0.075882047
       6635.1348     0.076245867
       6637.0845     0.076609775
       6639.0342     0.076973595
       6640.9839     0.077337414
       6642.9336     0.077701226
       6644.8833     0.078065135
       6646.8330     0.078428954
       6648.7827     0.078792773
       6650.7319     0.076543234
       6652.6816     0.078004211
       6654.6313     0.076583914
       6656.5811     0.079531014
       6658.5308     0.074801333
       6660.4805     0.073905848
       6662.4302     0.078041695
       6664.3794     0.076066859
       6666.3291     0.069697246
       6668.2788     0.067777157
       6670.2285     0.071220078
       6672.1782     0.072508298
       6674.1279     0.073162667
       6676.0776     0.073161304
       6678.0273     0.067463785
       6679.9766     0.069226757
       6681.9263     0.072772913
       6683.8760     0.070989072
       6685.8257     0.068102926
       6687.7754     0.063352652
       6689.7251     0.064245343
       6691.6748     0.068006039
       6693.6245     0.068396375
       6695.5737     0.069759473
       6697.5234     0.068407021
       6699.4731     0.071838021
       6701.4229     0.068605892
       6703.3726     0.069231674
       6705.3223     0.069347963
       6707.2720     0.068264008
       6709.2212     0.068190359
       6711.1709     0.064677082
       6713.1206     0.066947982
       6715.0703     0.064645037
       6717.0200     0.062611826
       6718.9697     0.062037043
       6720.9194     0.063014932
       6722.8691     0.068822883
       6724.8184     0.071294308
       6726.7681     0.071585812
       6728.7178     0.068835154
       6730.6675     0.064797968
       6732.6172     0.066003650
       6734.5669     0.067221552
       6736.5166     0.069694251
       6738.4663     0.068362407
       6740.4155     0.066942662
       6742.3652     0.064784922
       6744.3149     0.068330117
       6746.2646     0.067721277
       6748.2144     0.067112282
       6750.1641     0.066503443
       6752.1138     0.065894604
       6754.0630     0.065285921
       6756.0127     0.064677082
       6757.9624     0.064068086
       6759.9121     0.063957959
       6761.8618     0.063847825
       6763.8115     0.063737698
       6765.7612     0.063627534
       6767.7109     0.063517407
       6769.6602     0.063407302
       6771.6099     0.063297175
       6773.5596     0.063187018
       6775.5093     0.063076884
       6777.4590     0.062966757
       6779.4087     0.062856622
       6781.3584     0.062746465
       6783.3081     0.062636331
       6785.2573     0.062526233
       6787.2070     0.062416103
       6789.1567     0.062305942
       6791.1064     0.062195811
       6793.0562     0.062085681
       6795.0059     0.061975550
       6796.9556     0.061865393
       6798.9048     0.062369950
       6800.8545     0.061833203
       6802.8042     0.063076608
       6804.7539     0.062635742
       6806.7036     0.061350297
       6808.6533     0.059505977
       6810.6030     0.059239130
       6812.5527     0.061585657
       6814.5024     0.063426070
       6816.4517     0.061794993
       6818.4014     0.061466526
       6820.3511     0.063232452
       6822.3008     0.065106802
       6824.2505     0.062652357
       6826.2002     0.061326388
       6828.1499     0.060643375
       6830.0991     0.060489476
       6832.0488     0.060650129
       6833.9985     0.056712650
       6835.9482     0.054725695
       6837.8979     0.062086273
       6839.8477     0.061155092
       6841.7974     0.057711244
       6843.7466     0.055413004
       6845.6963     0.054647025
       6847.6460     0.055412028
       6849.5957     0.054759201
       6851.5454     0.058450598
       6853.4951     0.059319440
       6855.4448     0.054185763
       6857.3945     0.057311077
       6859.3442     0.058291681
       6861.2935     0.056226317
       6863.2432     0.057275571
       6865.1929     0.051792279
       6867.1426     0.041668277
       6869.0923     0.046173465
       6871.0420     0.050814491
       6872.9917     0.054199893
       6874.9409     0.056701068
       6876.8906     0.057837315
       6878.8403     0.058618113
       6880.7900     0.059869666
       6882.7397     0.058261100
       6884.6895     0.051181152
       6886.6392     0.051323980
       6888.5884     0.051833175
       6890.5381     0.050610095
       6892.4878     0.050547954
       6894.4375     0.051517852
       6896.3872     0.049191091
       6898.3369     0.055423681
       6900.2866     0.057012167
       6902.2363     0.053516299
       6904.1860     0.048430152
       6906.1353     0.043374594
       6908.0850     0.047907829
       6910.0347     0.051494811
       6911.9844     0.046443284
       6913.9341     0.047652058
       6915.8838     0.051996391
       6917.8335     0.045862976
       6919.7827     0.043839630
       6921.7324     0.047911245
       6923.6821     0.046149429
       6925.6318     0.045628563
       6927.5815     0.044626221
       6929.5312     0.044037215
       6931.4810     0.041231021
       6933.4302     0.043512419
       6935.3799     0.048737656
       6937.3296     0.048043765
       6939.2793     0.046229851
       6941.2290     0.049331147
       6943.1787     0.049000755
       6945.1284     0.047993705
       6947.0781     0.051069994
       6949.0278     0.045257468
       6950.9771     0.041972559
       6952.9268     0.043754183
       6954.8765     0.050190464
       6956.8262     0.050298207
       6958.7759     0.050903916
       6960.7256     0.052451808
       6962.6753     0.059021179
       6964.6245     0.057770979
       6966.5742     0.058300301
       6968.5239     0.059390262
       6970.4736     0.058194447
       6972.4233     0.058173858
       6974.3730     0.060233116
       6976.3228     0.068609953
       6978.2720     0.073316604
       6980.2217     0.067681320
       6982.1714     0.068988465
       6984.1211     0.070532769
       6986.0708     0.070956886
       6988.0205     0.078313701
       6989.9702     0.079899386
       6991.9199     0.080653913
       6993.8696     0.084064424
       6995.8188     0.082421079
       6997.7686     0.084189586
       6999.7183     0.088031508
       7001.6680     0.095661737
       7003.6177     0.091662645
       7005.5674     0.096249342
       7007.5171     0.096827857
       7009.4663     0.096773773
       7011.4160      0.10004094
       7013.3657      0.10079066
       7015.3154     0.095975257
       7017.2651     0.092643805
       7019.2148     0.094804563
       7021.1646     0.090535514
       7023.1138     0.091442257
       7025.0635     0.093342729
       7027.0132     0.092250817
       7028.9629     0.087521002
       7030.9126     0.090586811
       7032.8623     0.089710467
       7034.8120     0.085125998
       7036.7617     0.084785305
       7038.7114     0.090029612
       7040.6606     0.089404985
       7042.6104     0.085721388
       7044.5601     0.083763912
       7046.5098     0.085486703
       7048.4595     0.088527896
       7050.4092     0.081646539
       7052.3589     0.079556465
       7054.3081     0.085270569
       7056.2578     0.085612707
       7058.2075     0.087634303
       7060.1572     0.085091919
       7062.1069     0.077975035
       7064.0566     0.079357363
       7066.0063     0.076114304
       7067.9556     0.077193521
       7069.9053     0.078630462
       7071.8550     0.078490458
       7073.8047     0.077430949
       7075.7544     0.080396041
       7077.7041     0.078214929
       7079.6538     0.077496231
       7081.6035     0.082248896
       7083.5532     0.081503063
       7085.5024     0.075814210
       7087.4521     0.079216897
       7089.4019     0.082150452
       7091.3516     0.081291951
       7093.3013     0.079746895
       7095.2510     0.080483913
       7097.2007     0.081329539
       7099.1499     0.081868641
       7101.0996     0.078805700
       7103.0493     0.076381318
       7104.9990     0.081162252
       7106.9487     0.085901022
       7108.8984     0.091001593
       7110.8481     0.087712079
       7112.7974     0.087862059
       7114.7471     0.086370312
       7116.6968     0.090335011
       7118.6465     0.090877727
       7120.5962     0.094846003
       7122.5459     0.097758293
       7124.4956     0.092941351
       7126.4453     0.088429496
       7128.3950     0.086518295
       7130.3442     0.096023671
       7132.2939     0.092747010
       7134.2437     0.088896573
       7136.1934     0.092739969
       7138.1431     0.087364621
       7140.0928     0.089586943
       7142.0425     0.091528714
       7143.9917     0.091058090
       7145.9414     0.088486791
       7147.8911     0.087646209
       7149.8408     0.083912164
       7151.7905     0.088211425
       7153.7402     0.085286751
       7155.6899     0.086947978
       7157.6392     0.086587079
       7159.5889     0.086967170
       7161.5386     0.086676776
       7163.4883     0.082766019
       7165.4380     0.078130350
       7167.3877     0.085119985
       7169.3374     0.088739976
       7171.2871     0.092507809
       7173.2368     0.092334569
       7175.1860     0.092391640
       7177.1357     0.087246537
       7179.0854     0.085204042
       7181.0352     0.087000169
       7182.9849     0.090272963
       7184.9346     0.095948510
       7186.8843     0.096932948
       7188.8335     0.087514378
       7190.7832     0.086810797
       7192.7329     0.092618428
       7194.6826     0.095852815
       7196.6323     0.097230293
       7198.5820      0.10258374
       7200.5317     0.098768927
       7202.4810      0.10172889
       7204.4307      0.10710768
       7206.3804      0.10697708
       7208.3301      0.10470422
       7210.2798      0.10447589
       7212.2295      0.11125644
       7214.1792      0.10930105
       7216.1289      0.10794359
       7218.0786      0.11032476
       7220.0278      0.10828469
       7221.9775      0.10972077
       7223.9272      0.11535268
       7225.8770      0.11750214
       7227.8267      0.11057065
       7229.7764      0.11600005
       7231.7261      0.11629134
       7233.6753      0.11177355
       7235.6250      0.10417368
       7237.5747      0.10668944
       7239.5244      0.10870547
       7241.4741      0.10473898
       7243.4238      0.10663021
       7245.3735      0.10689675
       7247.3232      0.10752979
       7249.2725      0.10781453
       7251.2222      0.10618754
       7253.1719      0.10951157
       7255.1216      0.11240254
       7257.0713      0.11368635
       7259.0210      0.11391743
       7260.9707      0.10940738
       7262.9204      0.10565586
       7264.8696      0.10726889
       7266.8193      0.10850696
       7268.7690      0.11292912
       7270.7188      0.11531489
       7272.6685      0.11078146
       7274.6182      0.11003498
       7276.5679      0.11113752
       7278.5171      0.11118027
       7280.4668      0.11595137
       7282.4165      0.11850793
       7284.3662      0.11567198
       7286.3159      0.11090986
       7288.2656      0.11624809
       7290.2153      0.12083120
       7292.1650      0.12299456
       7294.1143      0.12264867
       7296.0640      0.12322056
       7298.0137      0.12106548
       7299.9634      0.12187778
       7301.9131      0.11754610
       7303.8628      0.12309074
       7305.8125      0.12140606
       7307.7617      0.11298040
       7309.7114      0.11708506
       7311.6611      0.12187730
       7313.6108      0.12654661
       7315.5605      0.12617365
       7317.5103      0.11801731
       7319.4600      0.11691619
       7321.4097      0.12151564
       7323.3589      0.12142172
       7325.3086      0.12716450
       7327.2583      0.13184126
       7329.2080      0.13126920
       7331.1577      0.12609288
       7333.1074      0.12916778
       7335.0571      0.13256204
       7337.0068      0.12980495
       7338.9561      0.12970416
       7340.9058      0.12935157
       7342.8555      0.12790820
       7344.8052      0.12778540
       7346.7549      0.12437022
       7348.7046      0.12331300
       7350.6543      0.12230946
       7352.6035      0.12519401
       7354.5532      0.12469672
       7356.5029      0.12693168
       7358.4526      0.12737243
       7360.4023      0.12938550
       7362.3521      0.12374960
       7364.3018      0.12337287
       7366.2515      0.12965271
       7368.2007      0.11506910
       7370.1504      0.11399302
       7372.1001      0.11967587
       7374.0498      0.11818109
       7375.9995      0.12153439
       7377.9492      0.11305909
       7379.8989      0.11751381
       7381.8486      0.11440570
       7383.7979      0.11188356
       7385.7476      0.10895325
       7387.6973      0.11264563
       7389.6470      0.11459687
       7391.5967      0.11744141
       7393.5464      0.11144221
       7395.4961      0.11164988
       7397.4453      0.10925756
       7399.3950      0.11606556
       7401.3447      0.11310521
       7403.2944      0.10827946
       7405.2441      0.11611968
       7407.1938      0.11034934
       7409.1436      0.11282779
       7411.0933      0.11534005
       7413.0425      0.11133464
       7414.9922      0.10676941
       7416.9419      0.10414946
       7418.8916      0.11011137
       7420.8413      0.11001884
       7422.7910      0.10689565
       7424.7407      0.11288275
       7426.6904      0.11393141
       7428.6396      0.11016914
       7430.5894      0.10741208
       7432.5391      0.11077593
       7434.4888      0.10978511
       7436.4385      0.10317243
       7438.3882     0.098906651
       7440.3379      0.10027714
       7442.2871      0.10180085
       7444.2368      0.10640928
       7446.1865      0.10569305
       7448.1362      0.10394910
       7450.0859      0.10236077
       7452.0356      0.10086198
       7453.9854     0.096057437
       7455.9351     0.097663254
       7457.8843      0.10168412
       7459.8340      0.10786521
       7461.7837      0.10466707
       7463.7334     0.099424034
       7465.6831      0.10144236
       7467.6328     0.099887334
       7469.5825      0.10333427
       7471.5322     0.096888795
       7473.4814     0.094176330
       7475.4312     0.095670342
       7477.3809     0.094509169
       7479.3306     0.094057329
       7481.2803     0.096358843
       7483.2300     0.093754493
       7485.1797     0.092086099
       7487.1289     0.092687257
       7489.0786     0.094912402
       7491.0283     0.093803108
       7492.9780     0.092345148
       7494.9277     0.089715809
       7496.8774     0.091935597
       7498.8271     0.090671375
       7500.7769     0.087136164
       7502.7261     0.087978683
       7504.6758     0.088380374
       7506.6255     0.090479448
       7508.5752     0.087141074
       7510.5249     0.087220512
       7512.4746     0.079912096
       7514.4243     0.076260425
       7516.3740     0.081446096
       7518.3232     0.085481189
       7520.2729     0.082474485
       7522.2227     0.078139864
       7524.1724     0.075731479
       7526.1221     0.079509065
       7528.0718     0.074827567
       7530.0215     0.073303588
       7531.9707     0.079698518
       7533.9204     0.077930182
       7535.8701     0.075557493
       7537.8198     0.075464651
       7539.7695     0.074536934
       7541.7192     0.071139224
       7543.6689     0.069671534
       7545.6187     0.074807614
       7547.5679     0.076487452
       7549.5176     0.077920713
       7551.4673     0.079411112
       7553.4170     0.075596362
       7555.3667     0.073578201
       7557.3164     0.072319359
       7559.2661     0.069714539
       7561.2158     0.064988673
       7563.1650     0.072436616
       7565.1147     0.075608030
       7567.0645     0.072585791
       7569.0142     0.069490798
       7570.9639     0.070029341
       7572.9136     0.071130283
       7574.8633     0.072278731
       7576.8125     0.073542118
       7578.7622     0.072298974
       7580.7119     0.070604205
       7582.6616     0.072797045
       7584.6113     0.067948326
       7586.5610     0.066926822
       7588.5107     0.065905318
       7590.4604     0.064883821
       7592.4097     0.063862316
       7594.3594     0.062840812
       7596.3091     0.061819311
       7598.2588     0.060797807
       7600.2085     0.059776302
       7602.1582     0.058754802
       7604.1079     0.058754802
       7606.0576     0.062345922
       7608.0068     0.055532202
       7609.9565     0.044428658
       7611.9062     0.044771202
       7613.8560     0.051900104
       7615.8057     0.058578692
       7617.7554     0.060723588
       7619.7051     0.066348083
       7621.6543     0.062065758
       7623.6040     0.065263495
       7625.5537     0.068259619
       7627.5034     0.067305796
       7629.4531     0.058165893
       7631.4028     0.053689115
       7633.3525     0.051607359
       7635.3018     0.055201329
       7637.2515     0.060728554
       7639.2012     0.063391916
       7641.1509     0.062350631
       7643.1006     0.061780024
       7645.0503     0.059017953
       7647.0000     0.057220187
       7648.9497     0.059273880
       7650.8994     0.054355342
       7652.8486     0.054851130
       7654.7983     0.056455977
       7656.7480     0.059341066
       7658.6978     0.061027396
       7660.6475     0.066617340
       7662.5972     0.061977413
       7664.5469     0.059712283
       7666.4961     0.059928585
       7668.4458     0.061063070
       7670.3955     0.065068685
       7672.3452     0.071018316
       7674.2949     0.068571523
       7676.2446     0.065249644
       7678.1943     0.070261508
       7680.1440     0.071655311
       7682.0933     0.069752008
       7684.0430     0.076580964
       7685.9927     0.074652806
       7687.9424     0.068329066
       7689.8921     0.067565516
       7691.8418     0.067383386
       7693.7915     0.070172615
       7695.7412     0.073640399
       7697.6904     0.071367793
       7699.6401     0.068318121
       7701.5898     0.065033622
       7703.5396     0.069928505
       7705.4893     0.073828712
       7707.4390     0.076103702
       7709.3887     0.082081839
       7711.3379     0.073555067
       7713.2876     0.072696112
       7715.2373     0.075119749
       7717.1870     0.077260353
       7719.1367     0.080612749
       7721.0864     0.086763278
       7723.0361     0.088214688
       7724.9858     0.094978973
       7726.9351     0.098460123
       7728.8848     0.092698038
       7730.8345     0.087693334
       7732.7842     0.091106161
       7734.7339     0.093184888
       7736.6836     0.092685990
       7738.6333      0.10129812
       7740.5830      0.10240808
       7742.5322     0.098793864
       7744.4819      0.10258155
       7746.4316      0.10656508
       7748.3813     0.099299662
       7750.3311     0.094272874
       7752.2808     0.097760759
       7754.2305      0.10274798
       7756.1797      0.10269741
       7758.1294      0.10937762
       7760.0791      0.11289217
       7762.0288      0.11833179
       7763.9785      0.11287276
       7765.9282      0.11022889
       7767.8779      0.11514244
       7769.8276      0.11847483
       7771.7773      0.11363272
       7773.7266      0.11193949
       7775.6763      0.11224129
       7777.6260      0.11540427
       7779.5757      0.11755651
       7781.5254      0.11239864
       7783.4751      0.11355706
       7785.4248      0.11274518
       7787.3740      0.11737558
       7789.3237      0.11324445
       7791.2734      0.10407702
       7793.2231      0.10232369
       7795.1729      0.10374542
       7797.1226      0.10355388
       7799.0723      0.10739954
       7801.0215      0.10900941
       7802.9712      0.10796514
       7804.9209      0.10843223
       7806.8706      0.12063096
       7808.8203      0.11344619
       7810.7700      0.10555553
       7812.7197      0.10725546
       7814.6694      0.11136025
       7816.6191      0.10937177
       7818.5684      0.11352815
       7820.5181      0.10622731
       7822.4678      0.11078454
       7824.4175      0.11280891
       7826.3672      0.11484613
       7828.3169      0.11121344
       7830.2666      0.10988070
       7832.2158      0.11073025
       7834.1655      0.11445125
       7836.1152      0.11998202
       7838.0649      0.11994142
       7840.0146      0.11855800
       7841.9644      0.11976992
       7843.9141      0.11074091
       7845.8633      0.11260027
       7847.8130      0.11283220
       7849.7627      0.11426716
       7851.7124      0.10780817
       7853.6621      0.10065185
       7855.6118     0.099984646
       7857.5615      0.10875431
       7859.5112      0.10567396
       7861.4609     0.099652536
       7863.4102      0.10371390
       7865.3599      0.10245278
       7867.3096      0.10376931
       7869.2593      0.10960899
       7871.2090      0.10972385
       7873.1587      0.10828160
       7875.1084      0.10239733
       7877.0576      0.10335347
       7879.0073      0.10439219
       7880.9570      0.10203190
       7882.9067     0.096106656
       7884.8564     0.098973952
       7886.8062     0.094257087
       7888.7559     0.096751966
       7890.7051     0.088863425
       7892.6548     0.090414658
       7894.6045     0.086671099
       7896.5542     0.087422915
       7898.5039     0.084523164
       7900.4536     0.081495807
       7902.4033     0.087719463
       7904.3530     0.093215711
       7906.3027     0.090691939
       7908.2520     0.090014338
       7910.2017     0.098141827
       7912.1514     0.098373227
       7914.1011      0.10004644
       7916.0508     0.097766235
       7918.0005     0.097893856
       7919.9502      0.10072923
       7921.8994     0.098513708
       7923.8491     0.093044065
       7925.7988     0.088189811
       7927.7485     0.093829177
       7929.6982      0.10087552
       7931.6479     0.096460812
       7933.5977     0.095822312
       7935.5469     0.092755057
       7937.4966     0.085578233
       7939.4463     0.082664438
       7941.3960     0.084017225
       7943.3457     0.085760534
       7945.2954     0.089393266
       7947.2451     0.082362518
       7949.1948     0.077444136
       7951.1445     0.080124855
       7953.0938     0.080968425
       7955.0435     0.082523078
       7956.9932     0.081539124
       7958.9429     0.081795327
       7960.8926     0.086511873
       7962.8423     0.088741653
       7964.7920     0.081153505
       7966.7412     0.077738546
       7968.6909     0.074173152
       7970.6406     0.078975998
       7972.5903     0.079947956
       7974.5400     0.082507096
       7976.4897     0.083631665
       7978.4395     0.081617139
       7980.3887     0.078136675
       7982.3384     0.078072727
       7984.2881     0.079824634
       7986.2378     0.077737160
       7988.1875     0.082544297
       7990.1372     0.072127007
       7992.0869     0.069305867
       7994.0366     0.069875024
       7995.9863     0.070577711
       7997.9355     0.071754612
       7999.8853     0.075631626
       8001.8350     0.071605235
       8003.7847     0.067590185
       8005.7344     0.066426545
       8007.6841     0.069658518
       8009.6338     0.074906111
       8011.5830     0.074137464
       8013.5327     0.066029981
       8015.4824     0.069271214
       8017.4321     0.067057811
       8019.3818     0.065438487
       8021.3315     0.073441379
       8023.2812     0.079430066
       8025.2305     0.076558746
       8027.1802     0.068108730
       8029.1299     0.066249654
       8031.0796     0.070301905
       8033.0293     0.068975441
       8034.9790     0.068067469
       8036.9287     0.061066478
       8038.8784     0.065680444
       8040.8281     0.068751566
       8042.7773     0.064662471
       8044.7271     0.068817332
       8046.6768     0.060597051
       8048.6265     0.059954215
       8050.5762     0.066726923
       8052.5259     0.055553768
       8054.4756     0.059683360
       8056.4248     0.070735492
       8058.3745     0.071327269
       8060.3242     0.066550046
       8062.2739     0.063904867
       8064.2236     0.057146836
       8066.1733     0.062259685
       8068.1230     0.066951111
       8070.0723     0.061695479
       8072.0220     0.059713416
       8073.9717     0.067493200
       8075.9214     0.065599844
       8077.8711     0.063758239
       8079.8208     0.062565833
       8081.7705     0.064382710
       8083.7202     0.061904274
       8085.6699     0.054878954
       8087.6191     0.054709595
       8089.5688     0.057332098
       8091.5186     0.062997237
       8093.4683     0.057818063
       8095.4180     0.056427434
       8097.3677     0.058679789
       8099.3174     0.059621681
       8101.2666     0.058186252
       8103.2163     0.060195848
       8105.1660     0.054783553
       8107.1157     0.058447730
       8109.0654     0.056740101
       8111.0151     0.051701337
       8112.9648     0.048984423
       8114.9141     0.050445955
       8116.8638     0.059517257
       8118.8135     0.060374010
       8120.7632     0.055537559
       8122.7129     0.050032545
       8124.6626     0.055190574
       8126.6123     0.058751915
       8128.5620     0.059233494
       8130.5117     0.053161912
       8132.4609     0.053715389
       8134.4106     0.051136442
       8136.3604     0.050801456
       8138.3101     0.056569405
       8140.2598     0.050766774
       8142.2095     0.054951902
       8144.1592     0.054911815
       8146.1084     0.051555745
       8148.0581     0.053422026
       8150.0078     0.050407715
       8151.9575     0.048205927
       8153.9072     0.049383402
       8155.8569     0.056095038
       8157.8066     0.052339975
       8159.7559     0.044851534
       8161.7056     0.046609085
       8163.6553     0.045936048
       8165.6050     0.049103107
       8167.5547     0.047980249
       8169.5044     0.053334270
       8171.4541     0.051855993
       8173.4038     0.051498313
       8175.3535     0.048395522
       8177.3027     0.050751671
       8179.2524     0.054115601
       8181.2021     0.053304724
       8183.1519     0.053572077
       8185.1016     0.053449262
       8187.0513     0.053251732
       8189.0010     0.048253644
       8190.9502     0.044296827
       8192.9004     0.050992325
       8194.8496     0.052269813
       8196.7998     0.053863525
       8198.7490     0.051443834
       8200.6982     0.052955125
       8202.6484     0.053393461
       8204.5977     0.049541935
       8206.5479     0.051302440
       8208.4971     0.055602603
       8210.4473     0.051238343
       8212.3965     0.057107817
       8214.3467     0.054771055
       8216.2959     0.052370835
       8218.2451     0.050063536
       8220.1953     0.055424023
       8222.1445     0.052885361
       8224.0947     0.046841349
       8226.0439     0.045164224
       8227.9941     0.037041631
       8229.9434     0.044297487
       8231.8926     0.049813319
       8233.8428     0.053220261
       8235.7920     0.054909103
       8237.7422     0.056938317
       8239.6914     0.051619999
       8241.6416     0.051735830
       8243.5908     0.048600085
       8245.5400     0.046425626
       8247.4902     0.049466863
       8249.4395     0.053115588
       8251.3896     0.053499114
       8253.3389     0.053900220
       8255.2891     0.051691029
       8257.2383     0.059392650
       8259.1885     0.057863168
       8261.1377     0.054153945
       8263.0869     0.056876566
       8265.0371     0.050180588
       8266.9863     0.055672821
       8268.9365     0.058348481
       8270.8857     0.052290656
       8272.8359     0.046844717
       8274.7852     0.047484159
       8276.7344     0.057844568
       8278.6846     0.054666959
       8280.6338     0.047554780
       8282.5840     0.046257302
       8284.5332     0.050057463
       8286.4834     0.049743149
       8288.4326     0.060476381
       8290.3818     0.067119673
       8292.3320     0.059616789
       8294.2812     0.064057298
       8296.2314     0.069534175
       8298.1807     0.051795591
       8300.1309     0.043591652
       8302.0801     0.041590042
       8304.0303     0.043318283
       8305.9795     0.051323693
       8307.9287     0.051798388
       8309.8789     0.045616824
       8311.8281     0.046239000
       8313.7783     0.050710399
       8315.7275     0.043248069
       8317.6777     0.038343932
       8319.6270     0.047651388
       8321.5762     0.041943461
       8323.5264     0.036305074
       8325.4756     0.037434753
       8327.4258     0.044995207
       8329.3750     0.045662340
       8331.3252     0.041734915
       8333.2744     0.042344939
       8335.2236     0.048985928
       8337.1738     0.043373369
       8339.1230     0.039976522
       8341.0732     0.053574003
       8343.0225     0.048033744
       8344.9727     0.039343461
       8346.9219     0.031120807
       8348.8721     0.032162525
       8350.8213     0.036486320
       8352.7705     0.046689581
       8354.7207     0.043946858
       8356.6699     0.045335151
       8358.6201     0.041198391
       8360.5693     0.044003692
       8362.5195     0.039960653
       8364.4688     0.032943238
       8366.4180     0.036934838
       8368.3682     0.040016323
       8370.3174     0.035945196
       8372.2676     0.033753205
       8374.2168     0.033428330
       8376.1670     0.037564874
       8378.1162     0.034485880
       8380.0654     0.038811438
       8382.0156     0.036126804
       8383.9648     0.021665977
       8385.9150     0.029623061
       8387.8643     0.036080454
       8389.8145     0.041248031
       8391.7637     0.036392767
       8393.7139     0.045346718
       8395.6631     0.048906334
       8397.6123     0.043033306
       8399.5625     0.033945896
       8401.5117     0.031291846
       8403.4619     0.034011897
       8405.4111     0.043614011
       8407.3613     0.041621879
       8409.3105     0.039719865
       8411.2598     0.059056226
       8413.2100     0.061932869
       8415.1592     0.049139835
       8417.1094     0.045191579
       8419.0586     0.045979258
       8421.0088     0.049239263
       8422.9580     0.050680421
       8424.9072     0.069188669
       8426.8574     0.072972655
       8428.8066     0.066586450
       8430.7568     0.073287301
       8432.7061     0.060329448
       8434.6562     0.051456358
       8436.6055     0.055901982
       8438.5557     0.056675192
       8440.5049     0.060669124
       8442.4541     0.072004437
       8444.4043     0.080903597
       8446.3535     0.067091987
       8448.3037     0.073481746
       8450.2529     0.082010388
       8452.2031     0.076122783
       8454.1523     0.080316722
       8456.1016     0.079286061
       8458.0518     0.086453155
       8460.0010     0.097950153
       8461.9512      0.10842907
       8463.9004      0.10182828
       8465.8506      0.10722657
       8467.7998     0.095372260
