hi
i2
3454.82 8.05622e-16
3456.28 8.77371e-16
3457.74 8.35999e-16
3459.2 8.14801e-16
3460.66 8.02079e-16
3462.12 8.59041e-16
3463.58 8.52133e-16
3465.03 8.27823e-16
3466.49 8.57157e-16
3467.95 8.45457e-16
3469.41 7.95016e-16
3470.87 8.00609e-16
3472.33 7.94325e-16
3473.79 8.55366e-16
3475.25 9.19595e-16
3476.71 8.81613e-16
3478.17 8.47368e-16
3479.63 9.05668e-16
3481.09 8.80774e-16
3482.55 8.10107e-16
3484.01 8.00516e-16
3485.47 8.73928e-16
3486.93 8.81405e-16
3488.39 7.99567e-16
3489.85 8.30332e-16
3491.31 8.97958e-16
3492.77 8.78025e-16
3494.23 8.58133e-16
3495.69 9.04864e-16
3497.15 9.08531e-16
3498.61 9.37962e-16
3500.07 8.43334e-16
3501.53 8.26345e-16
3502.99 9.55144e-16
3504.45 9.31245e-16
3505.91 8.6683e-16
3507.37 8.99444e-16
3508.83 9.08992e-16
3510.29 8.75686e-16
3511.75 9.1633e-16
3513.21 8.7285e-16
3514.67 8.39326e-16
3516.13 8.506e-16
3517.59 9.6943e-16
3519.05 9.80965e-16
3520.51 9.07565e-16
3521.97 8.10461e-16
3523.43 8.24178e-16
3524.89 7.93237e-16
3526.35 8.40534e-16
3527.81 8.85334e-16
3529.27 9.70808e-16
3530.72 9.2555e-16
3532.18 7.70559e-16
3533.64 7.45752e-16
3535.1 8.53175e-16
3536.56 9.79178e-16
3538.02 8.85482e-16
3539.48 7.97981e-16
3540.94 8.01145e-16
3542.4 8.74728e-16
3543.86 8.5924e-16
3545.32 7.73765e-16
3546.78 7.94842e-16
3548.24 8.56685e-16
3549.7 9.17261e-16
3551.16 9.20614e-16
3552.62 8.66218e-16
3554.08 9.30397e-16
3555.54 9.78777e-16
3557 9.05288e-16
3558.46 8.15144e-16
3559.92 7.54833e-16
3561.38 8.40617e-16
3562.84 9.205e-16
3564.3 9.24226e-16
3565.76 8.04197e-16
3567.22 8.22453e-16
3568.68 9.16846e-16
3570.14 9.63287e-16
3571.6 9.64005e-16
3573.06 1.0154e-15
3574.52 9.70377e-16
3575.98 8.8606e-16
3577.44 8.26471e-16
3578.9 8.25962e-16
3580.36 8.23228e-16
3581.82 8.54588e-16
3583.28 8.44066e-16
3584.74 8.93626e-16
3586.2 9.05042e-16
3587.66 9.30443e-16
3589.12 8.8574e-16
3590.58 9.53441e-16
3592.04 9.95392e-16
3593.5 9.79473e-16
3594.96 8.77292e-16
3596.42 8.3978e-16
3597.87 8.25621e-16
3599.33 8.30608e-16
3600.79 8.81649e-16
3602.25 8.43041e-16
3603.71 8.14924e-16
3605.17 8.59346e-16
3606.63 9.24729e-16
3608.09 9.36782e-16
3609.55 8.83677e-16
3611.01 8.11188e-16
3612.47 7.79698e-16
3613.93 8.01616e-16
3615.39 8.07815e-16
3616.85 7.8488e-16
3618.31 7.03269e-16
3619.77 6.57723e-16
3621.23 7.06349e-16
3622.69 7.43092e-16
3624.15 7.92055e-16
3625.61 7.76162e-16
3627.07 7.25995e-16
3628.53 7.50333e-16
3629.99 7.158e-16
3631.45 6.51407e-16
3632.91 6.61407e-16
3634.37 7.09561e-16
3635.83 6.51301e-16
3637.29 7.1695e-16
3638.75 6.99329e-16
3640.21 6.92542e-16
3641.67 7.36001e-16
3643.13 6.52857e-16
3644.59 6.42507e-16
3646.05 7.04618e-16
3647.51 6.57664e-16
3648.97 6.47767e-16
3650.43 6.42701e-16
3651.89 6.17924e-16
3653.35 5.49428e-16
3654.81 5.51066e-16
3656.27 6.25846e-16
3657.73 6.61789e-16
3659.19 6.50861e-16
3660.65 6.5704e-16
3662.11 6.37497e-16
3663.57 6.11658e-16
3665.02 5.80315e-16
3666.48 6.04789e-16
3667.94 6.15538e-16
3669.4 5.75149e-16
3670.86 5.42966e-16
3672.32 5.04942e-16
3673.78 5.64979e-16
3675.24 5.78952e-16
3676.7 5.49509e-16
3678.16 5.28452e-16
3679.62 4.88824e-16
3681.08 5.25768e-16
3682.54 5.3945e-16
3684 5.22329e-16
3685.46 5.27644e-16
3686.92 5.36794e-16
3688.38 5.03926e-16
3689.84 4.85343e-16
3691.3 5.3748e-16
3692.76 5.57623e-16
3694.22 5.06592e-16
3695.68 5.18831e-16
3697.14 5.65708e-16
3698.6 5.50023e-16
3700.06 5.37786e-16
3701.52 6.02159e-16
3702.98 5.86504e-16
3704.44 6.07141e-16
3705.9 5.79539e-16
3707.36 5.39511e-16
3708.82 5.30535e-16
3710.28 5.30903e-16
3711.74 5.33228e-16
3713.2 5.36304e-16
3714.66 5.39375e-16
3716.12 5.42446e-16
3717.58 5.45518e-16
3719.04 5.48592e-16
3720.5 5.51667e-16
3721.96 5.54742e-16
3723.42 5.57819e-16
3724.88 5.60897e-16
3726.34 5.63976e-16
3727.8 5.67056e-16
3729.26 5.70137e-16
3730.72 5.73219e-16
3732.17 5.7628e-16
3733.63 5.79365e-16
3735.09 5.8245e-16
3736.55 5.85536e-16
3738.01 5.88623e-16
3739.47 5.91712e-16
3740.93 5.94801e-16
3742.39 5.97891e-16
3743.85 6.00983e-16
3745.31 6.04075e-16
3746.77 6.07168e-16
3748.23 5.79335e-16
3749.69 5.63351e-16
3751.15 6.01703e-16
3752.61 6.03711e-16
3754.07 5.94623e-16
3755.53 5.54092e-16
3756.99 5.63809e-16
3758.45 5.88571e-16
3759.91 5.48995e-16
3761.37 5.65231e-16
3762.83 5.97571e-16
3764.29 6.02471e-16
3765.75 6.43303e-16
3767.21 7.01003e-16
3768.67 6.57645e-16
3770.13 6.35095e-16
3771.59 7.02477e-16
3773.05 6.77911e-16
3774.51 6.58763e-16
3775.97 7.00793e-16
3777.43 7.43237e-16
3778.89 7.58038e-16
3780.35 7.15082e-16
3781.81 7.27342e-16
3783.27 7.35274e-16
3784.73 7.57155e-16
3786.19 7.73073e-16
3787.65 7.91153e-16
3789.11 8.19474e-16
3790.57 8.10306e-16
3792.03 7.94756e-16
3793.49 8.65154e-16
3794.95 9.33085e-16
3796.41 9.0554e-16
3797.86 9.35454e-16
3799.32 9.71188e-16
3800.78 9.85893e-16
3802.24 1.02345e-15
3803.7 1.00097e-15
3805.16 1.00092e-15
3806.62 1.06233e-15
3808.08 1.15104e-15
3809.54 1.15869e-15
3811 1.09556e-15
3812.46 1.12325e-15
3813.92 1.17036e-15
3815.38 1.18345e-15
3816.84 1.21842e-15
3818.3 1.22375e-15
3819.76 1.21462e-15
3821.22 1.19513e-15
3822.68 1.17968e-15
3824.14 1.18952e-15
3825.6 1.25585e-15
3827.06 1.31465e-15
3828.52 1.31698e-15
3829.98 1.29541e-15
3831.44 1.27732e-15
3832.9 1.27851e-15
3834.36 1.28738e-15
3835.82 1.41761e-15
3837.28 1.40467e-15
3838.74 1.39715e-15
3840.2 1.39398e-15
3841.66 1.40676e-15
3843.12 1.41548e-15
3844.58 1.44466e-15
3846.04 1.42464e-15
3847.5 1.47111e-15
3848.96 1.48951e-15
3850.42 1.47107e-15
3851.88 1.47136e-15
3853.34 1.50297e-15
3854.8 1.44322e-15
3856.26 1.41781e-15
3857.72 1.42191e-15
3859.18 1.36473e-15
3860.64 1.31634e-15
3862.1 1.33695e-15
3863.56 1.38986e-15
3865.01 1.35059e-15
3866.47 1.31399e-15
3867.93 1.38096e-15
3869.39 1.45219e-15
3870.85 1.41236e-15
3872.31 1.36425e-15
3873.77 1.33714e-15
3875.23 1.34507e-15
3876.69 1.32343e-15
3878.15 1.25784e-15
3879.61 1.28379e-15
3881.07 1.31274e-15
3882.53 1.35236e-15
3883.99 1.33992e-15
3885.45 1.32642e-15
3886.91 1.37317e-15
3888.37 1.37208e-15
3889.83 1.25938e-15
3891.29 1.24064e-15
3892.75 1.32804e-15
3894.21 1.39233e-15
3895.67 1.3402e-15
3897.13 1.32481e-15
3898.59 1.30723e-15
3900.05 1.35093e-15
3901.51 1.34546e-15
3902.97 1.29342e-15
3904.43 1.33865e-15
3905.89 1.33374e-15
3907.35 1.29489e-15
3908.81 1.30751e-15
3910.27 1.3592e-15
3911.73 1.43399e-15
3913.19 1.41192e-15
3914.65 1.39813e-15
3916.11 1.39896e-15
3917.57 1.42298e-15
3919.03 1.42486e-15
3920.49 1.35916e-15
3921.95 1.34814e-15
3923.41 1.42469e-15
3924.87 1.41114e-15
3926.33 1.2817e-15
3927.79 1.21621e-15
3929.25 1.14587e-15
3930.71 1.17607e-15
3932.16 1.27765e-15
3933.62 1.35961e-15
3935.08 1.37201e-15
3936.54 1.33915e-15
3938 1.37495e-15
3939.46 1.34589e-15
3940.92 1.31789e-15
3942.38 1.36412e-15
3943.84 1.37202e-15
3945.3 1.37008e-15
3946.76 1.39397e-15
3948.22 1.40835e-15
3949.68 1.39279e-15
3951.14 1.35991e-15
3952.6 1.34167e-15
3954.06 1.35588e-15
3955.52 1.36913e-15
3956.98 1.32815e-15
3958.44 1.33868e-15
3959.9 1.34292e-15
3961.36 1.30011e-15
3962.82 1.25106e-15
3964.28 1.26009e-15
3965.74 1.29604e-15
3967.2 1.27836e-15
3968.66 1.29778e-15
3970.12 1.31298e-15
3971.58 1.29852e-15
3973.04 1.30309e-15
3974.5 1.31751e-15
3975.96 1.30495e-15
3977.42 1.29593e-15
3978.88 1.2983e-15
3980.34 1.28904e-15
3981.8 1.27597e-15
3983.26 1.27495e-15
3984.72 1.28743e-15
3986.18 1.26482e-15
3987.64 1.24905e-15
3989.1 1.24205e-15
3990.56 1.19291e-15
3992.02 1.22129e-15
3993.48 1.24384e-15
3994.94 1.22562e-15
3996.4 1.20999e-15
3997.86 1.19226e-15
3999.31 1.18292e-15
4000.77 1.1654e-15
4002.23 1.15255e-15
4003.69 1.12768e-15
4005.15 1.13894e-15
4006.61 1.17194e-15
4008.07 1.13733e-15
4009.53 1.1271e-15
4010.99 1.08488e-15
4012.45 1.09223e-15
4013.91 1.10894e-15
4015.37 1.1728e-15
4016.83 1.14403e-15
4018.29 1.10274e-15
4019.75 1.08471e-15
4021.21 1.08953e-15
4022.67 1.09868e-15
4024.13 1.09665e-15
4025.59 1.09249e-15
4027.05 1.09212e-15
4028.51 1.044e-15
4029.97 1.03041e-15
4031.43 1.0615e-15
4032.89 1.09183e-15
4034.35 1.07219e-15
4035.81 1.04245e-15
4037.27 1.07977e-15
4038.73 1.11614e-15
4040.19 1.04134e-15
4041.65 1.02051e-15
4043.11 1.02522e-15
4044.57 1.08644e-15
4046.03 1.09367e-15
4047.49 1.07879e-15
4048.95 1.09952e-15
4050.41 1.09681e-15
4051.87 1.08786e-15
4053.33 1.07306e-15
4054.79 1.07031e-15
4056.25 1.13197e-15
4057.71 1.13585e-15
4059.17 1.11754e-15
4060.63 1.08468e-15
4062.09 1.08302e-15
4063.55 1.06613e-15
4065 1.05725e-15
4066.46 1.07569e-15
4067.92 1.05212e-15
4069.38 1.12303e-15
4070.84 1.09796e-15
4072.3 1.04594e-15
4073.76 1.06081e-15
4075.22 1.0296e-15
4076.68 1.01582e-15
4078.14 1.04643e-15
4079.6 1.00145e-15
4081.06 9.91796e-16
4082.52 1.04857e-15
4083.98 1.07196e-15
4085.44 1.03551e-15
4086.9 1.01243e-15
4088.36 9.7439e-16
4089.82 9.82787e-16
4091.28 9.80008e-16
4092.74 9.16514e-16
4094.2 9.39144e-16
4095.66 1.00967e-15
4097.12 1.02892e-15
4098.58 1.02009e-15
4100.04 1.0039e-15
4101.5 9.93871e-16
4102.96 9.92632e-16
4104.42 9.7024e-16
4105.88 9.76928e-16
4107.34 9.91486e-16
4108.8 9.66998e-16
4110.26 9.65695e-16
4111.72 9.84299e-16
4113.18 9.66287e-16
4114.64 9.71539e-16
4116.1 1.01792e-15
4117.56 1.02104e-15
4119.02 9.79577e-16
4120.48 9.40276e-16
4121.94 9.49059e-16
4123.4 9.49574e-16
4124.86 9.39957e-16
4126.32 9.66459e-16
4127.78 9.69835e-16
4129.24 9.58409e-16
4130.7 9.62221e-16
4132.16 9.38239e-16
4133.61 9.67963e-16
4135.07 1.01666e-15
4136.53 1.00307e-15
4137.99 9.56564e-16
4139.45 9.4231e-16
4140.91 9.2646e-16
4142.37 9.70428e-16
4143.83 9.94614e-16
4145.29 9.50433e-16
4146.75 9.41833e-16
4148.21 9.63322e-16
4149.67 9.55912e-16
4151.13 9.09125e-16
4152.59 8.93244e-16
4154.05 9.19034e-16
4155.51 9.03518e-16
4156.97 9.19268e-16
4158.43 9.7644e-16
4159.89 9.93982e-16
4161.35 9.77183e-16
4162.81 9.71451e-16
4164.27 9.65784e-16
4165.73 9.70167e-16
4167.19 9.78383e-16
4168.65 9.51025e-16
4170.11 9.55299e-16
4171.57 9.58492e-16
4173.03 9.49131e-16
4174.49 9.42031e-16
4175.95 9.58428e-16
4177.41 9.76197e-16
4178.87 9.55905e-16
4180.33 9.50851e-16
4181.79 9.66508e-16
4183.25 9.85496e-16
4184.71 9.8704e-16
4186.17 9.89414e-16
4187.63 9.63362e-16
4189.09 9.6639e-16
4190.55 9.89386e-16
4192.01 9.64843e-16
4193.47 9.55774e-16
4194.93 9.7242e-16
4196.39 9.57427e-16
4197.85 9.27348e-16
4199.31 9.33093e-16
4200.76 9.53021e-16
4202.22 9.14283e-16
4203.68 8.93292e-16
4205.14 8.90905e-16
4206.6 9.24594e-16
4208.06 9.5562e-16
4209.52 9.08294e-16
4210.98 9.03087e-16
4212.44 9.38803e-16
4213.9 9.24302e-16
4215.36 9.08841e-16
4216.82 9.07054e-16
4218.28 9.09226e-16
4219.74 8.79548e-16
4221.2 9.00273e-16
4222.66 9.19154e-16
4224.12 8.8685e-16
4225.58 9.02499e-16
4227.04 8.94056e-16
4228.5 8.71068e-16
4229.96 8.5231e-16
4231.42 8.94527e-16
4232.88 8.74596e-16
4234.34 8.32812e-16
4235.8 8.57279e-16
4237.26 8.6627e-16
4238.72 8.67475e-16
4240.18 8.81102e-16
4241.64 8.69463e-16
4243.1 8.75278e-16
4244.56 8.27151e-16
4246.02 8.19022e-16
4247.48 8.60167e-16
4248.94 8.80707e-16
4250.4 8.48364e-16
4251.86 8.172e-16
4253.32 8.12912e-16
4254.78 8.40298e-16
4256.24 8.47129e-16
4257.7 8.24781e-16
4259.16 8.26849e-16
4260.62 8.45026e-16
4262.08 8.46152e-16
4263.54 8.34686e-16
4265 8.63903e-16
4266.45 8.86369e-16
4267.91 8.42937e-16
4269.37 8.14982e-16
4270.83 8.30386e-16
4272.29 8.61078e-16
4273.75 8.8561e-16
4275.21 8.60987e-16
4276.67 8.24773e-16
4278.13 8.26561e-16
4279.59 8.73329e-16
4281.05 8.71447e-16
4282.51 8.59457e-16
4283.97 8.60512e-16
4285.43 8.69874e-16
4286.89 8.81837e-16
4288.35 9.00586e-16
4289.81 9.24265e-16
4291.27 9.21789e-16
4292.73 9.41147e-16
4294.19 9.65028e-16
4295.65 9.78709e-16
4297.11 9.49011e-16
4298.57 9.14964e-16
4300.03 9.305e-16
4301.49 9.28453e-16
4302.95 9.18143e-16
4304.41 9.16234e-16
4305.87 9.37526e-16
4307.33 9.56838e-16
4308.79 9.54701e-16
4310.25 9.4939e-16
4311.71 9.5365e-16
4313.17 9.93145e-16
4314.63 9.97422e-16
4316.09 9.45254e-16
4317.55 9.44948e-16
4319.01 9.45121e-16
4320.47 9.70908e-16
4321.93 1.01622e-15
4323.39 9.71674e-16
4324.85 9.79455e-16
4326.31 9.986e-16
4327.77 1.02604e-15
4329.23 9.8395e-16
4330.69 9.83506e-16
4332.15 1.04497e-15
4333.6 1.09363e-15
4335.06 1.12686e-15
4336.52 1.12544e-15
4337.98 1.12501e-15
4339.44 1.11154e-15
4340.9 1.08457e-15
4342.36 1.07304e-15
4343.82 1.10242e-15
4345.28 1.12102e-15
4346.74 1.13025e-15
4348.2 1.13948e-15
4349.66 1.14872e-15
4351.12 1.15796e-15
4352.58 1.1672e-15
4354.04 1.17645e-15
4355.5 1.1857e-15
4356.96 1.19496e-15
4358.42 1.20422e-15
4359.88 1.21348e-15
4361.34 1.22275e-15
4362.8 1.23202e-15
4364.26 1.2413e-15
4365.72 1.25058e-15
4367.18 1.25987e-15
4368.64 1.26916e-15
4370.1 1.27845e-15
4371.56 1.28775e-15
4373.02 1.29706e-15
4374.48 1.30636e-15
4375.94 1.31567e-15
4377.4 1.32499e-15
4378.86 1.3343e-15
4380.32 1.34363e-15
4381.78 1.353e-15
4383.24 1.3787e-15
4384.7 1.43071e-15
4386.16 1.49504e-15
4387.62 1.52025e-15
4389.08 1.52048e-15
4390.54 1.49665e-15
4392 1.49217e-15
4393.46 1.56416e-15
4394.92 1.581e-15
4396.38 1.59109e-15
4397.84 1.59939e-15
4399.29 1.57399e-15
4400.75 1.60285e-15
4402.21 1.67936e-15
4403.67 1.7505e-15
4405.13 1.75523e-15
4406.59 1.69377e-15
4408.05 1.68164e-15
4409.51 1.68661e-15
4410.97 1.72477e-15
4412.43 1.6655e-15
4413.89 1.64582e-15
4415.35 1.66329e-15
4416.81 1.66769e-15
4418.27 1.68423e-15
4419.73 1.69503e-15
4421.19 1.69145e-15
4422.65 1.67779e-15
4424.11 1.71253e-15
4425.57 1.7137e-15
4427.03 1.69046e-15
4428.49 1.67053e-15
4429.95 1.67181e-15
4431.41 1.66e-15
4432.87 1.61107e-15
4434.33 1.63846e-15
4435.79 1.6547e-15
4437.25 1.6201e-15
4438.71 1.65814e-15
4440.17 1.71146e-15
4441.63 1.74804e-15
4443.09 1.71084e-15
4444.55 1.70281e-15
4446.01 1.72615e-15
4447.47 1.73125e-15
4448.93 1.70398e-15
4450.39 1.72888e-15
4451.85 1.74109e-15
4453.31 1.76314e-15
4454.77 1.76706e-15
4456.23 1.69273e-15
4457.69 1.68447e-15
4459.15 1.7305e-15
4460.61 1.71119e-15
4462.07 1.69115e-15
4463.53 1.65665e-15
4464.99 1.70341e-15
4466.44 1.6998e-15
4467.9 1.67936e-15
4469.36 1.69072e-15
4470.82 1.67561e-15
4472.28 1.64046e-15
4473.74 1.66693e-15
4475.2 1.72162e-15
4476.66 1.68378e-15
4478.12 1.70281e-15
4479.58 1.72374e-15
4481.04 1.70307e-15
4482.5 1.68156e-15
4483.96 1.67033e-15
4485.42 1.64001e-15
4486.88 1.65433e-15
4488.34 1.62038e-15
4489.8 1.64698e-15
4491.26 1.63291e-15
4492.72 1.62796e-15
4494.18 1.5887e-15
4495.64 1.58538e-15
4497.1 1.54867e-15
4498.56 1.57447e-15
4500.02 1.59634e-15
4501.48 1.57214e-15
4502.94 1.58083e-15
4504.4 1.55785e-15
4505.86 1.55392e-15
4507.32 1.55913e-15
4508.78 1.52162e-15
4510.24 1.5014e-15
4511.7 1.53212e-15
4513.16 1.52571e-15
4514.62 1.47018e-15
4516.08 1.48815e-15
4517.54 1.53294e-15
4519 1.52331e-15
4520.46 1.49841e-15
4521.92 1.51427e-15
4523.38 1.52227e-15
4524.84 1.49362e-15
4526.3 1.4769e-15
4527.76 1.44058e-15
4529.22 1.44393e-15
4530.68 1.51805e-15
4532.13 1.5419e-15
4533.59 1.52856e-15
4535.05 1.5068e-15
4536.51 1.45375e-15
4537.97 1.42764e-15
4539.43 1.4642e-15
4540.89 1.45589e-15
4542.35 1.45572e-15
4543.81 1.46476e-15
4545.27 1.45961e-15
4546.73 1.48771e-15
4548.19 1.49033e-15
4549.65 1.48495e-15
4551.11 1.49549e-15
4552.57 1.46019e-15
4554.03 1.50563e-15
4555.49 1.47458e-15
4556.95 1.46326e-15
4558.41 1.44838e-15
4559.87 1.45369e-15
4561.33 1.49902e-15
4562.79 1.55636e-15
4564.25 1.52833e-15
4565.71 1.45291e-15
4567.17 1.47399e-15
4568.63 1.49453e-15
4570.09 1.46585e-15
4571.55 1.45487e-15
4573.01 1.46777e-15
4574.47 1.46034e-15
4575.93 1.44132e-15
4577.39 1.45425e-15
4578.85 1.45604e-15
4580.31 1.4236e-15
4581.77 1.43852e-15
4583.23 1.45048e-15
4584.69 1.4311e-15
4586.15 1.44362e-15
4587.61 1.46686e-15
4589.07 1.46239e-15
4590.53 1.4272e-15
4591.99 1.43616e-15
4593.45 1.4602e-15
4594.91 1.41226e-15
4596.37 1.42366e-15
4597.83 1.47241e-15
4599.29 1.46316e-15
4600.74 1.43842e-15
4602.2 1.44674e-15
4603.66 1.41806e-15
4605.12 1.40852e-15
4606.58 1.42881e-15
4608.04 1.4486e-15
4609.5 1.45013e-15
4610.96 1.45298e-15
4612.42 1.4693e-15
4613.88 1.457e-15
4615.34 1.46919e-15
4616.8 1.51219e-15
4618.26 1.51117e-15
4619.72 1.47754e-15
4621.18 1.44394e-15
4622.64 1.46294e-15
4624.1 1.4816e-15
4625.56 1.4785e-15
4627.02 1.48046e-15
4628.48 1.47888e-15
4629.94 1.4823e-15
4631.4 1.48586e-15
4632.86 1.45264e-15
4634.32 1.49504e-15
4635.78 1.50865e-15
4637.24 1.4342e-15
4638.7 1.41985e-15
4640.16 1.44021e-15
4641.62 1.43615e-15
4643.08 1.44972e-15
4644.54 1.46163e-15
4646 1.4448e-15
4647.46 1.41564e-15
4648.92 1.38442e-15
4650.38 1.39156e-15
4651.84 1.40184e-15
4653.3 1.39272e-15
4654.76 1.36733e-15
4656.22 1.31255e-15
4657.68 1.34661e-15
4659.14 1.31027e-15
4660.6 1.257e-15
4662.06 1.25373e-15
4663.52 1.20213e-15
4664.98 1.15496e-15
4666.44 1.17864e-15
4667.89 1.2154e-15
4669.35 1.18491e-15
4670.81 1.1545e-15
4672.27 1.15152e-15
4673.73 1.1747e-15
4675.19 1.17231e-15
4676.65 1.14991e-15
4678.11 1.14906e-15
4679.57 1.13998e-15
4681.03 1.125e-15
4682.49 1.13666e-15
4683.95 1.1607e-15
4685.41 1.16909e-15
4686.87 1.17262e-15
4688.33 1.17164e-15
4689.79 1.1718e-15
4691.25 1.14539e-15
4692.71 1.16281e-15
4694.17 1.21645e-15
4695.63 1.20791e-15
4697.09 1.19556e-15
4698.55 1.20208e-15
4700.01 1.24048e-15
4701.47 1.26305e-15
4702.93 1.2159e-15
4704.39 1.1976e-15
4705.85 1.2334e-15
4707.31 1.23248e-15
4708.77 1.2083e-15
4710.23 1.22749e-15
4711.69 1.23103e-15
4713.15 1.19485e-15
4714.61 1.19191e-15
4716.07 1.22768e-15
4717.53 1.25823e-15
4718.99 1.25517e-15
4720.45 1.25564e-15
4721.91 1.27377e-15
4723.37 1.28795e-15
4724.83 1.28808e-15
4726.29 1.2863e-15
4727.75 1.30319e-15
4729.21 1.3198e-15
4730.67 1.3124e-15
4732.13 1.31303e-15
4733.59 1.32228e-15
4735.04 1.31713e-15
4736.5 1.33917e-15
4737.96 1.35077e-15
4739.42 1.32714e-15
4740.88 1.37656e-15
4742.34 1.41791e-15
4743.8 1.39616e-15
4745.26 1.40107e-15
4746.72 1.38003e-15
4748.18 1.36803e-15
4749.64 1.38341e-15
4751.1 1.39636e-15
4752.56 1.43647e-15
4754.02 1.43376e-15
4755.48 1.34733e-15
4756.94 1.30326e-15
4758.4 1.34498e-15
4759.86 1.35449e-15
4761.32 1.32158e-15
4762.78 1.31247e-15
4764.24 1.32907e-15
4765.7 1.34213e-15
4767.16 1.32016e-15
4768.62 1.29479e-15
4770.08 1.27988e-15
4771.54 1.28782e-15
4773 1.29718e-15
4774.46 1.29744e-15
4775.92 1.31158e-15
4777.38 1.3207e-15
4778.84 1.32234e-15
4780.3 1.32813e-15
4781.76 1.33016e-15
4783.22 1.30481e-15
4784.68 1.26029e-15
4786.14 1.26866e-15
4787.6 1.29828e-15
4789.06 1.26004e-15
4790.52 1.23876e-15
4791.98 1.23339e-15
4793.44 1.22797e-15
4794.9 1.22254e-15
4796.36 1.2171e-15
4797.82 1.21167e-15
4799.28 1.21033e-15
4800.73 1.21007e-15
4802.19 1.19611e-15
4803.65 1.18526e-15
4805.11 1.1844e-15
4806.57 1.19514e-15
4808.03 1.19384e-15
4809.49 1.15593e-15
4810.95 1.10882e-15
4812.41 1.11405e-15
4813.87 1.13237e-15
4815.33 1.09233e-15
4816.79 1.05188e-15
4818.25 1.04461e-15
4819.71 1.04238e-15
4821.17 1.06784e-15
4822.63 1.09245e-15
4824.09 1.10031e-15
4825.55 1.09474e-15
4827.01 1.10172e-15
4828.47 1.1157e-15
4829.93 1.09896e-15
4831.39 1.09179e-15
4832.85 1.09944e-15
4834.31 1.08945e-15
4835.77 1.09303e-15
4837.23 1.09851e-15
4838.69 1.12127e-15
4840.15 1.12901e-15
4841.61 1.11815e-15
4843.07 1.11453e-15
4844.53 1.11521e-15
4845.99 1.1159e-15
4847.45 1.11658e-15
4848.91 1.11727e-15
4850.37 1.11795e-15
4851.83 1.11864e-15
4853.29 1.11932e-15
4854.75 1.12001e-15
4856.21 1.12069e-15
4857.67 1.12138e-15
4859.13 1.12206e-15
4860.59 1.12274e-15
4862.05 1.12342e-15
4863.51 1.12411e-15
4864.97 1.12479e-15
4866.43 1.12547e-15
4867.88 1.12615e-15
4869.34 1.12683e-15
4870.8 1.12751e-15
4872.26 1.12819e-15
4873.72 1.12887e-15
4875.18 1.12955e-15
4876.64 1.13023e-15
4878.1 1.13091e-15
4879.56 1.13159e-15
4881.02 1.16862e-15
4882.48 1.1786e-15
4883.94 1.19329e-15
4885.4 1.22072e-15
4886.86 1.22587e-15
4888.32 1.21693e-15
4889.78 1.20779e-15
4891.24 1.21756e-15
4892.7 1.22848e-15
4894.16 1.20061e-15
4895.62 1.20937e-15
4897.08 1.25284e-15
4898.54 1.23439e-15
4900 1.21612e-15
4901.46 1.23812e-15
4902.92 1.26712e-15
4904.38 1.25574e-15
4905.84 1.22386e-15
4907.3 1.23524e-15
4908.76 1.26001e-15
4910.22 1.274e-15
4911.68 1.27207e-15
4913.14 1.26398e-15
4914.6 1.23985e-15
4916.06 1.27333e-15
4917.52 1.33432e-15
4918.98 1.30426e-15
4920.44 1.28861e-15
4921.9 1.31562e-15
4923.36 1.30885e-15
4924.82 1.31618e-15
4926.28 1.33232e-15
4927.74 1.30498e-15
4929.2 1.30273e-15
4930.66 1.29447e-15
4932.12 1.2968e-15
4933.57 1.32345e-15
4935.03 1.35031e-15
4936.49 1.33432e-15
4937.95 1.33951e-15
4939.41 1.34185e-15
4940.87 1.34078e-15
4942.33 1.34102e-15
4943.79 1.34126e-15
4945.25 1.3415e-15
4946.71 1.34173e-15
4948.17 1.34197e-15
4949.63 1.3422e-15
4951.09 1.34244e-15
4952.55 1.34267e-15
4954.01 1.3429e-15
4955.47 1.34313e-15
4956.93 1.34337e-15
4958.39 1.3436e-15
4959.85 1.34383e-15
4961.31 1.34406e-15
4962.77 1.34428e-15
4964.23 1.34451e-15
4965.69 1.34474e-15
4967.15 1.34496e-15
4968.61 1.34519e-15
4970.07 1.34541e-15
4971.53 1.34564e-15
4972.99 1.34586e-15
4974.45 1.34608e-15
4975.91 1.34631e-15
4977.37 1.34653e-15
4978.83 1.357e-15
4980.29 1.36388e-15
4981.75 1.36189e-15
4983.21 1.35565e-15
4984.67 1.36399e-15
4986.13 1.40034e-15
4987.59 1.38927e-15
4989.05 1.38541e-15
4990.51 1.3922e-15
4991.97 1.399e-15
4993.43 1.4058e-15
4994.89 1.41259e-15
4996.35 1.41939e-15
4997.81 1.42619e-15
4999.26 1.43294e-15
5000.72 1.43974e-15
5002.18 1.44654e-15
5003.64 1.45334e-15
5005.1 1.46014e-15
5006.56 1.46694e-15
5008.02 1.47375e-15
5009.48 1.48055e-15
5010.94 1.48736e-15
5012.4 1.49416e-15
5013.86 1.50096e-15
5015.32 1.50777e-15
5016.78 1.51457e-15
5018.24 1.52138e-15
5019.7 1.52818e-15
5021.16 1.53499e-15
5022.62 1.54179e-15
5024.08 1.5486e-15
5025.54 1.55541e-15
5027 1.59586e-15
5028.46 1.62939e-15
5029.92 1.634e-15
5031.38 1.63969e-15
5032.84 1.66595e-15
5034.3 1.65647e-15
5035.76 1.62441e-15
5037.22 1.58972e-15
5038.68 1.60949e-15
5040.14 1.65804e-15
5041.6 1.66511e-15
5043.06 1.64149e-15
5044.52 1.63746e-15
5045.98 1.64851e-15
5047.44 1.6635e-15
5048.9 1.69885e-15
5050.36 1.7391e-15
5051.82 1.76226e-15
5053.28 1.73819e-15
5054.74 1.73228e-15
5056.2 1.76013e-15
5057.66 1.80138e-15
5059.12 1.80774e-15
5060.58 1.81813e-15
5062.04 1.84081e-15
5063.5 1.82719e-15
5064.96 1.79266e-15
5066.41 1.83484e-15
5067.87 1.86508e-15
5069.33 1.88163e-15
5070.79 1.84745e-15
5072.25 1.87735e-15
5073.71 1.89423e-15
5075.17 1.87582e-15
5076.63 1.88915e-15
5078.09 1.91454e-15
5079.55 1.93621e-15
5081.01 1.95176e-15
5082.47 1.949e-15
5083.93 1.97143e-15
5085.39 2.02213e-15
5086.85 1.97894e-15
5088.31 1.97454e-15
5089.77 1.97535e-15
5091.23 1.94775e-15
5092.69 1.94009e-15
5094.15 1.94051e-15
5095.61 2.00617e-15
5097.07 1.99515e-15
5098.53 1.97198e-15
5099.99 1.94434e-15
5101.45 1.98099e-15
5102.91 1.99893e-15
5104.37 2.0151e-15
5105.83 1.97796e-15
5107.29 1.96806e-15
5108.75 2.00905e-15
5110.21 2.0081e-15
5111.67 2.04155e-15
5113.13 2.04177e-15
5114.59 1.99009e-15
5116.05 1.99619e-15
5117.51 2.04085e-15
5118.97 2.04872e-15
5120.43 1.99835e-15
5121.89 1.95577e-15
5123.35 1.95811e-15
5124.81 1.985e-15
5126.27 1.97353e-15
5127.73 1.98231e-15
5129.19 1.99126e-15
5130.65 1.96034e-15
5132.11 1.91126e-15
5133.57 1.9406e-15
5135.03 1.94655e-15
5136.48 1.92606e-15
5137.94 1.97735e-15
5139.4 1.98495e-15
5140.86 1.93761e-15
5142.32 1.93622e-15
5143.78 1.97898e-15
5145.24 2.00024e-15
5146.7 2.03618e-15
5148.16 2.03155e-15
5149.62 2.03522e-15
5151.08 2.00924e-15
5152.54 2.01623e-15
5154 2.01323e-15
5155.46 1.97549e-15
5156.92 2.007e-15
5158.38 2.04543e-15
5159.84 2.06094e-15
5161.3 2.10065e-15
5162.76 2.06125e-15
5164.22 2.02981e-15
5165.68 2.05707e-15
5167.14 2.0853e-15
5168.6 2.04436e-15
5170.06 2.04134e-15
5171.52 2.09703e-15
5172.98 2.10965e-15
5174.44 2.10304e-15
5175.9 2.11871e-15
5177.36 2.17416e-15
5178.82 2.17308e-15
5180.28 2.15036e-15
5181.74 2.14411e-15
5183.2 2.16303e-15
5184.66 2.20812e-15
5186.12 2.17955e-15
5187.58 2.1267e-15
5189.04 2.1776e-15
5190.5 2.19908e-15
5191.96 2.21367e-15
5193.42 2.24182e-15
5194.88 2.20562e-15
5196.34 2.15555e-15
5197.8 2.15225e-15
5199.26 2.14046e-15
5200.72 2.17924e-15
5202.17 2.19847e-15
5203.63 2.19189e-15
5205.09 2.19641e-15
5206.55 2.19812e-15
5208.01 2.21536e-15
5209.47 2.24624e-15
5210.93 2.24722e-15
5212.39 2.21984e-15
5213.85 2.22093e-15
5215.31 2.23119e-15
5216.77 2.24351e-15
5218.23 2.25355e-15
5219.69 2.23271e-15
5221.15 2.21452e-15
5222.61 2.2295e-15
5224.07 2.23153e-15
5225.53 2.24077e-15
5226.99 2.27476e-15
5228.45 2.2792e-15
5229.91 2.28407e-15
5231.37 2.28272e-15
5232.83 2.29894e-15
5234.29 2.27884e-15
5235.75 2.25139e-15
5237.21 2.27398e-15
5238.67 2.28093e-15
5240.13 2.19696e-15
5241.59 2.20397e-15
5243.05 2.23693e-15
5244.51 2.31123e-15
5245.97 2.28434e-15
5247.43 2.22781e-15
5248.89 2.23466e-15
5250.35 2.21678e-15
5251.81 2.24449e-15
5253.27 2.22058e-15
5254.73 2.17306e-15
5256.19 2.18957e-15
5257.65 2.19806e-15
5259.11 2.14338e-15
5260.57 2.14191e-15
5262.03 2.18557e-15
5263.49 2.22521e-15
5264.95 2.19185e-15
5266.41 2.13772e-15
5267.87 2.14487e-15
5269.32 2.19384e-15
5270.78 2.21138e-15
5272.24 2.19e-15
5273.7 2.15844e-15
5275.16 2.15393e-15
5276.62 2.157e-15
5278.08 2.15738e-15
5279.54 2.18788e-15
5281 2.20471e-15
5282.46 2.22781e-15
5283.92 2.20866e-15
5285.38 2.19911e-15
5286.84 2.20411e-15
5288.3 2.17695e-15
5289.76 2.22505e-15
5291.22 2.21558e-15
5292.68 2.18305e-15
5294.14 2.17171e-15
5295.6 2.18403e-15
5297.06 2.20468e-15
5298.52 2.23192e-15
5299.98 2.19691e-15
5301.44 2.17859e-15
5302.9 2.15276e-15
5304.36 2.1746e-15
5305.82 2.22748e-15
5307.28 2.24965e-15
5308.74 2.23653e-15
5310.2 2.21386e-15
5311.66 2.19145e-15
5313.12 2.16028e-15
5314.58 2.16585e-15
5316.04 2.18837e-15
5317.5 2.18652e-15
5318.96 2.20595e-15
5320.42 2.21525e-15
5321.88 2.18933e-15
5323.34 2.16907e-15
5324.8 2.17959e-15
5326.26 2.22062e-15
5327.72 2.22076e-15
5329.18 2.17249e-15
5330.64 2.14569e-15
5332.1 2.18543e-15
5333.56 2.21048e-15
5335.01 2.21062e-15
5336.47 2.21991e-15
5337.93 2.20145e-15
5339.39 2.16881e-15
5340.85 2.15972e-15
5342.31 2.18367e-15
5343.77 2.17456e-15
5345.23 2.16129e-15
5346.69 2.15837e-15
5348.15 2.135e-15
5349.61 2.15738e-15
5351.07 2.18644e-15
5352.53 2.18258e-15
5353.99 2.17688e-15
5355.45 2.15889e-15
5356.91 2.14797e-15
5358.37 2.16728e-15
5359.83 2.17077e-15
5361.29 2.14411e-15
5362.75 2.1357e-15
5364.21 2.14529e-15
5365.67 2.14871e-15
5367.13 2.11861e-15
5368.59 2.08511e-15
5370.05 2.08189e-15
5371.51 2.09592e-15
5372.97 2.09882e-15
5374.43 2.07975e-15
5375.89 2.06893e-15
5377.35 2.04489e-15
5378.81 2.04625e-15
5380.27 2.08445e-15
5381.73 2.09593e-15
5383.19 2.09261e-15
5384.65 2.08117e-15
5386.11 2.09849e-15
5387.57 2.11072e-15
5389.03 2.06789e-15
5390.49 2.03228e-15
5391.95 2.03107e-15
5393.41 2.01402e-15
5394.87 1.98334e-15
5396.33 1.96874e-15
5397.79 1.99095e-15
5399.25 1.99087e-15
5400.7 2.01673e-15
5402.16 2.00252e-15
5403.62 1.99008e-15
5405.08 1.96385e-15
5406.54 1.97686e-15
5408 1.98858e-15
5409.46 1.95091e-15
5410.92 1.93607e-15
5412.38 1.93805e-15
5413.84 1.90535e-15
5415.3 1.89162e-15
5416.76 1.8898e-15
5418.22 1.85378e-15
5419.68 1.85783e-15
5421.14 1.82851e-15
5422.6 1.78894e-15
5424.06 1.80116e-15
5425.52 1.80199e-15
5426.98 1.77222e-15
5428.44 1.72228e-15
5429.9 1.69212e-15
5431.36 1.67524e-15
5432.82 1.64919e-15
5434.28 1.62236e-15
5435.74 1.59962e-15
5437.2 1.57974e-15
5438.66 1.54944e-15
5440.12 1.53407e-15
5441.58 1.57971e-15
5443.04 1.60714e-15
5444.5 1.62977e-15
5445.96 1.60114e-15
5447.42 1.5571e-15
5448.88 1.5348e-15
5450.34 1.55432e-15
5451.8 1.54247e-15
5453.26 1.5276e-15
5454.72 1.52778e-15
5456.18 1.57364e-15
5457.64 1.5765e-15
5459.1 1.60518e-15
5460.56 1.61322e-15
5462.02 1.58995e-15
5463.48 1.60385e-15
5464.94 1.58413e-15
5466.4 1.59763e-15
5467.85 1.56366e-15
5469.31 1.55299e-15
5470.77 1.53819e-15
5472.23 1.55049e-15
5473.69 1.55506e-15
5475.15 1.55689e-15
5476.61 1.55828e-15
5478.07 1.54997e-15
5479.53 1.57318e-15
5480.99 1.61257e-15
5482.45 1.58917e-15
5483.91 1.58642e-15
5485.37 1.57243e-15
5486.83 1.59045e-15
5488.29 1.55873e-15
5489.75 1.58526e-15
5491.21 1.59444e-15
5492.67 1.53361e-15
5494.13 1.53083e-15
5495.59 1.56497e-15
5497.05 1.59499e-15
5498.51 1.59273e-15
5499.97 1.53633e-15
5501.43 1.50898e-15
5502.89 1.49852e-15
5504.35 1.52658e-15
5505.81 1.53602e-15
5507.27 1.49745e-15
5508.73 1.50257e-15
5510.19 1.50005e-15
5511.65 1.46615e-15
5513.11 1.47793e-15
5514.57 1.48193e-15
5516.03 1.46987e-15
5517.49 1.49131e-15
5518.95 1.4926e-15
5520.41 1.4517e-15
5521.87 1.43525e-15
5523.33 1.46255e-15
5524.79 1.49566e-15
5526.25 1.4841e-15
5527.71 1.46386e-15
5529.17 1.46806e-15
5530.63 1.46057e-15
5532.09 1.45987e-15
5533.54 1.45655e-15
5535 1.46476e-15
5536.46 1.45592e-15
5537.92 1.44322e-15
5539.38 1.44943e-15
5540.84 1.4482e-15
5542.3 1.40881e-15
5543.76 1.42196e-15
5545.22 1.45672e-15
5546.68 1.45608e-15
5548.14 1.4675e-15
5549.6 1.43746e-15
5551.06 1.42113e-15
5552.52 1.43842e-15
5553.98 1.47445e-15
5555.44 1.48419e-15
5556.9 1.46141e-15
5558.36 1.44293e-15
5559.82 1.43791e-15
5561.28 1.46691e-15
5562.74 1.48214e-15
5564.2 1.46995e-15
5565.66 1.4499e-15
5567.12 1.43215e-15
5568.58 1.45228e-15
5570.04 1.48047e-15
5571.5 1.46589e-15
5572.96 1.48253e-15
5574.42 1.48164e-15
5575.88 1.47431e-15
5577.34 1.50024e-15
5578.8 1.49148e-15
5580.26 1.49731e-15
5581.72 1.51886e-15
5583.18 1.51979e-15
5584.64 1.48018e-15
5586.1 1.44463e-15
5587.56 1.47579e-15
5589.02 1.49708e-15
5590.48 1.4904e-15
5591.94 1.48974e-15
5593.4 1.47354e-15
5594.86 1.45343e-15
5596.32 1.4493e-15
5597.78 1.4577e-15
5599.24 1.44525e-15
5600.7 1.43981e-15
5602.16 1.44016e-15
5603.61 1.43369e-15
5605.07 1.44394e-15
5606.53 1.44187e-15
5607.99 1.43006e-15
5609.45 1.43029e-15
5610.91 1.44216e-15
5612.37 1.45827e-15
5613.83 1.45316e-15
5615.29 1.43872e-15
5616.75 1.42898e-15
5618.21 1.43609e-15
5619.67 1.45739e-15
5621.13 1.45249e-15
5622.59 1.45551e-15
5624.05 1.4532e-15
5625.51 1.45505e-15
5626.97 1.48231e-15
5628.43 1.49642e-15
5629.89 1.49639e-15
5631.35 1.49698e-15
5632.81 1.46975e-15
5634.27 1.48642e-15
5635.73 1.5172e-15
5637.19 1.51136e-15
5638.65 1.50788e-15
5640.11 1.51617e-15
5641.57 1.52081e-15
5643.03 1.54374e-15
5644.49 1.55795e-15
5645.95 1.54012e-15
5647.41 1.55705e-15
5648.87 1.57126e-15
5650.33 1.55882e-15
5651.79 1.54559e-15
5653.25 1.51976e-15
5654.71 1.55281e-15
5656.17 1.6011e-15
5657.63 1.58955e-15
5659.09 1.56268e-15
5660.55 1.55064e-15
5662.01 1.54746e-15
5663.47 1.55296e-15
5664.93 1.55673e-15
5666.39 1.56754e-15
5667.85 1.59893e-15
5669.31 1.60011e-15
5670.76 1.61335e-15
5672.22 1.64214e-15
5673.68 1.63799e-15
5675.14 1.62877e-15
5676.6 1.58855e-15
5678.06 1.59647e-15
5679.52 1.63781e-15
5680.98 1.63511e-15
5682.44 1.64032e-15
5683.9 1.65956e-15
5685.36 1.66239e-15
5686.82 1.67495e-15
5688.28 1.68519e-15
5689.74 1.66924e-15
5691.2 1.69353e-15
5692.66 1.69646e-15
5694.12 1.68639e-15
5695.58 1.69863e-15
5697.04 1.72175e-15
5698.5 1.6997e-15
5699.96 1.74469e-15
5701.42 1.73343e-15
5702.88 1.68945e-15
5704.34 1.70342e-15
5705.8 1.71194e-15
5707.26 1.73276e-15
5708.72 1.77531e-15
5710.18 1.7848e-15
5711.64 1.7797e-15
5713.1 1.76848e-15
5714.56 1.78509e-15
5716.02 1.74197e-15
5717.48 1.72275e-15
5718.94 1.74309e-15
5720.4 1.77167e-15
5721.86 1.79454e-15
5723.32 1.75791e-15
5724.78 1.7412e-15
5726.24 1.74541e-15
5727.7 1.77506e-15
5729.16 1.7807e-15
5730.62 1.76612e-15
5732.08 1.77885e-15
5733.54 1.7716e-15
5735 1.79246e-15
5736.45 1.81503e-15
5737.91 1.76542e-15
5739.37 1.75037e-15
5740.83 1.79053e-15
5742.29 1.77993e-15
5743.75 1.79997e-15
5745.21 1.83249e-15
5746.67 1.82377e-15
5748.13 1.83649e-15
5749.59 1.79951e-15
5751.05 1.7798e-15
5752.51 1.824e-15
5753.97 1.82945e-15
5755.43 1.82495e-15
5756.89 1.7979e-15
5758.35 1.77019e-15
5759.81 1.78116e-15
5761.27 1.8036e-15
5762.73 1.80769e-15
5764.19 1.76263e-15
5765.65 1.79043e-15
5767.11 1.77988e-15
5768.57 1.77972e-15
5770.03 1.78295e-15
5771.49 1.7858e-15
5772.95 1.78422e-15
5774.41 1.76064e-15
5775.87 1.74923e-15
5777.33 1.74975e-15
5778.79 1.77777e-15
5780.25 1.76396e-15
5781.71 1.76609e-15
5783.17 1.76077e-15
5784.63 1.76694e-15
5786.09 1.76245e-15
5787.55 1.75438e-15
5789.01 1.77271e-15
5790.47 1.76269e-15
5791.93 1.74495e-15
5793.39 1.74167e-15
5794.85 1.7212e-15
5796.31 1.7055e-15
5797.77 1.69813e-15
5799.23 1.70243e-15
5800.69 1.74791e-15
5802.14 1.76355e-15
5803.6 1.73399e-15
5805.06 1.70637e-15
5806.52 1.69269e-15
5807.98 1.6943e-15
5809.44 1.69532e-15
5810.9 1.70949e-15
5812.36 1.71624e-15
5813.82 1.71201e-15
5815.28 1.71304e-15
5816.74 1.70023e-15
5818.2 1.66274e-15
5819.66 1.65447e-15
5821.12 1.65659e-15
5822.58 1.61949e-15
5824.04 1.63951e-15
5825.5 1.66117e-15
5826.96 1.6324e-15
5828.42 1.63465e-15
5829.88 1.63735e-15
5831.34 1.60791e-15
5832.8 1.5968e-15
5834.26 1.60081e-15
5835.72 1.58681e-15
5837.18 1.59588e-15
5838.64 1.58934e-15
5840.1 1.57562e-15
5841.56 1.59735e-15
5843.02 1.60684e-15
5844.48 1.57648e-15
5845.94 1.53732e-15
5847.4 1.53257e-15
5848.86 1.55219e-15
5850.32 1.56333e-15
5851.78 1.53613e-15
5853.24 1.54428e-15
5854.7 1.54979e-15
5856.16 1.53731e-15
5857.62 1.55852e-15
5859.08 1.56086e-15
5860.54 1.58505e-15
5862 1.60065e-15
5863.46 1.58235e-15
5864.92 1.60189e-15
5866.38 1.60218e-15
5867.84 1.61364e-15
5869.29 1.59388e-15
5870.75 1.59272e-15
5872.21 1.61591e-15
5873.67 1.62126e-15
5875.13 1.58651e-15
5876.59 1.59971e-15
5878.05 1.59528e-15
5879.51 1.59523e-15
5880.97 1.59916e-15
5882.43 1.55939e-15
5883.89 1.50704e-15
5885.35 1.50573e-15
5886.81 1.51172e-15
5888.27 1.51599e-15
5889.73 1.55014e-15
5891.19 1.57593e-15
5892.65 1.56096e-15
5894.11 1.59064e-15
5895.57 1.61246e-15
5897.03 1.63882e-15
5898.49 1.61075e-15
5899.95 1.58333e-15
5901.41 1.56985e-15
5902.87 1.56057e-15
5904.33 1.53752e-15
5905.79 1.55788e-15
5907.25 1.54882e-15
5908.71 1.54459e-15
5910.17 1.54005e-15
5911.63 1.53063e-15
5913.09 1.52167e-15
5914.55 1.51053e-15
5916.01 1.4989e-15
5917.47 1.47934e-15
5918.93 1.46367e-15
5920.39 1.4487e-15
5921.85 1.41226e-15
5923.31 1.39021e-15
5924.77 1.39262e-15
5926.23 1.39363e-15
5927.69 1.39325e-15
5929.15 1.39958e-15
5930.61 1.36633e-15
5932.07 1.3276e-15
5933.53 1.30907e-15
5934.98 1.30551e-15
5936.44 1.27039e-15
5937.9 1.23204e-15
5939.36 1.24067e-15
5940.82 1.22779e-15
5942.28 1.20245e-15
5943.74 1.23311e-15
5945.2 1.24165e-15
5946.66 1.20017e-15
5948.12 1.20959e-15
5949.58 1.2336e-15
5951.04 1.21172e-15
5952.5 1.1894e-15
5953.96 1.18914e-15
5955.42 1.16818e-15
5956.88 1.12624e-15
5958.34 1.12149e-15
5959.8 1.1203e-15
5961.26 1.12305e-15
5962.72 1.14506e-15
5964.18 1.1375e-15
5965.64 1.113e-15
5967.1 1.10293e-15
5968.56 1.11046e-15
5970.02 1.112e-15
5971.48 1.08547e-15
5972.94 1.07635e-15
5974.4 1.08315e-15
5975.86 1.07894e-15
5977.32 1.07654e-15
5978.78 1.10758e-15
5980.24 1.09498e-15
5981.7 1.0464e-15
5983.16 1.0176e-15
5984.62 9.99612e-16
5986.08 1.0301e-15
5987.54 1.0582e-15
5989 1.05414e-15
5990.46 1.04217e-15
5991.92 1.03665e-15
5993.38 1.03402e-15
5994.84 1.02713e-15
5996.3 1.03069e-15
5997.76 1.02653e-15
5999.22 1.01343e-15
6000.68 1.01767e-15
6002.13 1.00549e-15
6003.59 1.00086e-15
6005.05 9.79739e-16
6006.51 9.85328e-16
6007.97 1.01879e-15
6009.43 1.02126e-15
6010.89 9.88765e-16
6012.35 9.85596e-16
6013.81 1.00384e-15
6015.27 1.00959e-15
6016.73 9.89502e-16
6018.19 9.98436e-16
6019.65 1.00446e-15
6021.11 9.75986e-16
6022.57 9.53691e-16
6024.03 9.60011e-16
6025.49 9.67234e-16
6026.95 9.47026e-16
6028.41 9.4469e-16
6029.87 9.45666e-16
6031.33 9.43022e-16
6032.79 9.30135e-16
6034.25 9.20027e-16
6035.71 9.30007e-16
6037.17 9.42325e-16
6038.63 9.41493e-16
6040.09 9.26267e-16
6041.55 9.4191e-16
6043.01 9.50769e-16
6044.47 9.47905e-16
6045.93 9.37416e-16
6047.39 9.26351e-16
6048.85 9.44548e-16
6050.31 9.39459e-16
6051.77 9.31757e-16
6053.23 9.6119e-16
6054.69 9.88206e-16
6056.15 9.66698e-16
6057.61 9.52793e-16
6059.07 9.54611e-16
6060.53 9.52415e-16
6061.99 9.76053e-16
6063.45 9.73418e-16
6064.91 9.81571e-16
6066.37 9.95133e-16
6067.83 9.6538e-16
6069.29 9.77204e-16
6070.74 9.95093e-16
6072.2 1.01262e-15
6073.66 1.01418e-15
6075.12 1.0092e-15
6076.58 9.9384e-16
6078.04 1.00578e-15
6079.5 1.02976e-15
6080.96 1.04143e-15
6082.42 1.03756e-15
6083.88 1.03749e-15
6085.34 1.05237e-15
6086.8 1.03693e-15
6088.26 1.02397e-15
6089.72 1.04914e-15
6091.18 1.08026e-15
6092.64 1.07913e-15
6094.1 1.07104e-15
6095.56 1.04524e-15
6097.02 1.04479e-15
6098.48 1.10694e-15
6099.94 1.09926e-15
6101.4 1.09261e-15
6102.86 1.08035e-15
6104.32 1.08043e-15
6105.78 1.06061e-15
6107.24 1.08243e-15
6108.7 1.09184e-15
6110.16 1.0943e-15
6111.62 1.11409e-15
6113.08 1.10989e-15
6114.54 1.08564e-15
6116 1.08409e-15
6117.46 1.11745e-15
6118.92 1.13894e-15
6120.38 1.12292e-15
6121.84 1.13961e-15
6123.3 1.14766e-15
6124.76 1.14057e-15
6126.22 1.12865e-15
6127.68 1.14102e-15
6129.14 1.17713e-15
6130.6 1.19298e-15
6132.06 1.16629e-15
6133.52 1.17431e-15
6134.98 1.18917e-15
6136.44 1.19195e-15
6137.89 1.18273e-15
6139.35 1.16682e-15
6140.81 1.16533e-15
6142.27 1.16488e-15
6143.73 1.18255e-15
6145.19 1.18643e-15
6146.65 1.19472e-15
6148.11 1.2153e-15
6149.57 1.20715e-15
6151.03 1.18889e-15
6152.49 1.18986e-15
6153.95 1.18917e-15
6155.41 1.21427e-15
6156.87 1.22989e-15
6158.33 1.22332e-15
6159.79 1.23081e-15
6161.25 1.24882e-15
6162.71 1.2253e-15
6164.17 1.21204e-15
6165.63 1.21432e-15
6167.09 1.22392e-15
6168.55 1.21439e-15
6170.01 1.21163e-15
6171.47 1.21915e-15
6172.93 1.1983e-15
6174.39 1.16876e-15
6175.85 1.17558e-15
6177.31 1.19477e-15
6178.77 1.22676e-15
6180.23 1.2053e-15
6181.69 1.20273e-15
6183.15 1.22922e-15
6184.61 1.20258e-15
6186.07 1.19227e-15
6187.53 1.19103e-15
6188.99 1.2155e-15
6190.45 1.24318e-15
6191.91 1.22092e-15
6193.37 1.2101e-15
6194.83 1.20138e-15
6196.29 1.20882e-15
6197.75 1.2399e-15
6199.21 1.23734e-15
6200.67 1.21941e-15
6202.13 1.21052e-15
6203.58 1.19465e-15
6205.04 1.21715e-15
6206.5 1.24786e-15
6207.96 1.23151e-15
6209.42 1.22249e-15
6210.88 1.24981e-15
6212.34 1.25425e-15
6213.8 1.23185e-15
6215.26 1.20429e-15
6216.72 1.21861e-15
6218.18 1.24415e-15
6219.64 1.2407e-15
6221.1 1.24731e-15
6222.56 1.23295e-15
6224.02 1.2427e-15
6225.48 1.25642e-15
6226.94 1.24407e-15
6228.4 1.23692e-15
6229.86 1.24437e-15
6231.32 1.24879e-15
6232.78 1.2491e-15
6234.24 1.24726e-15
6235.7 1.22473e-15
6237.16 1.23516e-15
6238.62 1.25477e-15
6240.08 1.2387e-15
6241.54 1.24029e-15
6243 1.27334e-15
6244.46 1.27343e-15
6245.92 1.27673e-15
6247.38 1.28539e-15
6248.84 1.26245e-15
6250.3 1.25764e-15
6251.76 1.26238e-15
6253.22 1.25057e-15
6254.68 1.28821e-15
6256.14 1.30037e-15
6257.6 1.29237e-15
6259.06 1.28968e-15
6260.52 1.24054e-15
6261.98 1.24283e-15
6263.44 1.25661e-15
6264.9 1.26363e-15
6266.36 1.28723e-15
6267.82 1.3027e-15
6269.28 1.28546e-15
6270.73 1.3033e-15
6272.19 1.30185e-15
6273.65 1.30406e-15
6275.11 1.2932e-15
6276.57 1.25539e-15
6278.03 1.24023e-15
6279.49 1.26208e-15
6280.95 1.25359e-15
6282.41 1.25306e-15
6283.87 1.26303e-15
6285.33 1.26245e-15
6286.79 1.29324e-15
6288.25 1.26572e-15
6289.71 1.24767e-15
6291.17 1.27012e-15
6292.63 1.27524e-15
6294.09 1.26784e-15
6295.55 1.26695e-15
6297.01 1.28129e-15
6298.47 1.25896e-15
6299.93 1.25704e-15
6301.39 1.24716e-15
6302.85 1.24555e-15
6304.31 1.21129e-15
6305.77 1.22085e-15
6307.23 1.22525e-15
6308.69 1.22855e-15
6310.15 1.247e-15
6311.61 1.23861e-15
6313.07 1.23033e-15
6314.53 1.2007e-15
6315.99 1.215e-15
6317.45 1.21812e-15
6318.91 1.21083e-15
6320.37 1.21621e-15
6321.83 1.21103e-15
6323.29 1.19065e-15
6324.75 1.1956e-15
6326.21 1.20573e-15
6327.67 1.19385e-15
6329.13 1.19895e-15
6330.59 1.22273e-15
6332.05 1.20907e-15
6333.51 1.20244e-15
6334.97 1.19257e-15
6336.42 1.21557e-15
6337.88 1.22041e-15
6339.34 1.20206e-15
6340.8 1.20655e-15
6342.26 1.20193e-15
6343.72 1.19831e-15
6345.18 1.21636e-15
6346.64 1.20651e-15
6348.1 1.16869e-15
6349.56 1.17183e-15
6351.02 1.20049e-15
6352.48 1.1978e-15
6353.94 1.1748e-15
6355.4 1.18037e-15
6356.86 1.23239e-15
6358.32 1.2243e-15
6359.78 1.22388e-15
6361.24 1.20798e-15
6362.7 1.16724e-15
6364.16 1.17417e-15
6365.62 1.1893e-15
6367.08 1.21801e-15
6368.54 1.19628e-15
6370 1.19653e-15
6371.46 1.19888e-15
6372.92 1.20274e-15
6374.38 1.19662e-15
6375.84 1.18375e-15
6377.3 1.19909e-15
6378.76 1.17095e-15
6380.22 1.16678e-15
6381.68 1.19502e-15
6383.14 1.20707e-15
6384.6 1.17882e-15
6386.06 1.22616e-15
6387.52 1.25401e-15
6388.98 1.21764e-15
6390.44 1.21759e-15
6391.9 1.2022e-15
6393.36 1.17081e-15
6394.82 1.18027e-15
6396.28 1.18786e-15
6397.74 1.17244e-15
6399.2 1.16763e-15
6400.66 1.18538e-15
6402.12 1.22281e-15
6403.57 1.20917e-15
6405.03 1.18658e-15
6406.49 1.18529e-15
6407.95 1.22054e-15
6409.41 1.23156e-15
6410.87 1.19514e-15
6412.33 1.18487e-15
6413.79 1.19135e-15
6415.25 1.20123e-15
6416.71 1.20257e-15
6418.17 1.21075e-15
6419.63 1.2152e-15
6421.09 1.21074e-15
6422.55 1.21379e-15
6424.01 1.20936e-15
6425.47 1.21589e-15
6426.93 1.23784e-15
6428.39 1.22848e-15
6429.85 1.22542e-15
6431.31 1.2397e-15
6432.77 1.24468e-15
6434.23 1.2443e-15
6435.69 1.22466e-15
6437.15 1.21163e-15
6438.61 1.2147e-15
6440.07 1.21563e-15
6441.53 1.22205e-15
6442.99 1.2324e-15
6444.45 1.22535e-15
6445.91 1.21053e-15
6447.37 1.21883e-15
6448.83 1.24705e-15
6450.29 1.24417e-15
6451.75 1.2467e-15
6453.21 1.24754e-15
6454.67 1.22935e-15
6456.13 1.25675e-15
6457.59 1.26866e-15
6459.05 1.24793e-15
6460.51 1.23229e-15
6461.97 1.2554e-15
6463.43 1.26817e-15
6464.89 1.2599e-15
6466.35 1.25015e-15
6467.81 1.25356e-15
6469.26 1.24394e-15
6470.72 1.25405e-15
6472.18 1.26054e-15
6473.64 1.254e-15
6475.1 1.25181e-15
6476.56 1.25679e-15
6478.02 1.24319e-15
6479.48 1.22018e-15
6480.94 1.21458e-15
6482.4 1.24595e-15
6483.86 1.25946e-15
6485.32 1.23741e-15
6486.78 1.23083e-15
6488.24 1.24021e-15
6489.7 1.25613e-15
6491.16 1.2389e-15
6492.62 1.21892e-15
6494.08 1.24189e-15
6495.54 1.23723e-15
6497 1.22411e-15
6498.46 1.22969e-15
6499.92 1.21406e-15
6501.38 1.22078e-15
6502.84 1.21175e-15
6504.3 1.20958e-15
6505.76 1.20852e-15
6507.22 1.19442e-15
6508.68 1.19359e-15
6510.14 1.20379e-15
6511.6 1.19655e-15
6513.06 1.20552e-15
6514.52 1.19476e-15
6515.98 1.17317e-15
6517.44 1.18506e-15
6518.9 1.16989e-15
6520.36 1.1513e-15
6521.82 1.1787e-15
6523.28 1.18849e-15
6524.74 1.19105e-15
6526.2 1.17736e-15
6527.66 1.17417e-15
6529.12 1.18337e-15
6530.58 1.1853e-15
6532.04 1.18365e-15
6533.5 1.18199e-15
6534.96 1.18034e-15
6536.41 1.1787e-15
6537.87 1.17705e-15
6539.33 1.1754e-15
6540.79 1.17376e-15
6542.25 1.17211e-15
6543.71 1.17047e-15
6545.17 1.16883e-15
6546.63 1.16718e-15
6548.09 1.16554e-15
6549.55 1.1639e-15
6551.01 1.16227e-15
6552.47 1.16063e-15
6553.93 1.15899e-15
6555.39 1.15736e-15
6556.85 1.15572e-15
6558.31 1.15409e-15
6559.77 1.15246e-15
6561.23 1.15083e-15
6562.69 1.1492e-15
6564.15 1.14757e-15
6565.61 1.14594e-15
6567.07 1.14432e-15
6568.53 1.14332e-15
6569.99 1.14256e-15
6571.45 1.14181e-15
6572.91 1.14106e-15
6574.37 1.1403e-15
6575.83 1.13955e-15
6577.29 1.1388e-15
6578.75 1.13805e-15
6580.21 1.1373e-15
6581.67 1.13655e-15
6583.13 1.13581e-15
6584.59 1.13506e-15
6586.05 1.13431e-15
6587.51 1.13356e-15
6588.97 1.13281e-15
6590.43 1.13207e-15
6591.89 1.13132e-15
6593.35 1.13058e-15
6594.81 1.12983e-15
6596.27 1.12909e-15
6597.73 1.12835e-15
6599.19 1.1276e-15
6600.65 1.12686e-15
6602.11 1.12612e-15
6603.57 1.14763e-15
6605.02 1.15403e-15
6606.48 1.12812e-15
6607.94 1.1013e-15
6609.4 1.10855e-15
6610.86 1.13424e-15
6612.32 1.13273e-15
6613.78 1.11331e-15
6615.24 1.11574e-15
6616.7 1.1194e-15
6618.16 1.111e-15
6619.62 1.11573e-15
6621.08 1.10489e-15
6622.54 1.11678e-15
6624 1.12363e-15
6625.46 1.12781e-15
6626.92 1.12482e-15
6628.38 1.09895e-15
6629.84 1.08902e-15
6631.3 1.08326e-15
6632.76 1.08206e-15
6634.22 1.07534e-15
6635.68 1.08902e-15
6637.14 1.10468e-15
6638.6 1.08866e-15
6640.06 1.09444e-15
6641.52 1.08918e-15
6642.98 1.07054e-15
6644.44 1.07211e-15
6645.9 1.07664e-15
6647.36 1.0767e-15
6648.82 1.07513e-15
6650.28 1.09762e-15
6651.74 1.10415e-15
6653.2 1.08174e-15
6654.66 1.07671e-15
6656.12 1.07778e-15
6657.58 1.07088e-15
6659.04 1.05203e-15
6660.5 1.04875e-15
6661.96 1.06767e-15
6663.42 1.05643e-15
6664.88 1.04986e-15
6666.34 1.07344e-15
6667.8 1.0651e-15
6669.26 1.04447e-15
6670.72 1.03722e-15
6672.17 1.02902e-15
6673.63 1.04059e-15
6675.09 1.0428e-15
6676.55 1.03305e-15
6678.01 1.0464e-15
6679.47 1.0462e-15
6680.93 1.03341e-15
6682.39 1.01452e-15
6683.85 1.00904e-15
6685.31 1.01069e-15
6686.77 1.02056e-15
6688.23 1.01261e-15
6689.69 1.00151e-15
6691.15 9.85608e-16
6692.61 9.69055e-16
6694.07 9.71853e-16
6695.53 9.67478e-16
6696.99 9.72074e-16
6698.45 9.7352e-16
6699.91 9.71512e-16
6701.37 9.69505e-16
6702.83 9.675e-16
6704.29 9.65496e-16
6705.75 9.63492e-16
6707.21 9.61491e-16
6708.67 9.59491e-16
6710.13 9.57492e-16
6711.59 9.55494e-16
6713.05 9.54306e-16
6714.51 9.53435e-16
6715.97 9.52564e-16
6717.43 9.51693e-16
6718.89 9.50823e-16
6720.35 9.4995e-16
6721.81 9.4908e-16
6723.27 9.48212e-16
6724.73 9.47345e-16
6726.19 9.46478e-16
6727.65 9.45612e-16
6729.11 9.44746e-16
6730.57 9.43882e-16
6732.03 9.43017e-16
6733.49 9.42153e-16
6734.95 9.4129e-16
6736.41 9.40427e-16
6737.86 9.39571e-16
6739.32 9.38709e-16
6740.78 9.37849e-16
6742.24 9.36988e-16
6743.7 9.36128e-16
6745.16 9.35269e-16
6746.62 9.34411e-16
6748.08 9.33552e-16
6749.54 9.32695e-16
6751 9.49522e-16
6752.46 9.62716e-16
6753.92 9.56465e-16
6755.38 9.68114e-16
6756.84 9.7705e-16
6758.3 9.76668e-16
6759.76 9.60416e-16
6761.22 9.48867e-16
6762.68 9.66845e-16
6764.14 9.54516e-16
6765.6 9.42512e-16
6767.06 9.7135e-16
6768.52 9.42331e-16
6769.98 9.05116e-16
6771.44 9.33916e-16
6772.9 9.66439e-16
6774.36 9.7534e-16
6775.82 9.7367e-16
6777.28 9.58964e-16
6778.74 9.43539e-16
6780.2 9.52102e-16
6781.66 9.73752e-16
6783.12 9.97964e-16
6784.58 9.74793e-16
6786.04 9.72455e-16
6787.5 9.59308e-16
6788.96 9.45994e-16
6790.42 9.70697e-16
6791.88 9.81196e-16
6793.34 9.75273e-16
6794.8 9.55745e-16
6796.26 9.84012e-16
6797.72 1.01411e-15
6799.18 9.66877e-16
6800.64 9.70903e-16
6802.1 9.6236e-16
6803.56 9.59897e-16
6805.01 9.65632e-16
6806.47 9.58805e-16
6807.93 9.73665e-16
6809.39 9.93474e-16
6810.85 9.89765e-16
6812.31 9.97412e-16
6813.77 9.77535e-16
6815.23 9.98512e-16
6816.69 1.01331e-15
6818.15 1.00149e-15
6819.61 9.81274e-16
6821.07 9.75051e-16
6822.53 9.85988e-16
6823.99 1.00837e-15
6825.45 1.00465e-15
6826.91 9.87797e-16
6828.37 9.81498e-16
6829.83 1.00349e-15
6831.29 1.00071e-15
6832.75 9.95313e-16
6834.21 9.87769e-16
6835.67 9.62329e-16
6837.13 9.64763e-16
6838.59 9.75987e-16
6840.05 9.73373e-16
6841.51 9.66474e-16
6842.97 9.62134e-16
6844.43 9.61723e-16
6845.89 9.46028e-16
6847.35 9.56196e-16
6848.81 9.74441e-16
6850.27 9.69826e-16
6851.73 9.75127e-16
6853.19 9.87291e-16
6854.65 9.74478e-16
6856.11 9.84829e-16
6857.57 1.02035e-15
6859.03 1.01622e-15
6860.49 9.87309e-16
6861.95 9.90839e-16
6863.41 9.86823e-16
6864.87 9.93565e-16
6866.33 1.02025e-15
6867.79 1.01177e-15
6869.25 9.95525e-16
6870.7 9.73783e-16
6872.16 9.62489e-16
6873.62 9.9986e-16
6875.08 1.02203e-15
6876.54 1.00358e-15
6878 1.00746e-15
6879.46 1.016e-15
6880.92 1.02614e-15
6882.38 1.02866e-15
6883.84 1.00676e-15
6885.3 1.01676e-15
6886.76 1.04368e-15
6888.22 1.04286e-15
6889.68 1.03546e-15
6891.14 1.03059e-15
6892.6 1.00361e-15
6894.06 1.00259e-15
6895.52 1.03891e-15
6896.98 1.06463e-15
6898.44 1.05799e-15
6899.9 1.04331e-15
6901.36 1.04232e-15
6902.82 1.04528e-15
6904.28 1.04704e-15
6905.74 1.03332e-15
6907.2 1.03119e-15
6908.66 1.03793e-15
6910.12 1.03163e-15
6911.58 1.03579e-15
6913.04 1.02723e-15
6914.5 1.0131e-15
6915.96 1.01213e-15
6917.42 1.01526e-15
6918.88 9.88254e-16
6920.34 9.86414e-16
6921.8 1.04193e-15
6923.26 1.0406e-15
6924.72 1.00814e-15
6926.18 1.00892e-15
6927.64 9.94418e-16
6929.1 9.8958e-16
6930.56 9.89107e-16
6932.02 9.8267e-16
6933.48 9.81934e-16
6934.94 1.00128e-15
6936.4 9.98747e-16
6937.85 1.01248e-15
6939.31 9.95829e-16
6940.77 9.78539e-16
6942.23 9.95375e-16
6943.69 1.01879e-15
6945.15 1.01092e-15
6946.61 9.95849e-16
6948.07 9.79002e-16
6949.53 9.67655e-16
6950.99 9.76762e-16
6952.45 9.79592e-16
6953.91 9.79311e-16
6955.37 9.73843e-16
6956.83 9.75648e-16
6958.29 9.76161e-16
6959.75 9.74706e-16
6961.21 9.73251e-16
6962.67 9.71797e-16
6964.13 9.70344e-16
6965.59 9.68892e-16
6967.05 9.6744e-16
6968.51 9.66831e-16
6969.97 9.68792e-16
6971.43 9.69439e-16
6972.89 9.71572e-16
6974.35 9.63055e-16
6975.81 9.44047e-16
6977.27 9.65153e-16
6978.73 9.84517e-16
6980.19 9.69939e-16
6981.65 9.58879e-16
6983.11 9.44249e-16
6984.57 9.56448e-16
6986.03 9.52462e-16
6987.49 9.54955e-16
6988.95 9.52148e-16
6990.41 9.66324e-16
6991.87 9.69546e-16
6993.33 9.59036e-16
6994.79 9.51618e-16
6996.25 9.76992e-16
6997.71 9.58755e-16
6999.17 9.3009e-16
7000.63 9.2941e-16
7002.09 9.22786e-16
7003.54 9.22632e-16
7005 9.27538e-16
7006.46 9.35465e-16
7007.92 9.49626e-16
7009.38 9.40267e-16
7010.84 9.22786e-16
7012.3 9.08171e-16
7013.76 9.30933e-16
7015.22 9.45933e-16
7016.68 9.56412e-16
7018.14 9.35986e-16
7019.6 9.35595e-16
7021.06 9.25489e-16
7022.52 9.27985e-16
7023.98 9.25997e-16
7025.44 9.40533e-16
7026.9 9.42624e-16
7028.36 9.41691e-16
7029.82 9.45269e-16
7031.28 9.34741e-16
7032.74 9.28211e-16
7034.2 9.35021e-16
7035.66 9.24442e-16
7037.12 9.21938e-16
7038.58 9.35611e-16
7040.04 9.32652e-16
7041.5 9.29471e-16
7042.96 9.21077e-16
7044.42 9.07261e-16
7045.88 9.21738e-16
7047.34 9.22947e-16
7048.8 9.32681e-16
7050.26 9.1986e-16
7051.72 9.35075e-16
7053.18 9.71877e-16
7054.64 9.36633e-16
7056.1 9.06143e-16
7057.56 9.18258e-16
7059.02 9.23611e-16
7060.48 9.17784e-16
7061.94 9.18613e-16
7063.4 9.47839e-16
7064.86 9.53798e-16
7066.32 9.36045e-16
7067.78 9.13204e-16
7069.24 9.14297e-16
7070.7 9.37401e-16
7072.16 9.36991e-16
7073.61 9.19957e-16
7075.07 9.06371e-16
7076.53 9.1542e-16
7077.99 9.21394e-16
7079.45 9.02422e-16
7080.91 9.09759e-16
7082.37 9.21049e-16
7083.83 9.38031e-16
7085.29 9.42396e-16
7086.75 9.12894e-16
7088.21 9.16145e-16
7089.67 9.20358e-16
7091.13 9.31129e-16
7092.59 9.5642e-16
7094.05 9.54324e-16
7095.51 9.45468e-16
7096.97 9.51616e-16
7098.43 9.41293e-16
7099.89 9.34978e-16
7101.35 9.30233e-16
7102.81 9.20904e-16
7104.27 9.25026e-16
7105.73 9.17917e-16
7107.19 9.24057e-16
7108.65 9.34709e-16
7110.11 9.37324e-16
7111.57 9.41099e-16
7113.03 9.53494e-16
7114.49 9.56982e-16
7115.95 9.55063e-16
7117.41 9.53323e-16
7118.87 9.47146e-16
7120.33 9.45135e-16
7121.79 9.53569e-16
7123.25 9.56332e-16
7124.71 9.5527e-16
7126.17 9.54452e-16
7127.63 9.58529e-16
7129.09 9.57802e-16
7130.55 9.64405e-16
7132.01 9.67729e-16
7133.47 9.58739e-16
7134.93 9.48635e-16
7136.39 9.36063e-16
7137.85 9.32732e-16
7139.3 9.16852e-16
7140.76 9.19017e-16
7142.22 9.35186e-16
7143.68 9.42948e-16
7145.14 9.45598e-16
7146.6 9.45859e-16
7148.06 9.61057e-16
7149.52 9.50072e-16
7150.98 9.51185e-16
7152.44 9.6138e-16
7153.9 9.47768e-16
7155.36 9.27062e-16
7156.82 9.01599e-16
7158.28 9.21493e-16
7159.74 9.33412e-16
7161.2 9.33782e-16
7162.66 9.51245e-16
7164.12 9.4721e-16
7165.58 9.2897e-16
7167.04 9.03745e-16
7168.5 9.00643e-16
7169.96 9.01754e-16
7171.42 8.9038e-16
7172.88 8.83658e-16
7174.34 8.91706e-16
7175.8 8.85623e-16
7177.26 8.91394e-16
7178.72 9.15427e-16
7180.18 9.07106e-16
7181.64 8.91634e-16
7183.1 8.87339e-16
7184.56 8.86642e-16
7186.02 9.03065e-16
7187.48 9.1004e-16
7188.94 8.91836e-16
7190.4 8.86416e-16
7191.86 8.8531e-16
7193.32 8.74794e-16
7194.78 8.86032e-16
7196.24 8.84656e-16
7197.7 8.8496e-16
7199.16 8.80177e-16
7200.62 8.84213e-16
7202.08 8.98696e-16
7203.54 8.8006e-16
7205 8.61732e-16
7206.45 8.75006e-16
7207.91 8.76295e-16
7209.37 8.74335e-16
7210.83 8.67276e-16
7212.29 8.6051e-16
7213.75 8.55713e-16
7215.21 8.48184e-16
7216.67 8.42542e-16
7218.13 8.46198e-16
7219.59 8.58791e-16
7221.05 8.58487e-16
7222.51 8.59381e-16
7223.97 8.60959e-16
7225.43 8.4542e-16
7226.89 8.27544e-16
7228.35 8.39817e-16
7229.81 8.44606e-16
7231.27 8.30554e-16
7232.73 8.13498e-16
7234.19 8.0071e-16
7235.65 8.02584e-16
7237.11 8.3192e-16
7238.57 8.32963e-16
7240.03 8.222e-16
7241.49 8.07341e-16
7242.95 8.05442e-16
7244.41 7.85188e-16
7245.87 7.80854e-16
7247.33 7.90768e-16
7248.79 7.89505e-16
7250.25 8.07382e-16
7251.71 7.85392e-16
7253.17 7.71923e-16
7254.63 7.61911e-16
7256.09 7.54638e-16
7257.55 7.59407e-16
7259.01 7.63574e-16
7260.47 7.69444e-16
7261.93 7.70223e-16
7263.39 7.74114e-16
7264.85 7.65014e-16
7266.31 7.58043e-16
7267.77 7.42901e-16
7269.23 7.38131e-16
7270.69 7.57369e-16
7272.14 7.52123e-16
7273.6 7.39859e-16
7275.06 7.39225e-16
7276.52 7.28648e-16
7277.98 7.30689e-16
7279.44 7.35774e-16
7280.9 7.38443e-16
7282.36 7.22e-16
7283.82 7.24647e-16
7285.28 7.11415e-16
7286.74 6.98829e-16
7288.2 7.10928e-16
7289.66 7.08274e-16
7291.12 6.98661e-16
7292.58 7.09756e-16
7294.04 7.13187e-16
7295.5 7.1409e-16
7296.96 6.8563e-16
7298.42 6.86323e-16
7299.88 7.04225e-16
7301.34 7.09319e-16
7302.8 6.88022e-16
7304.26 6.92919e-16
7305.72 7.04814e-16
7307.18 7.05771e-16
7308.64 7.01563e-16
7310.1 6.69122e-16
7311.56 6.70137e-16
7313.02 6.83867e-16
7314.48 6.75893e-16
7315.94 6.69336e-16
7317.4 6.67406e-16
7318.86 6.54903e-16
7320.32 6.60234e-16
7321.78 6.7357e-16
7323.24 6.78404e-16
7324.7 6.54844e-16
7326.16 6.51406e-16
7327.62 6.6329e-16
7329.08 6.48992e-16
7330.54 6.49718e-16
7332 6.62109e-16
7333.46 6.56284e-16
7334.92 6.65951e-16
7336.38 6.46658e-16
7337.84 6.39412e-16
7339.29 6.52534e-16
7340.75 6.55873e-16
7342.21 6.61839e-16
7343.67 6.71484e-16
7345.13 6.66065e-16
7346.59 6.68119e-16
7348.05 6.6815e-16
7349.51 6.62451e-16
7350.97 6.43825e-16
7352.43 6.38619e-16
7353.89 6.25248e-16
7355.35 6.03681e-16
7356.81 6.12929e-16
7358.27 6.29882e-16
7359.73 6.33355e-16
7361.19 6.20596e-16
7362.65 6.11531e-16
7364.11 6.30856e-16
7365.57 0
7367.03 0
7368.49 0
7369.95 0
