hi
i2
3454.82 -8.51799e-18
3456.28 -1.53095e-17
3457.74 5.36704e-17
3459.2 6.75881e-17
3460.66 8.16522e-17
3462.12 7.47443e-17
3463.58 1.00546e-16
3465.03 5.12617e-17
3466.49 -1.7759e-17
3467.95 1.84956e-17
3469.41 1.17702e-16
3470.87 1.87566e-16
3472.33 1.71599e-16
3473.79 3.85545e-17
3475.25 5.25158e-17
3476.71 1.29874e-16
3478.17 7.31061e-17
3479.63 -1.96904e-17
3481.09 -3.09315e-17
3482.55 2.08605e-17
3484.01 5.69158e-17
3485.47 6.56929e-17
3486.93 1.54052e-17
3488.39 8.27321e-17
3489.85 1.44191e-16
3491.31 6.77633e-17
3492.77 6.72263e-17
3494.23 1.04639e-16
3495.69 4.09125e-17
3497.15 -5.53053e-18
3498.61 1.53821e-17
3500.07 3.26519e-17
3501.53 4.14676e-17
3502.99 2.78753e-17
3504.45 1.67023e-17
3505.91 3.22828e-17
3507.37 7.45528e-17
3508.83 6.06115e-17
3510.29 5.76476e-17
3511.75 5.47548e-17
3513.21 6.42985e-18
3514.67 3.54858e-17
3516.13 2.63524e-17
3517.59 6.03159e-18
3519.05 2.90175e-17
3520.51 1.34475e-16
3521.97 1.05801e-16
3523.43 7.05275e-17
3524.89 5.78267e-17
3526.35 4.35673e-17
3527.81 1.39011e-17
3529.27 7.87596e-17
3530.72 1.31387e-16
3532.18 1.50282e-16
3533.64 1.3428e-16
3535.1 5.36218e-17
3536.56 2.35468e-17
3538.02 3.90846e-17
3539.48 9.86794e-17
3540.94 1.13046e-16
3542.4 1.01948e-16
3543.86 6.89169e-17
3545.32 4.66959e-17
3546.78 1.75353e-17
3548.24 3.4169e-17
3549.7 7.5193e-17
3551.16 8.15248e-17
3552.62 7.17283e-17
3554.08 1.16125e-16
3555.54 1.17558e-16
3557 2.23769e-17
3558.46 -2.76611e-17
3559.92 -2.56876e-18
3561.38 4.76209e-17
3562.84 9.39022e-17
3564.3 1.35842e-16
3565.76 1.37379e-16
3567.22 1.20654e-16
3568.68 1.61982e-16
3570.14 1.44674e-16
3571.6 1.07464e-16
3573.06 9.46008e-17
3574.52 1.02223e-16
3575.98 1.0537e-16
3577.44 1.05468e-16
3578.9 1.6954e-16
3580.36 1.18076e-16
3581.82 3.41664e-17
3583.28 7.52973e-17
3584.74 1.07859e-16
3586.2 1.06752e-16
3587.66 9.49683e-17
3589.12 7.28824e-17
3590.58 8.63484e-17
3592.04 1.10305e-16
3593.5 -1.84847e-17
3594.96 -4.77466e-17
3596.42 1.83269e-18
3597.87 7.74742e-17
3599.33 1.60973e-16
3600.79 1.10537e-16
3602.25 4.16252e-17
3603.71 5.95588e-17
3605.17 1.03705e-16
3606.63 4.62155e-17
3608.09 7.90426e-17
3609.55 1.49257e-16
3611.01 1.44488e-16
3612.47 1.32392e-16
3613.93 1.43893e-16
3615.39 1.07338e-16
3616.85 4.45232e-17
3618.31 5.25497e-17
3619.77 1.04842e-16
3621.23 1.29612e-16
3622.69 1.40138e-16
3624.15 9.3019e-17
3625.61 2.4232e-17
3627.07 2.09786e-17
3628.53 7.60787e-17
3629.99 3.57397e-17
3631.45 5.56024e-18
3632.91 3.23908e-17
3634.37 2.8835e-17
3635.83 6.29342e-17
3637.29 1.14114e-16
3638.75 1.05345e-16
3640.21 7.30332e-17
3641.67 4.8789e-17
3643.13 8.89828e-17
3644.59 1.19019e-16
3646.05 1.12852e-16
3647.51 1.10274e-16
3648.97 1.2109e-16
3650.43 8.30695e-17
3651.89 9.25521e-17
3653.35 1.15393e-16
3654.81 9.68976e-17
3656.27 6.26658e-17
3657.73 5.13003e-17
3659.19 2.30612e-17
3660.65 2.1342e-17
3662.11 3.30048e-17
3663.57 8.68299e-17
3665.02 1.0822e-16
3666.48 6.4366e-17
3667.94 3.75516e-17
3669.4 4.99983e-17
3670.86 7.07179e-17
3672.32 7.72817e-17
3673.78 2.13443e-17
3675.24 -1.40957e-17
3676.7 -4.88328e-18
3678.16 2.07545e-17
3679.62 6.05817e-17
3681.08 5.48597e-17
3682.54 4.02764e-17
3684 1.96987e-17
3685.46 2.9374e-17
3686.92 -1.77468e-17
3688.38 -2.19449e-17
3689.84 7.96406e-18
3691.3 5.29942e-17
3692.76 8.50107e-17
3694.22 5.72999e-17
3695.68 3.36092e-17
3697.14 7.23988e-17
3698.6 9.31167e-17
3700.06 5.663e-17
3701.52 4.02224e-17
3702.98 8.25166e-17
3704.44 9.20892e-17
3705.9 7.97465e-17
3707.36 5.20787e-17
3708.82 4.25447e-17
3710.28 4.22874e-17
3711.74 4.26345e-17
3713.2 4.32155e-17
3714.66 4.37962e-17
3716.12 4.43778e-17
3717.58 4.49602e-17
3719.04 4.55435e-17
3720.5 4.61277e-17
3721.96 4.67127e-17
3723.42 4.72985e-17
3724.88 4.78854e-17
3726.34 4.8473e-17
3727.8 4.90613e-17
3729.26 4.96507e-17
3730.72 5.02409e-17
3732.17 5.08279e-17
3733.63 5.14198e-17
3735.09 5.20125e-17
3736.55 5.26062e-17
3738.01 5.32007e-17
3739.47 5.37961e-17
3740.93 5.43924e-17
3742.39 5.49895e-17
3743.85 5.55874e-17
3745.31 5.61863e-17
3746.77 5.67859e-17
3748.23 7.07321e-17
3749.69 6.43606e-17
3751.15 2.96827e-17
3752.61 -7.95634e-18
3754.07 1.40321e-17
3755.53 8.27488e-17
3756.99 9.57573e-17
3758.45 6.8341e-17
3759.91 7.5947e-17
3761.37 5.29893e-17
3762.83 3.07337e-17
3764.29 7.98728e-18
3765.75 -5.6482e-18
3767.21 4.91432e-17
3768.67 6.73828e-17
3770.13 2.26369e-17
3771.59 3.02096e-17
3773.05 6.34982e-17
3774.51 5.21074e-17
3775.97 2.36217e-17
3777.43 5.69018e-18
3778.89 2.60966e-17
3780.35 3.9321e-17
3781.81 9.0167e-17
3783.27 1.20888e-16
3784.73 8.79976e-17
3786.19 6.65323e-17
3787.65 6.64898e-17
3789.11 5.9761e-17
3790.57 5.32394e-17
3792.03 6.85842e-17
3793.49 7.717e-17
3794.95 1.07559e-16
3796.41 9.82696e-17
3797.86 7.02721e-17
3799.32 7.51383e-17
3800.78 9.35132e-17
3802.24 1.16251e-16
3803.7 9.72645e-17
3805.16 9.79549e-17
3806.62 9.3493e-17
3808.08 7.61039e-17
3809.54 5.72164e-17
3811 5.67467e-17
3812.46 9.10944e-17
3813.92 1.03191e-16
3815.38 8.30671e-17
3816.84 5.21668e-17
3818.3 5.41574e-17
3819.76 5.84809e-17
3821.22 7.37497e-17
3822.68 1.05725e-16
3824.14 9.25337e-17
3825.6 9.48697e-17
3827.06 1.10724e-16
3828.52 1.00863e-16
3829.98 6.32233e-17
3831.44 3.68084e-17
3832.9 2.07161e-17
3834.36 3.20139e-17
3835.82 8.53112e-17
3837.28 1.18273e-16
3838.74 1.12207e-16
3840.2 7.08757e-17
3841.66 5.13682e-17
3843.12 8.42397e-17
3844.58 1.26781e-16
3846.04 1.58434e-16
3847.5 1.21437e-16
3848.96 9.62238e-17
3850.42 8.01616e-17
3851.88 8.07768e-17
3853.34 7.15859e-17
3854.8 8.01645e-17
3856.26 8.07197e-17
3857.72 6.40123e-17
3859.18 5.9596e-17
3860.64 8.59027e-17
3862.1 1.03875e-16
3863.56 8.61665e-17
3865.01 6.71637e-17
3866.47 9.39088e-17
3867.93 8.73443e-17
3869.39 6.89198e-17
3870.85 8.57277e-17
3872.31 1.02471e-16
3873.77 8.07811e-17
3875.23 8.32852e-17
3876.69 1.32127e-16
3878.15 1.34153e-16
3879.61 8.8749e-17
3881.07 8.11494e-17
3882.53 1.37968e-16
3883.99 1.70827e-16
3885.45 1.57955e-16
3886.91 1.30536e-16
3888.37 1.3619e-16
3889.83 1.17021e-16
3891.29 7.51724e-17
3892.75 7.64328e-17
3894.21 7.4431e-17
3895.67 1.04497e-16
3897.13 1.55114e-16
3898.59 1.30387e-16
3900.05 1.12427e-16
3901.51 1.07691e-16
3902.97 8.0533e-17
3904.43 9.64563e-17
3905.89 1.38577e-16
3907.35 1.56183e-16
3908.81 1.48028e-16
3910.27 1.49065e-16
3911.73 1.35766e-16
3913.19 1.13198e-16
3914.65 1.11757e-16
3916.11 1.11185e-16
3917.57 1.17444e-16
3919.03 1.23941e-16
3920.49 1.21946e-16
3921.95 1.08362e-16
3923.41 9.11908e-17
3924.87 1.34707e-16
3926.33 1.51115e-16
3927.79 1.35772e-16
3929.25 1.14551e-16
3930.71 1.08426e-16
3932.16 8.2237e-17
3933.62 8.70994e-17
3935.08 1.26774e-16
3936.54 1.16538e-16
3938 1.21447e-16
3939.46 1.34224e-16
3940.92 1.47037e-16
3942.38 1.27178e-16
3943.84 1.09669e-16
3945.3 1.37888e-16
3946.76 1.00571e-16
3948.22 7.70273e-17
3949.68 1.13066e-16
3951.14 1.44533e-16
3952.6 1.5907e-16
3954.06 1.55697e-16
3955.52 1.59357e-16
3956.98 1.35053e-16
3958.44 1.22058e-16
3959.9 1.15958e-16
3961.36 9.50702e-17
3962.82 7.88595e-17
3964.28 8.93585e-17
3965.74 1.17166e-16
3967.2 1.27271e-16
3968.66 1.25114e-16
3970.12 1.10755e-16
3971.58 1.04962e-16
3973.04 1.04666e-16
3974.5 1.24026e-16
3975.96 1.43423e-16
3977.42 1.36345e-16
3978.88 1.02341e-16
3980.34 1.00231e-16
3981.8 1.18219e-16
3983.26 1.01931e-16
3984.72 1.21915e-16
3986.18 1.35537e-16
3987.64 1.11412e-16
3989.1 1.13964e-16
3990.56 9.50981e-17
3992.02 7.30748e-17
3993.48 1.03331e-16
3994.94 1.4092e-16
3996.4 1.6205e-16
3997.86 1.42864e-16
3999.31 1.13903e-16
4000.77 1.15705e-16
4002.23 1.27491e-16
4003.69 1.30691e-16
4005.15 1.474e-16
4006.61 1.40301e-16
4008.07 1.20612e-16
4009.53 1.33914e-16
4010.99 1.42231e-16
4012.45 1.11549e-16
4013.91 1.03155e-16
4015.37 1.20683e-16
4016.83 1.01284e-16
4018.29 5.99573e-17
4019.75 4.26056e-17
4021.21 5.4824e-17
4022.67 8.92887e-17
4024.13 9.78131e-17
4025.59 1.09373e-16
4027.05 1.15758e-16
4028.51 1.08219e-16
4029.97 1.26652e-16
4031.43 1.23127e-16
4032.89 1.23393e-16
4034.35 1.22694e-16
4035.81 1.04958e-16
4037.27 1.37809e-16
4038.73 1.40398e-16
4040.19 1.02631e-16
4041.65 1.2713e-16
4043.11 1.3026e-16
4044.57 1.25128e-16
4046.03 1.06977e-16
4047.49 1.10414e-16
4048.95 1.49543e-16
4050.41 1.4454e-16
4051.87 1.25579e-16
4053.33 1.31625e-16
4054.79 1.2341e-16
4056.25 1.18479e-16
4057.71 1.06338e-16
4059.17 6.4272e-17
4060.63 9.77228e-17
4062.09 1.16193e-16
4063.55 1.16074e-16
4065 1.27375e-16
4066.46 9.70021e-17
4067.92 1.01424e-16
4069.38 1.32203e-16
4070.84 1.27171e-16
4072.3 1.26218e-16
4073.76 1.11604e-16
4075.22 8.44524e-17
4076.68 9.84465e-17
4078.14 1.17387e-16
4079.6 1.24965e-16
4081.06 1.16285e-16
4082.52 1.11636e-16
4083.98 9.47341e-17
4085.44 9.9092e-17
4086.9 1.12431e-16
4088.36 6.82349e-17
4089.82 8.37641e-17
4091.28 1.18143e-16
4092.74 1.03183e-16
4094.2 1.35687e-16
4095.66 1.44037e-16
4097.12 1.33658e-16
4098.58 1.60696e-16
4100.04 1.65175e-16
4101.5 1.11914e-16
4102.96 8.99481e-17
4104.42 7.82443e-17
4105.88 1.01521e-16
4107.34 1.08579e-16
4108.8 9.81681e-17
4110.26 9.36167e-17
4111.72 1.14885e-16
4113.18 1.12568e-16
4114.64 1.35852e-16
4116.1 1.44048e-16
4117.56 1.29425e-16
4119.02 1.05999e-16
4120.48 1.32173e-16
4121.94 1.25213e-16
4123.4 9.48728e-17
4124.86 9.67015e-17
4126.32 7.54282e-17
4127.78 7.84649e-17
4129.24 1.17084e-16
4130.7 1.40567e-16
4132.16 1.13273e-16
4133.61 9.24452e-17
4135.07 1.01724e-16
4136.53 1.17179e-16
4137.99 1.12282e-16
4139.45 9.8744e-17
4140.91 9.78715e-17
4142.37 9.68663e-17
4143.83 9.45645e-17
4145.29 1.14377e-16
4146.75 1.34872e-16
4148.21 1.26428e-16
4149.67 1.07047e-16
4151.13 1.21525e-16
4152.59 1.22736e-16
4154.05 9.65143e-17
4155.51 1.03951e-16
4156.97 1.19052e-16
4158.43 1.2005e-16
4159.89 1.04905e-16
4161.35 1.03024e-16
4162.81 1.38866e-16
4164.27 1.30781e-16
4165.73 9.6668e-17
4167.19 1.00038e-16
4168.65 1.06435e-16
4170.11 9.64908e-17
4171.57 6.11174e-17
4173.03 6.10418e-17
4174.49 9.04259e-17
4175.95 1.09625e-16
4177.41 1.05176e-16
4178.87 1.00892e-16
4180.33 9.66985e-17
4181.79 1.22661e-16
4183.25 1.26958e-16
4184.71 1.32383e-16
4186.17 1.2792e-16
4187.63 1.01454e-16
4189.09 8.92567e-17
4190.55 1.03925e-16
4192.01 9.71305e-17
4193.47 9.474e-17
4194.93 1.01446e-16
4196.39 1.00288e-16
4197.85 1.42486e-16
4199.31 1.52567e-16
4200.76 1.27809e-16
4202.22 1.1561e-16
4203.68 1.24588e-16
4205.14 1.22187e-16
4206.6 1.05566e-16
4208.06 1.1915e-16
4209.52 1.24867e-16
4210.98 1.23946e-16
4212.44 1.39366e-16
4213.9 1.63093e-16
4215.36 1.50039e-16
4216.82 1.0669e-16
4218.28 9.73825e-17
4219.74 8.87079e-17
4221.2 8.52096e-17
4222.66 8.05011e-17
4224.12 7.62178e-17
4225.58 7.73114e-17
4227.04 9.65383e-17
4228.5 1.1338e-16
4229.96 9.91407e-17
4231.42 1.0555e-16
4232.88 1.22795e-16
4234.34 1.01385e-16
4235.8 1.11851e-16
4237.26 1.09945e-16
4238.72 1.29242e-16
4240.18 1.33187e-16
4241.64 1.32475e-16
4243.1 1.52664e-16
4244.56 1.4636e-16
4246.02 1.21739e-16
4247.48 1.12244e-16
4248.94 1.25202e-16
4250.4 1.1883e-16
4251.86 1.23526e-16
4253.32 1.25297e-16
4254.78 1.20629e-16
4256.24 1.2548e-16
4257.7 1.02224e-16
4259.16 1.23898e-16
4260.62 1.58225e-16
4262.08 1.65564e-16
4263.54 1.63579e-16
4265 1.7559e-16
4266.45 1.37827e-16
4267.91 1.11632e-16
4269.37 1.09268e-16
4270.83 1.1252e-16
4272.29 1.21342e-16
4273.75 9.7045e-17
4275.21 1.18098e-16
4276.67 1.59172e-16
4278.13 1.43086e-16
4279.59 9.80988e-17
4281.05 8.39944e-17
4282.51 8.63381e-17
4283.97 1.05815e-16
4285.43 1.01551e-16
4286.89 1.2743e-16
4288.35 1.42369e-16
4289.81 1.16043e-16
4291.27 1.14344e-16
4292.73 1.15652e-16
4294.19 1.33371e-16
4295.65 8.0734e-17
4297.11 7.8458e-17
4298.57 1.15496e-16
4300.03 1.248e-16
4301.49 1.18748e-16
4302.95 1.23353e-16
4304.41 1.174e-16
4305.87 1.15958e-16
4307.33 1.13303e-16
4308.79 1.05667e-16
4310.25 8.15784e-17
4311.71 1.0782e-16
4313.17 1.44401e-16
4314.63 1.29337e-16
4316.09 9.28666e-17
4317.55 1.03558e-16
4319.01 1.23644e-16
4320.47 9.60912e-17
4321.93 7.45617e-17
4323.39 9.08354e-17
4324.85 1.00307e-16
4326.31 7.1748e-17
4327.77 5.58189e-17
4329.23 7.46196e-17
4330.69 1.0544e-16
4332.15 1.20437e-16
4333.6 1.81137e-16
4335.06 2.49153e-16
4336.52 2.72479e-16
4337.98 2.72233e-16
4339.44 2.19248e-16
4340.9 1.46753e-16
4342.36 7.50702e-17
4343.82 1.08111e-16
4345.28 1.27934e-16
4346.74 1.26678e-16
4348.2 1.2542e-16
4349.66 1.24161e-16
4351.12 1.22899e-16
4352.58 1.21636e-16
4354.04 1.20371e-16
4355.5 1.19104e-16
4356.96 1.17835e-16
4358.42 1.16565e-16
4359.88 1.15292e-16
4361.34 1.14017e-16
4362.8 1.12741e-16
4364.26 1.11462e-16
4365.72 1.10182e-16
4367.18 1.089e-16
4368.64 1.07616e-16
4370.1 1.0633e-16
4371.56 1.05043e-16
4373.02 1.03753e-16
4374.48 1.02461e-16
4375.94 1.01167e-16
4377.4 9.98722e-17
4378.86 9.85752e-17
4380.32 9.7276e-17
4381.78 9.59687e-17
4383.24 9.84003e-17
4384.7 9.41741e-17
4386.16 1.38174e-16
4387.62 1.59938e-16
4389.08 1.44439e-16
4390.54 1.2141e-16
4392 1.22135e-16
4393.46 1.18818e-16
4394.92 1.31245e-16
4396.38 1.53751e-16
4397.84 1.48112e-16
4399.29 1.16211e-16
4400.75 9.88158e-17
4402.21 1.00379e-16
4403.67 1.03246e-16
4405.13 1.17905e-16
4406.59 1.6531e-16
4408.05 1.28664e-16
4409.51 1.34796e-16
4410.97 1.52466e-16
4412.43 1.3323e-16
4413.89 1.26594e-16
4415.35 1.11476e-16
4416.81 1.38292e-16
4418.27 1.80985e-16
4419.73 1.7912e-16
4421.19 1.55759e-16
4422.65 1.54083e-16
4424.11 1.65858e-16
4425.57 1.60535e-16
4427.03 1.41681e-16
4428.49 1.52549e-16
4429.95 1.40156e-16
4431.41 1.14551e-16
4432.87 1.38959e-16
4434.33 1.57649e-16
4435.79 1.59901e-16
4437.25 1.48786e-16
4438.71 1.42566e-16
4440.17 1.23915e-16
4441.63 1.12743e-16
4443.09 1.6724e-16
4444.55 1.67407e-16
4446.01 1.35324e-16
4447.47 1.59625e-16
4448.93 1.61907e-16
4450.39 1.5265e-16
4451.85 1.61893e-16
4453.31 1.32647e-16
4454.77 1.44612e-16
4456.23 1.49191e-16
4457.69 1.56001e-16
4459.15 1.72125e-16
4460.61 1.71232e-16
4462.07 1.7598e-16
4463.53 1.60349e-16
4464.99 1.56198e-16
4466.44 2.22462e-16
4467.9 2.20054e-16
4469.36 1.53902e-16
4470.82 1.20974e-16
4472.28 1.44619e-16
4473.74 1.66726e-16
4475.2 1.53628e-16
4476.66 1.57908e-16
4478.12 1.8084e-16
4479.58 2.08433e-16
4481.04 2.31462e-16
4482.5 1.99371e-16
4483.96 2.04123e-16
4485.42 2.00754e-16
4486.88 1.73293e-16
4488.34 1.7095e-16
4489.8 1.97792e-16
4491.26 1.85599e-16
4492.72 1.7269e-16
4494.18 1.71963e-16
4495.64 1.71905e-16
4497.1 2.23955e-16
4498.56 2.22303e-16
4500.02 2.20366e-16
4501.48 1.84568e-16
4502.94 1.94045e-16
4504.4 1.85949e-16
4505.86 1.9559e-16
4507.32 2.18175e-16
4508.78 1.94389e-16
4510.24 2.02586e-16
4511.7 2.10742e-16
4513.16 1.91771e-16
4514.62 1.60631e-16
4516.08 1.67826e-16
4517.54 1.9711e-16
4519 1.84002e-16
4520.46 2.20854e-16
4521.92 2.06777e-16
4523.38 1.7544e-16
4524.84 1.80112e-16
4526.3 1.72476e-16
4527.76 1.83147e-16
4529.22 1.66383e-16
4530.68 1.80623e-16
4532.13 1.86625e-16
4533.59 1.86872e-16
4535.05 1.90727e-16
4536.51 2.27353e-16
4537.97 2.53608e-16
4539.43 2.15234e-16
4540.89 2.22846e-16
4542.35 2.19928e-16
4543.81 2.14139e-16
4545.27 2.01473e-16
4546.73 2.29602e-16
4548.19 2.11888e-16
4549.65 1.74451e-16
4551.11 1.80894e-16
4552.57 1.80727e-16
4554.03 1.83161e-16
4555.49 1.71705e-16
4556.95 1.89719e-16
4558.41 1.72148e-16
4559.87 1.88303e-16
4561.33 2.27815e-16
4562.79 2.22883e-16
4564.25 2.05707e-16
4565.71 1.71061e-16
4567.17 1.94005e-16
4568.63 2.02202e-16
4570.09 2.04898e-16
4571.55 2.08051e-16
4573.01 2.05313e-16
4574.47 2.08839e-16
4575.93 2.19287e-16
4577.39 2.22768e-16
4578.85 1.99668e-16
4580.31 2.21847e-16
4581.77 2.27584e-16
4583.23 2.25967e-16
4584.69 2.57959e-16
4586.15 2.46548e-16
4587.61 2.2061e-16
4589.07 2.21542e-16
4590.53 2.24046e-16
4591.99 2.269e-16
4593.45 2.28553e-16
4594.91 2.11577e-16
4596.37 2.01578e-16
4597.83 1.91937e-16
4599.29 2.06868e-16
4600.74 1.89527e-16
4602.2 1.64393e-16
4603.66 1.97629e-16
4605.12 2.43494e-16
4606.58 2.44736e-16
4608.04 2.2322e-16
4609.5 2.32532e-16
4610.96 2.39154e-16
4612.42 2.21087e-16
4613.88 2.52059e-16
4615.34 2.60848e-16
4616.8 2.4062e-16
4618.26 2.31378e-16
4619.72 1.99595e-16
4621.18 1.9163e-16
4622.64 2.14128e-16
4624.1 2.16814e-16
4625.56 2.20667e-16
4627.02 2.42011e-16
4628.48 2.29777e-16
4629.94 2.25402e-16
4631.4 1.79051e-16
4632.86 1.96861e-16
4634.32 2.11444e-16
4635.78 1.95034e-16
4637.24 2.27986e-16
4638.7 2.37723e-16
4640.16 2.45525e-16
4641.62 2.35362e-16
4643.08 2.17366e-16
4644.54 1.83007e-16
4646 1.89059e-16
4647.46 1.9382e-16
4648.92 2.09705e-16
4650.38 2.22668e-16
4651.84 2.27801e-16
4653.3 2.35323e-16
4654.76 2.5002e-16
4656.22 1.87527e-16
4657.68 1.77643e-16
4659.14 2.13179e-16
4660.6 2.17455e-16
4662.06 1.93588e-16
4663.52 1.82227e-16
4664.98 1.68738e-16
4666.44 1.70649e-16
4667.89 2.17868e-16
4669.35 2.1804e-16
4670.81 2.01828e-16
4672.27 2.36017e-16
4673.73 2.58403e-16
4675.19 2.19336e-16
4676.65 1.92243e-16
4678.11 1.84575e-16
4679.57 2.03896e-16
4681.03 1.94216e-16
4682.49 1.8163e-16
4683.95 2.12997e-16
4685.41 2.12585e-16
4686.87 2.00425e-16
4688.33 1.97305e-16
4689.79 2.25857e-16
4691.25 2.44534e-16
4692.71 2.2987e-16
4694.17 2.04394e-16
4695.63 2.03642e-16
4697.09 2.00884e-16
4698.55 1.90322e-16
4700.01 2.02684e-16
4701.47 1.98109e-16
4702.93 1.88263e-16
4704.39 1.7051e-16
4705.85 1.69333e-16
4707.31 1.99516e-16
4708.77 2.3193e-16
4710.23 1.99116e-16
4711.69 1.5437e-16
4713.15 1.80769e-16
4714.61 2.09273e-16
4716.07 2.2569e-16
4717.53 2.05403e-16
4718.99 1.925e-16
4720.45 1.66767e-16
4721.91 1.41195e-16
4723.37 1.47857e-16
4724.83 1.47245e-16
4726.29 1.86673e-16
4727.75 2.15157e-16
4729.21 1.81238e-16
4730.67 1.89859e-16
4732.13 2.44583e-16
4733.59 2.22081e-16
4735.04 2.00435e-16
4736.5 1.7979e-16
4737.96 1.8079e-16
4739.42 2.21725e-16
4740.88 2.06712e-16
4742.34 1.77271e-16
4743.8 1.69549e-16
4745.26 1.66822e-16
4746.72 1.57017e-16
4748.18 1.62631e-16
4749.64 1.69932e-16
4751.1 1.84503e-16
4752.56 1.78275e-16
4754.02 2.04388e-16
4755.48 2.11119e-16
4756.94 1.78931e-16
4758.4 1.96693e-16
4759.86 2.14245e-16
4761.32 1.8352e-16
4762.78 1.59143e-16
4764.24 1.7776e-16
4765.7 1.921e-16
4767.16 1.85943e-16
4768.62 1.8856e-16
4770.08 1.64697e-16
4771.54 1.64837e-16
4773 1.71868e-16
4774.46 1.68355e-16
4775.92 1.44074e-16
4777.38 1.52651e-16
4778.84 1.73265e-16
4780.3 1.92623e-16
4781.76 1.84448e-16
4783.22 1.77517e-16
4784.68 1.76696e-16
4786.14 1.78507e-16
4787.6 2.13512e-16
4789.06 1.99574e-16
4790.52 1.52246e-16
4791.98 1.51704e-16
4793.44 1.42337e-16
4794.9 1.72387e-16
4796.36 2.29955e-16
4797.82 2.13467e-16
4799.28 1.96732e-16
4800.73 1.96723e-16
4802.19 1.83604e-16
4803.65 1.78997e-16
4805.11 2.04183e-16
4806.57 1.90445e-16
4808.03 1.71022e-16
4809.49 1.84977e-16
4810.95 1.82286e-16
4812.41 2.21711e-16
4813.87 2.48717e-16
4815.33 1.89352e-16
4816.79 1.72038e-16
4818.25 2.06235e-16
4819.71 1.77665e-16
4821.17 2.1059e-16
4822.63 2.31772e-16
4824.09 2.17302e-16
4825.55 2.02159e-16
4827.01 2.10811e-16
4828.47 2.20266e-16
4829.93 1.80149e-16
4831.39 1.69104e-16
4832.85 1.74392e-16
4834.31 2.22925e-16
4835.77 2.47451e-16
4837.23 2.04045e-16
4838.69 1.85601e-16
4840.15 2.03171e-16
4841.61 2.23545e-16
4843.07 2.2759e-16
4844.53 2.25923e-16
4845.99 2.24255e-16
4847.45 2.22584e-16
4848.91 2.20904e-16
4850.37 2.19226e-16
4851.83 2.17549e-16
4853.29 2.15872e-16
4854.75 2.14192e-16
4856.21 2.12511e-16
4857.67 2.10827e-16
4859.13 2.09142e-16
4860.59 2.07454e-16
4862.05 2.05766e-16
4863.51 2.04075e-16
4864.97 2.02383e-16
4866.43 2.00688e-16
4867.88 1.99004e-16
4869.34 1.97305e-16
4870.8 1.95605e-16
4872.26 1.93904e-16
4873.72 1.92201e-16
4875.18 1.90495e-16
4876.64 1.88788e-16
4878.1 1.87079e-16
4879.56 1.85369e-16
4881.02 1.83996e-16
4882.48 1.94453e-16
4883.94 2.03917e-16
4885.4 1.95635e-16
4886.86 1.9323e-16
4888.32 2.11773e-16
4889.78 2.22352e-16
4891.24 2.07981e-16
4892.7 2.25191e-16
4894.16 2.24565e-16
4895.62 2.202e-16
4897.08 2.24052e-16
4898.54 2.04174e-16
4900 2.12469e-16
4901.46 2.1568e-16
4902.92 2.33589e-16
4904.38 2.54612e-16
4905.84 2.46096e-16
4907.3 2.26873e-16
4908.76 2.46475e-16
4910.22 2.66726e-16
4911.68 2.34664e-16
4913.14 2.21714e-16
4914.6 2.39932e-16
4916.06 2.5372e-16
4917.52 2.47635e-16
4918.98 2.33387e-16
4920.44 2.41424e-16
4921.9 2.59775e-16
4923.36 2.45638e-16
4924.82 2.61058e-16
4926.28 2.41456e-16
4927.74 2.18165e-16
4929.2 2.05449e-16
4930.66 1.99288e-16
4932.12 2.38776e-16
4933.57 2.32639e-16
4935.03 2.09151e-16
4936.49 2.17307e-16
4937.95 2.2463e-16
4939.41 2.7856e-16
4940.87 2.9772e-16
4942.33 2.95468e-16
4943.79 2.93214e-16
4945.25 2.90957e-16
4946.71 2.88698e-16
4948.17 2.86437e-16
4949.63 2.84173e-16
4951.09 2.81907e-16
4952.55 2.7964e-16
4954.01 2.7737e-16
4955.47 2.75098e-16
4956.93 2.72823e-16
4958.39 2.70547e-16
4959.85 2.68268e-16
4961.31 2.65987e-16
4962.77 2.63704e-16
4964.23 2.61419e-16
4965.69 2.59132e-16
4967.15 2.56842e-16
4968.61 2.54551e-16
4970.07 2.52256e-16
4971.53 2.4996e-16
4972.99 2.47662e-16
4974.45 2.45362e-16
4975.91 2.4306e-16
4977.37 2.40756e-16
4978.83 2.4076e-16
4980.29 2.3048e-16
4981.75 1.9983e-16
4983.21 1.9772e-16
4984.67 2.27956e-16
4986.13 2.43051e-16
4987.59 2.22786e-16
4989.05 2.14702e-16
4990.51 2.15045e-16
4991.97 2.15389e-16
4993.43 2.15733e-16
4994.89 2.16077e-16
4996.35 2.1642e-16
4997.81 2.16764e-16
4999.26 2.17105e-16
5000.72 2.17449e-16
5002.18 2.17793e-16
5003.64 2.18137e-16
5005.1 2.1848e-16
5006.56 2.18824e-16
5008.02 2.19168e-16
5009.48 2.19512e-16
5010.94 2.19856e-16
5012.4 2.202e-16
5013.86 2.20544e-16
5015.32 2.20888e-16
5016.78 2.21231e-16
5018.24 2.21575e-16
5019.7 2.21919e-16
5021.16 2.22263e-16
5022.62 2.22607e-16
5024.08 2.22951e-16
5025.54 2.23295e-16
5027 2.4039e-16
5028.46 2.18588e-16
5029.92 2.21375e-16
5031.38 2.51e-16
5032.84 2.6059e-16
5034.3 2.62357e-16
5035.76 2.46698e-16
5037.22 2.40993e-16
5038.68 2.14611e-16
5040.14 1.98529e-16
5041.6 1.9763e-16
5043.06 2.29101e-16
5044.52 2.26242e-16
5045.98 2.34164e-16
5047.44 2.3501e-16
5048.9 2.31483e-16
5050.36 2.09596e-16
5051.82 2.2189e-16
5053.28 2.29793e-16
5054.74 1.97526e-16
5056.2 2.25814e-16
5057.66 2.44848e-16
5059.12 2.07347e-16
5060.58 1.83523e-16
5062.04 2.15862e-16
5063.5 2.20731e-16
5064.96 2.3189e-16
5066.41 2.17618e-16
5067.87 1.99401e-16
5069.33 2.04406e-16
5070.79 2.47866e-16
5072.25 2.49531e-16
5073.71 2.41494e-16
5075.17 2.43911e-16
5076.63 2.39362e-16
5078.09 2.78861e-16
5079.55 2.87014e-16
5081.01 2.56515e-16
5082.47 2.25062e-16
5083.93 2.17347e-16
5085.39 1.90649e-16
5086.85 2.16482e-16
5088.31 2.59889e-16
5089.77 2.65671e-16
5091.23 2.47046e-16
5092.69 2.4035e-16
5094.15 2.1552e-16
5095.61 2.16513e-16
5097.07 2.22211e-16
5098.53 2.08213e-16
5099.99 2.05124e-16
5101.45 2.13984e-16
5102.91 2.06673e-16
5104.37 2.47128e-16
5105.83 2.66399e-16
5107.29 2.17354e-16
5108.75 2.32377e-16
5110.21 2.34656e-16
5111.67 2.27833e-16
5113.13 2.52574e-16
5114.59 2.8261e-16
5116.05 2.62718e-16
5117.51 2.329e-16
5118.97 2.45774e-16
5120.43 2.39572e-16
5121.89 2.22261e-16
5123.35 2.53839e-16
5124.81 2.47929e-16
5126.27 2.15013e-16
5127.73 2.33842e-16
5129.19 2.54067e-16
5130.65 2.30814e-16
5132.11 2.4302e-16
5133.57 2.61264e-16
5135.03 2.6233e-16
5136.48 2.18549e-16
5137.94 2.18648e-16
5139.4 2.33459e-16
5140.86 2.55148e-16
5142.32 2.74707e-16
5143.78 2.37917e-16
5145.24 2.42465e-16
5146.7 2.57573e-16
5148.16 2.38875e-16
5149.62 2.39561e-16
5151.08 2.41115e-16
5152.54 2.14389e-16
5154 2.24858e-16
5155.46 2.56341e-16
5156.92 2.80662e-16
5158.38 2.84478e-16
5159.84 2.64457e-16
5161.3 2.48554e-16
5162.76 2.38722e-16
5164.22 2.61131e-16
5165.68 2.4371e-16
5167.14 2.23565e-16
5168.6 2.37078e-16
5170.06 2.84381e-16
5171.52 2.65422e-16
5172.98 2.34436e-16
5174.44 2.01859e-16
5175.9 2.36375e-16
5177.36 2.67201e-16
5178.82 2.68268e-16
5180.28 2.46524e-16
5181.74 2.62414e-16
5183.2 2.51297e-16
5184.66 2.14085e-16
5186.12 2.57984e-16
5187.58 2.75947e-16
5189.04 2.80245e-16
5190.5 2.60751e-16
5191.96 2.45669e-16
5193.42 2.60886e-16
5194.88 2.62956e-16
5196.34 2.54416e-16
5197.8 2.40157e-16
5199.26 2.77985e-16
5200.72 2.74879e-16
5202.17 2.58485e-16
5203.63 2.44926e-16
5205.09 2.62651e-16
5206.55 2.69511e-16
5208.01 2.37515e-16
5209.47 2.67152e-16
5210.93 3.10931e-16
5212.39 3.05067e-16
5213.85 2.78346e-16
5215.31 2.70671e-16
5216.77 2.42259e-16
5218.23 2.44138e-16
5219.69 2.87948e-16
5221.15 3.02116e-16
5222.61 2.66925e-16
5224.07 2.60859e-16
5225.53 2.78838e-16
5226.99 2.4894e-16
5228.45 2.71265e-16
5229.91 2.87528e-16
5231.37 2.53477e-16
5232.83 2.61535e-16
5234.29 2.75204e-16
5235.75 2.61363e-16
5237.21 2.50845e-16
5238.67 2.41374e-16
5240.13 2.53118e-16
5241.59 2.56505e-16
5243.05 2.34168e-16
5244.51 2.41649e-16
5245.97 2.38352e-16
5247.43 2.55861e-16
5248.89 2.84858e-16
5250.35 2.76891e-16
5251.81 2.66612e-16
5253.27 2.66309e-16
5254.73 2.57163e-16
5256.19 2.62893e-16
5257.65 2.78452e-16
5259.11 2.799e-16
5260.57 2.68042e-16
5262.03 2.85597e-16
5263.49 2.94988e-16
5264.95 2.92698e-16
5266.41 2.88558e-16
5267.87 2.797e-16
5269.32 2.59053e-16
5270.78 2.58165e-16
5272.24 2.87661e-16
5273.7 3.05698e-16
5275.16 2.94941e-16
5276.62 2.82861e-16
5278.08 2.92206e-16
5279.54 3.19117e-16
5281 3.11369e-16
5282.46 2.85751e-16
5283.92 3.21452e-16
5285.38 3.39035e-16
5286.84 2.89745e-16
5288.3 2.64618e-16
5289.76 2.78038e-16
5291.22 2.64916e-16
5292.68 2.82502e-16
5294.14 2.9223e-16
5295.6 2.84177e-16
5297.06 2.9165e-16
5298.52 2.91183e-16
5299.98 2.73264e-16
5301.44 2.75983e-16
5302.9 3.00514e-16
5304.36 3.12733e-16
5305.82 2.83158e-16
5307.28 2.86133e-16
5308.74 3.07364e-16
5310.2 2.6028e-16
5311.66 2.33913e-16
5313.12 2.58646e-16
5314.58 2.90071e-16
5316.04 3.08848e-16
5317.5 3.21329e-16
5318.96 3.16778e-16
5320.42 2.7322e-16
5321.88 2.75038e-16
5323.34 3.25787e-16
5324.8 3.53754e-16
5326.26 3.29335e-16
5327.72 2.90494e-16
5329.18 3.15261e-16
5330.64 3.20268e-16
5332.1 2.85779e-16
5333.56 2.92351e-16
5335.01 3.37085e-16
5336.47 3.4365e-16
5337.93 3.15118e-16
5339.39 3.05535e-16
5340.85 2.97623e-16
5342.31 2.99654e-16
5343.77 3.13707e-16
5345.23 3.15286e-16
5346.69 3.11918e-16
5348.15 3.31855e-16
5349.61 3.24078e-16
5351.07 2.99019e-16
5352.53 3.18428e-16
5353.99 3.20654e-16
5355.45 3.13077e-16
5356.91 3.30747e-16
5358.37 3.52738e-16
5359.83 3.24341e-16
5361.29 2.67711e-16
5362.75 2.74951e-16
5364.21 2.90775e-16
5365.67 3.03602e-16
5367.13 3.29175e-16
5368.59 3.26291e-16
5370.05 3.36734e-16
5371.51 3.34896e-16
5372.97 2.92582e-16
5374.43 3.00017e-16
5375.89 3.3135e-16
5377.35 2.99068e-16
5378.81 2.81659e-16
5380.27 3.12271e-16
5381.73 3.29356e-16
5383.19 3.44525e-16
5384.65 3.2618e-16
5386.11 3.07776e-16
5387.57 2.99903e-16
5389.03 2.88763e-16
5390.49 2.74954e-16
5391.95 2.88104e-16
5393.41 3.28353e-16
5394.87 3.14763e-16
5396.33 2.80288e-16
5397.79 2.93833e-16
5399.25 2.96076e-16
5400.7 3.0412e-16
5402.16 2.96721e-16
5403.62 3.02732e-16
5405.08 3.17252e-16
5406.54 3.09598e-16
5408 2.98605e-16
5409.46 3.07408e-16
5410.92 3.08789e-16
5412.38 2.98777e-16
5413.84 2.98005e-16
5415.3 2.81778e-16
5416.76 3.04267e-16
5418.22 3.36781e-16
5419.68 3.01868e-16
5421.14 2.81766e-16
5422.6 3.11201e-16
5424.06 3.24404e-16
5425.52 3.34573e-16
5426.98 3.41906e-16
5428.44 3.40559e-16
5429.9 3.55222e-16
5431.36 3.40596e-16
5432.82 3.13689e-16
5434.28 3.26993e-16
5435.74 3.35491e-16
5437.2 3.5226e-16
5438.66 3.61537e-16
5440.12 3.58757e-16
5441.58 3.56621e-16
5443.04 3.58168e-16
5444.5 3.56414e-16
5445.96 3.57896e-16
5447.42 3.39038e-16
5448.88 3.35391e-16
5450.34 3.46038e-16
5451.8 3.74073e-16
5453.26 4.02492e-16
5454.72 3.88801e-16
5456.18 3.61649e-16
5457.64 3.4013e-16
5459.1 3.39443e-16
5460.56 3.41474e-16
5462.02 3.5005e-16
5463.48 3.41362e-16
5464.94 3.47169e-16
5466.4 3.51656e-16
5467.85 3.47815e-16
5469.31 3.74764e-16
5470.77 3.73864e-16
5472.23 3.5321e-16
5473.69 3.83945e-16
5475.15 3.7012e-16
5476.61 3.69896e-16
5478.07 3.76779e-16
5479.53 3.54159e-16
5480.99 3.66063e-16
5482.45 3.87146e-16
5483.91 3.62149e-16
5485.37 3.54224e-16
5486.83 3.688e-16
5488.29 3.53506e-16
5489.75 3.37766e-16
5491.21 3.48231e-16
5492.67 3.41768e-16
5494.13 3.15126e-16
5495.59 3.25433e-16
5497.05 3.25423e-16
5498.51 3.01871e-16
5499.97 3.01112e-16
5501.43 3.1254e-16
5502.89 3.043e-16
5504.35 3.07963e-16
5505.81 3.379e-16
5507.27 3.13983e-16
5508.73 3.15183e-16
5510.19 3.17097e-16
5511.65 3.08985e-16
5513.11 3.41577e-16
5514.57 3.45803e-16
5516.03 3.14617e-16
5517.49 3.21854e-16
5518.95 3.47014e-16
5520.41 3.31735e-16
5521.87 3.15266e-16
5523.33 3.12127e-16
5524.79 2.96835e-16
5526.25 2.70701e-16
5527.71 2.5974e-16
5529.17 2.83184e-16
5530.63 3.08942e-16
5532.09 3.34413e-16
5533.54 2.92347e-16
5535 2.69905e-16
5536.46 2.76656e-16
5537.92 2.61459e-16
5539.38 3.00488e-16
5540.84 2.85014e-16
5542.3 2.68116e-16
5543.76 2.81321e-16
5545.22 2.84892e-16
5546.68 2.91945e-16
5548.14 2.82491e-16
5549.6 2.5583e-16
5551.06 2.81533e-16
5552.52 2.91088e-16
5553.98 2.72616e-16
5555.44 2.79804e-16
5556.9 2.991e-16
5558.36 2.9163e-16
5559.82 2.61464e-16
5561.28 2.60178e-16
5562.74 2.62377e-16
5564.2 2.78857e-16
5565.66 2.9056e-16
5567.12 2.9922e-16
5568.58 3.02571e-16
5570.04 2.83599e-16
5571.5 2.67352e-16
5572.96 2.6213e-16
5574.42 2.83581e-16
5575.88 2.88014e-16
5577.34 2.76884e-16
5578.8 2.7591e-16
5580.26 2.69058e-16
5581.72 2.62307e-16
5583.18 2.57265e-16
5584.64 2.32493e-16
5586.1 2.32379e-16
5587.56 2.57333e-16
5589.02 2.4444e-16
5590.48 2.3134e-16
5591.94 2.23552e-16
5593.4 2.12831e-16
5594.86 2.18096e-16
5596.32 2.42523e-16
5597.78 2.6186e-16
5599.24 2.41089e-16
5600.7 2.15224e-16
5602.16 2.4123e-16
5603.61 2.85472e-16
5605.07 2.83028e-16
5606.53 2.48485e-16
5607.99 2.12386e-16
5609.45 2.20189e-16
5610.91 2.42986e-16
5612.37 2.46707e-16
5613.83 2.28789e-16
5615.29 1.97606e-16
5616.75 2.2316e-16
5618.21 2.58507e-16
5619.67 2.44036e-16
5621.13 2.38755e-16
5622.59 2.63746e-16
5624.05 2.68914e-16
5625.51 2.45829e-16
5626.97 2.07342e-16
5628.43 2.02045e-16
5629.89 2.07362e-16
5631.35 2.37841e-16
5632.81 2.43985e-16
5634.27 2.18686e-16
5635.73 2.03963e-16
5637.19 2.18894e-16
5638.65 2.35138e-16
5640.11 2.1605e-16
5641.57 2.14306e-16
5643.03 1.9606e-16
5644.49 1.98976e-16
5645.95 2.22404e-16
5647.41 2.25772e-16
5648.87 2.36609e-16
5650.33 2.06677e-16
5651.79 1.93766e-16
5653.25 2.34608e-16
5654.71 2.2612e-16
5656.17 1.88465e-16
5657.63 2.00428e-16
5659.09 2.32263e-16
5660.55 2.63229e-16
5662.01 2.91075e-16
5663.47 2.5335e-16
5664.93 2.01525e-16
5666.39 1.64435e-16
5667.85 1.93083e-16
5669.31 2.08749e-16
5670.76 1.9456e-16
5672.22 1.90939e-16
5673.68 2.11913e-16
5675.14 2.09347e-16
5676.6 2.29792e-16
5678.06 2.29407e-16
5679.52 2.17219e-16
5680.98 1.94421e-16
5682.44 1.87286e-16
5683.9 2.31432e-16
5685.36 2.19982e-16
5686.82 1.9764e-16
5688.28 2.27484e-16
5689.74 2.41642e-16
5691.2 2.21315e-16
5692.66 2.17869e-16
5694.12 2.07673e-16
5695.58 2.07952e-16
5697.04 2.32071e-16
5698.5 2.53648e-16
5699.96 2.36681e-16
5701.42 2.27517e-16
5702.88 2.42665e-16
5704.34 2.1561e-16
5705.8 2.00822e-16
5707.26 1.98644e-16
5708.72 2.04767e-16
5710.18 2.0105e-16
5711.64 2.01182e-16
5713.1 2.19749e-16
5714.56 2.37551e-16
5716.02 2.30317e-16
5717.48 2.10325e-16
5718.94 2.30755e-16
5720.4 2.32187e-16
5721.86 2.10689e-16
5723.32 2.15518e-16
5724.78 2.16875e-16
5726.24 2.2746e-16
5727.7 2.36822e-16
5729.16 2.27559e-16
5730.62 2.13535e-16
5732.08 2.0756e-16
5733.54 2.29169e-16
5735 2.22724e-16
5736.45 2.20428e-16
5737.91 2.13602e-16
5739.37 2.17798e-16
5740.83 2.32617e-16
5742.29 2.46495e-16
5743.75 2.07887e-16
5745.21 2.1442e-16
5746.67 2.54676e-16
5748.13 2.49776e-16
5749.59 2.57665e-16
5751.05 2.64087e-16
5752.51 2.63077e-16
5753.97 2.618e-16
5755.43 2.4604e-16
5756.89 2.5238e-16
5758.35 2.72362e-16
5759.81 2.60634e-16
5761.27 2.44088e-16
5762.73 2.43438e-16
5764.19 2.79223e-16
5765.65 3.02811e-16
5767.11 2.81027e-16
5768.57 2.32997e-16
5770.03 2.36296e-16
5771.49 2.60494e-16
5772.95 2.7454e-16
5774.41 2.66391e-16
5775.87 2.7843e-16
5777.33 2.83641e-16
5778.79 2.7304e-16
5780.25 2.74203e-16
5781.71 2.74231e-16
5783.17 2.72241e-16
5784.63 2.6934e-16
5786.09 2.5898e-16
5787.55 2.7763e-16
5789.01 2.97944e-16
5790.47 2.81556e-16
5791.93 2.95287e-16
5793.39 3.289e-16
5794.85 3.06947e-16
5796.31 2.73783e-16
5797.77 2.62481e-16
5799.23 2.76237e-16
5800.69 3.01497e-16
5802.14 3.04819e-16
5803.6 3.18039e-16
5805.06 3.31102e-16
5806.52 3.0646e-16
5807.98 2.86348e-16
5809.44 2.86336e-16
5810.9 2.85601e-16
5812.36 2.9548e-16
5813.82 3.12202e-16
5815.28 3.07611e-16
5816.74 2.97759e-16
5818.2 3.14769e-16
5819.66 3.50517e-16
5821.12 3.57947e-16
5822.58 3.43313e-16
5824.04 3.19777e-16
5825.5 2.86712e-16
5826.96 3.06022e-16
5828.42 3.48053e-16
5829.88 3.52948e-16
5831.34 3.19488e-16
5832.8 3.24399e-16
5834.26 3.65423e-16
5835.72 3.72379e-16
5837.18 3.57886e-16
5838.64 3.61255e-16
5840.1 3.69546e-16
5841.56 3.74201e-16
5843.02 3.86423e-16
5844.48 3.97239e-16
5845.94 3.75976e-16
5847.4 3.3211e-16
5848.86 3.2182e-16
5850.32 3.43549e-16
5851.78 3.70444e-16
5853.24 3.76948e-16
5854.7 3.54062e-16
5856.16 3.4229e-16
5857.62 3.59081e-16
5859.08 3.47595e-16
5860.54 3.53089e-16
5862 3.85805e-16
5863.46 3.71877e-16
5864.92 3.43765e-16
5866.38 3.65877e-16
5867.84 4.11678e-16
5869.29 4.57575e-16
5870.75 4.59941e-16
5872.21 4.45021e-16
5873.67 4.17977e-16
5875.13 3.76491e-16
5876.59 3.6534e-16
5878.05 4.03684e-16
5879.51 4.16112e-16
5880.97 4.09521e-16
5882.43 3.82766e-16
5883.89 3.67956e-16
5885.35 3.60619e-16
5886.81 3.54907e-16
5888.27 3.76478e-16
5889.73 3.75461e-16
5891.19 3.77812e-16
5892.65 3.8383e-16
5894.11 3.74241e-16
5895.57 3.58583e-16
5897.03 3.68156e-16
5898.49 3.79565e-16
5899.95 3.97942e-16
5901.41 3.6785e-16
5902.87 3.51744e-16
5904.33 3.70786e-16
5905.79 3.74736e-16
5907.25 3.66844e-16
5908.71 3.5707e-16
5910.17 3.68177e-16
5911.63 3.86988e-16
5913.09 3.69942e-16
5914.55 3.86631e-16
5916.01 4.05138e-16
5917.47 3.73786e-16
5918.93 3.47013e-16
5920.39 3.47707e-16
5921.85 3.74819e-16
5923.31 3.71865e-16
5924.77 3.98692e-16
5926.23 3.99885e-16
5927.69 3.50142e-16
5929.15 3.36951e-16
5930.61 3.31277e-16
5932.07 3.23429e-16
5933.53 3.59794e-16
5934.98 3.73869e-16
5936.44 3.46965e-16
5937.9 3.54625e-16
5939.36 3.43669e-16
5940.82 3.46071e-16
5942.28 3.63868e-16
5943.74 3.54669e-16
5945.2 3.39359e-16
5946.66 3.1948e-16
5948.12 3.18379e-16
5949.58 3.45778e-16
5951.04 3.47041e-16
5952.5 3.26038e-16
5953.96 3.1696e-16
5955.42 3.48997e-16
5956.88 3.46829e-16
5958.34 3.05759e-16
5959.8 3.11652e-16
5961.26 3.19435e-16
5962.72 2.94618e-16
5964.18 2.95342e-16
5965.64 3.10526e-16
5967.1 3.03704e-16
5968.56 2.93288e-16
5970.02 2.99058e-16
5971.48 2.99554e-16
5972.94 3.02468e-16
5974.4 3.0841e-16
5975.86 3.16345e-16
5977.32 3.16339e-16
5978.78 3.20483e-16
5980.24 2.94177e-16
5981.7 2.69531e-16
5983.16 3.03046e-16
5984.62 2.88169e-16
5986.08 2.64194e-16
5987.54 2.81937e-16
5989 2.657e-16
5990.46 2.52516e-16
5991.92 2.72497e-16
5993.38 2.95381e-16
5994.84 2.86425e-16
5996.3 2.88296e-16
5997.76 2.90081e-16
5999.22 2.7402e-16
6000.68 2.6775e-16
6002.13 2.72163e-16
6003.59 2.67085e-16
6005.05 2.54381e-16
6006.51 2.65272e-16
6007.97 2.74134e-16
6009.43 2.87253e-16
6010.89 3.13047e-16
6012.35 3.04537e-16
6013.81 2.72576e-16
6015.27 2.58724e-16
6016.73 2.74177e-16
6018.19 2.90512e-16
6019.65 2.83131e-16
6021.11 2.56096e-16
6022.57 2.48408e-16
6024.03 2.48252e-16
6025.49 2.44202e-16
6026.95 2.74555e-16
6028.41 2.75019e-16
6029.87 2.59079e-16
6031.33 2.76888e-16
6032.79 2.77695e-16
6034.25 2.71977e-16
6035.71 2.72119e-16
6037.17 2.50614e-16
6038.63 2.54985e-16
6040.09 2.55609e-16
6041.55 2.61879e-16
6043.01 2.81996e-16
6044.47 2.78198e-16
6045.93 2.92346e-16
6047.39 2.88133e-16
6048.85 2.48215e-16
6050.31 2.2113e-16
6051.77 2.24287e-16
6053.23 2.50847e-16
6054.69 2.54984e-16
6056.15 2.50927e-16
6057.61 2.53998e-16
6059.07 2.81545e-16
6060.53 2.78344e-16
6061.99 2.69181e-16
6063.45 2.7479e-16
6064.91 2.6904e-16
6066.37 2.43349e-16
6067.83 2.08397e-16
6069.29 1.96755e-16
6070.74 2.40111e-16
6072.2 2.49824e-16
6073.66 2.48138e-16
6075.12 2.73435e-16
6076.58 2.95165e-16
6078.04 2.76327e-16
6079.5 2.37161e-16
6080.96 2.26477e-16
6082.42 2.33671e-16
6083.88 2.32639e-16
6085.34 2.16916e-16
6086.8 2.21789e-16
6088.26 2.26413e-16
6089.72 2.30861e-16
6091.18 2.60067e-16
6092.64 2.67027e-16
6094.1 2.29457e-16
6095.56 1.98227e-16
6097.02 2.46606e-16
6098.48 2.54732e-16
6099.94 2.26775e-16
6101.4 2.14303e-16
6102.86 2.26059e-16
6104.32 2.31322e-16
6105.78 2.16018e-16
6107.24 2.15073e-16
6108.7 2.21527e-16
6110.16 2.24077e-16
6111.62 2.18401e-16
6113.08 2.13703e-16
6114.54 2.3182e-16
6116 2.21155e-16
6117.46 2.08404e-16
6118.92 2.30937e-16
6120.38 2.50471e-16
6121.84 2.52138e-16
6123.3 2.44231e-16
6124.76 2.55895e-16
6126.22 2.73098e-16
6127.68 2.67445e-16
6129.14 2.34064e-16
6130.6 2.54927e-16
6132.06 2.48467e-16
6133.52 2.29311e-16
6134.98 2.44545e-16
6136.44 2.52271e-16
6137.89 2.33465e-16
6139.35 2.36233e-16
6140.81 2.50201e-16
6142.27 2.42085e-16
6143.73 2.4841e-16
6145.19 2.58109e-16
6146.65 2.60966e-16
6148.11 2.8655e-16
6149.57 2.864e-16
6151.03 2.67863e-16
6152.49 2.82474e-16
6153.95 2.93944e-16
6155.41 2.74166e-16
6156.87 2.4272e-16
6158.33 2.59479e-16
6159.79 2.72205e-16
6161.25 2.68944e-16
6162.71 2.87741e-16
6164.17 2.91031e-16
6165.63 2.9391e-16
6167.09 2.81745e-16
6168.55 2.6752e-16
6170.01 2.71912e-16
6171.47 2.79256e-16
6172.93 2.6886e-16
6174.39 2.81217e-16
6175.85 3.08285e-16
6177.31 2.8915e-16
6178.77 2.67785e-16
6180.23 2.799e-16
6181.69 2.79673e-16
6183.15 2.72665e-16
6184.61 2.87965e-16
6186.07 2.87898e-16
6187.53 2.74797e-16
6188.99 2.86618e-16
6190.45 2.6899e-16
6191.91 2.48407e-16
6193.37 2.57708e-16
6194.83 2.5759e-16
6196.29 2.59095e-16
6197.75 2.7783e-16
6199.21 2.7727e-16
6200.67 2.53951e-16
6202.13 2.57685e-16
6203.58 2.80434e-16
6205.04 2.77726e-16
6206.5 2.73914e-16
6207.96 2.78968e-16
6209.42 2.60377e-16
6210.88 2.7187e-16
6212.34 3.02062e-16
6213.8 3.15978e-16
6215.26 3.19179e-16
6216.72 2.86326e-16
6218.18 2.64584e-16
6219.64 2.71336e-16
6221.1 2.92697e-16
6222.56 3.01827e-16
6224.02 2.70324e-16
6225.48 2.48395e-16
6226.94 2.51743e-16
6228.4 2.63759e-16
6229.86 2.93511e-16
6231.32 3.00065e-16
6232.78 2.89194e-16
6234.24 2.85578e-16
6235.7 2.8333e-16
6237.16 2.81352e-16
6238.62 2.74452e-16
6240.08 2.6334e-16
6241.54 2.6969e-16
6243 2.87029e-16
6244.46 2.50666e-16
6245.92 2.1665e-16
6247.38 2.3547e-16
6248.84 2.60798e-16
6250.3 2.72976e-16
6251.76 2.95913e-16
6253.22 3.04464e-16
6254.68 2.84654e-16
6256.14 2.96873e-16
6257.6 2.94653e-16
6259.06 2.95093e-16
6260.52 3.02427e-16
6261.98 2.908e-16
6263.44 2.77427e-16
6264.9 2.52131e-16
6266.36 2.45526e-16
6267.82 2.62101e-16
6269.28 2.79179e-16
6270.73 2.74877e-16
6272.19 2.76305e-16
6273.65 2.89047e-16
6275.11 2.7063e-16
6276.57 2.50663e-16
6278.03 2.57741e-16
6279.49 2.83468e-16
6280.95 2.94561e-16
6282.41 3.22393e-16
6283.87 3.27361e-16
6285.33 3.0981e-16
6286.79 2.83017e-16
6288.25 2.73999e-16
6289.71 2.86128e-16
6291.17 2.86771e-16
6292.63 3.13534e-16
6294.09 3.28578e-16
6295.55 3.26102e-16
6297.01 3.45191e-16
6298.47 3.25734e-16
6299.93 2.88832e-16
6301.39 2.9535e-16
6302.85 3.00133e-16
6304.31 2.92185e-16
6305.77 2.90566e-16
6307.23 2.88007e-16
6308.69 2.80674e-16
6310.15 2.80451e-16
6311.61 2.81097e-16
6313.07 2.64255e-16
6314.53 2.47509e-16
6315.99 2.4751e-16
6317.45 2.5366e-16
6318.91 2.72941e-16
6320.37 2.89026e-16
6321.83 3.03394e-16
6323.29 3.08796e-16
6324.75 2.85167e-16
6326.21 2.69261e-16
6327.67 2.69916e-16
6329.13 2.70018e-16
6330.59 2.82094e-16
6332.05 2.71437e-16
6333.51 2.52515e-16
6334.97 2.45658e-16
6336.42 2.44815e-16
6337.88 2.74877e-16
6339.34 2.9477e-16
6340.8 2.8018e-16
6342.26 2.94135e-16
6343.72 3.09209e-16
6345.18 2.83855e-16
6346.64 2.76583e-16
6348.1 2.87895e-16
6349.56 3.02125e-16
6351.02 2.97757e-16
6352.48 2.94201e-16
6353.94 3.02054e-16
6355.4 2.85963e-16
6356.86 2.84959e-16
6358.32 3.10104e-16
6359.78 3.12818e-16
6361.24 2.91949e-16
6362.7 2.75537e-16
6364.16 2.89629e-16
6365.62 2.8969e-16
6367.08 2.69532e-16
6368.54 2.61736e-16
6370 2.59694e-16
6371.46 2.53062e-16
6372.92 2.52331e-16
6374.38 2.64981e-16
6375.84 2.78679e-16
6377.3 2.8077e-16
6378.76 2.709e-16
6380.22 2.58933e-16
6381.68 2.61915e-16
6383.14 2.87286e-16
6384.6 2.92905e-16
6386.06 2.74065e-16
6387.52 2.61284e-16
6388.98 2.62751e-16
6390.44 2.69002e-16
6391.9 2.82145e-16
6393.36 2.96804e-16
6394.82 2.86193e-16
6396.28 2.73461e-16
6397.74 2.73629e-16
6399.2 2.76061e-16
6400.66 2.81916e-16
6402.12 2.70044e-16
6403.57 2.56951e-16
6405.03 2.61174e-16
6406.49 2.67383e-16
6407.95 2.74043e-16
6409.41 2.76868e-16
6410.87 2.68061e-16
6412.33 2.55309e-16
6413.79 2.58948e-16
6415.25 2.6246e-16
6416.71 2.62538e-16
6418.17 2.64046e-16
6419.63 2.58632e-16
6421.09 2.62467e-16
6422.55 2.72216e-16
6424.01 2.72775e-16
6425.47 2.61955e-16
6426.93 2.62692e-16
6428.39 2.6675e-16
6429.85 2.58441e-16
6431.31 2.7299e-16
6432.77 2.89544e-16
6434.23 2.86805e-16
6435.69 2.77861e-16
6437.15 2.602e-16
6438.61 2.58926e-16
6440.07 2.62926e-16
6441.53 2.54408e-16
6442.99 2.64903e-16
6444.45 2.75793e-16
6445.91 2.68869e-16
6447.37 2.54605e-16
6448.83 2.57571e-16
6450.29 2.70899e-16
6451.75 2.56534e-16
6453.21 2.38652e-16
6454.67 2.31427e-16
6456.13 2.2663e-16
6457.59 2.38033e-16
6459.05 2.5495e-16
6460.51 2.6198e-16
6461.97 2.53294e-16
6463.43 2.31653e-16
6464.89 2.33435e-16
6466.35 2.68022e-16
6467.81 2.79943e-16
6469.26 2.8062e-16
6470.72 2.8791e-16
6472.18 2.39036e-16
6473.64 2.37982e-16
6475.1 2.65328e-16
6476.56 2.42906e-16
6478.02 2.35633e-16
6479.48 2.58987e-16
6480.94 2.73253e-16
6482.4 2.52485e-16
6483.86 2.64042e-16
6485.32 2.85253e-16
6486.78 2.69745e-16
6488.24 2.60354e-16
6489.7 2.80888e-16
6491.16 2.89734e-16
6492.62 2.79793e-16
6494.08 2.49541e-16
6495.54 2.357e-16
6497 2.75e-16
6498.46 2.93554e-16
6499.92 2.85615e-16
6501.38 2.7827e-16
6502.84 2.67497e-16
6504.3 2.64295e-16
6505.76 2.69106e-16
6507.22 2.42828e-16
6508.68 2.30829e-16
6510.14 2.64004e-16
6511.6 2.78246e-16
6513.06 2.71213e-16
6514.52 2.68823e-16
6515.98 2.70413e-16
6517.44 2.57916e-16
6518.9 2.40842e-16
6520.36 2.48736e-16
6521.82 2.68747e-16
6523.28 2.54575e-16
6524.74 2.3008e-16
6526.2 2.26474e-16
6527.66 2.20993e-16
6529.12 2.10544e-16
6530.58 2.08446e-16
6532.04 2.09704e-16
6533.5 2.10962e-16
6534.96 2.1222e-16
6536.41 2.13469e-16
6537.87 2.14726e-16
6539.33 2.15982e-16
6540.79 2.17238e-16
6542.25 2.18494e-16
6543.71 2.19749e-16
6545.17 2.21004e-16
6546.63 2.22258e-16
6548.09 2.23512e-16
6549.55 2.24765e-16
6551.01 2.26018e-16
6552.47 2.27271e-16
6553.93 2.28523e-16
6555.39 2.29775e-16
6556.85 2.31027e-16
6558.31 2.32278e-16
6559.77 2.33529e-16
6561.23 2.34779e-16
6562.69 2.36029e-16
6564.15 2.37278e-16
6565.61 2.38527e-16
6567.07 2.39776e-16
6568.53 2.40208e-16
6569.99 2.40321e-16
6571.45 2.40434e-16
6572.91 2.40547e-16
6574.37 2.40659e-16
6575.83 2.40772e-16
6577.29 2.40885e-16
6578.75 2.40998e-16
6580.21 2.41111e-16
6581.67 2.41224e-16
6583.13 2.41337e-16
6584.59 2.41451e-16
6586.05 2.41564e-16
6587.51 2.41677e-16
6588.97 2.41791e-16
6590.43 2.41904e-16
6591.89 2.42017e-16
6593.35 2.4213e-16
6594.81 2.42244e-16
6596.27 2.42357e-16
6597.73 2.4247e-16
6599.19 2.42584e-16
6600.65 2.42697e-16
6602.11 2.42811e-16
6603.57 2.32039e-16
6605.02 2.30904e-16
6606.48 2.43835e-16
6607.94 2.48594e-16
6609.4 2.43684e-16
6610.86 2.21843e-16
6612.32 2.08621e-16
6613.78 2.39376e-16
6615.24 2.50378e-16
6616.7 2.36489e-16
6618.16 2.40878e-16
6619.62 2.41768e-16
6621.08 2.28525e-16
6622.54 2.09418e-16
6624 2.24681e-16
6625.46 2.65621e-16
6626.92 2.72342e-16
6628.38 2.47999e-16
6629.84 2.26536e-16
6631.3 2.29258e-16
6632.76 2.51653e-16
6634.22 2.60175e-16
6635.68 2.41404e-16
6637.14 2.2217e-16
6638.6 2.21409e-16
6640.06 2.43243e-16
6641.52 2.41599e-16
6642.98 2.11159e-16
6644.44 2.17179e-16
6645.9 2.35803e-16
6647.36 2.32746e-16
6648.82 2.26403e-16
6650.28 2.26282e-16
6651.74 2.38385e-16
6653.2 2.54218e-16
6654.66 2.61832e-16
6656.12 2.72129e-16
6657.58 2.77457e-16
6659.04 2.54972e-16
6660.5 2.41948e-16
6661.96 2.57878e-16
6663.42 2.5261e-16
6664.88 2.47889e-16
6666.34 2.53511e-16
6667.8 2.47063e-16
6669.26 2.64563e-16
6670.72 2.94623e-16
6672.17 2.94967e-16
6673.63 2.82006e-16
6675.09 2.73254e-16
6676.55 2.5461e-16
6678.01 2.43822e-16
6679.47 2.37291e-16
6680.93 2.30724e-16
6682.39 2.34427e-16
6683.85 2.41776e-16
6685.31 2.44751e-16
6686.77 2.32068e-16
6688.23 2.20965e-16
6689.69 2.29324e-16
6691.15 2.43942e-16
6692.61 2.34971e-16
6694.07 2.0659e-16
6695.53 1.94655e-16
6696.99 1.95726e-16
6698.45 1.96838e-16
6699.91 1.97201e-16
6701.37 1.97563e-16
6702.83 1.97926e-16
6704.29 1.98289e-16
6705.75 1.98651e-16
6707.21 1.99013e-16
6708.67 1.99376e-16
6710.13 1.99738e-16
6711.59 2.001e-16
6713.05 2.00058e-16
6714.51 1.99859e-16
6715.97 1.99659e-16
6717.43 1.99459e-16
6718.89 1.9926e-16
6720.35 1.99059e-16
6721.81 1.9886e-16
6723.27 1.98661e-16
6724.73 1.98462e-16
6726.19 1.98263e-16
6727.65 1.98064e-16
6729.11 1.97865e-16
6730.57 1.97666e-16
6732.03 1.97468e-16
6733.49 1.97269e-16
6734.95 1.97071e-16
6736.41 1.96873e-16
6737.86 1.96676e-16
6739.32 1.96478e-16
6740.78 1.9628e-16
6742.24 1.96083e-16
6743.7 1.95885e-16
6745.16 1.95687e-16
6746.62 1.9549e-16
6748.08 1.95292e-16
6749.54 1.95095e-16
6751 1.75978e-16
6752.46 1.89465e-16
6753.92 2.00624e-16
6755.38 1.83209e-16
6756.84 1.8612e-16
6758.3 1.95843e-16
6759.76 1.81903e-16
6761.22 1.75251e-16
6762.68 1.71808e-16
6764.14 1.47377e-16
6765.6 1.53619e-16
6767.06 1.83535e-16
6768.52 1.88635e-16
6769.98 1.75273e-16
6771.44 1.72329e-16
6772.9 1.91435e-16
6774.36 1.90511e-16
6775.82 1.62161e-16
6777.28 1.42287e-16
6778.74 1.36173e-16
6780.2 1.4229e-16
6781.66 1.6335e-16
6783.12 1.64563e-16
6784.58 1.63795e-16
6786.04 1.79016e-16
6787.5 1.79971e-16
6788.96 1.67596e-16
6790.42 1.55111e-16
6791.88 1.51139e-16
6793.34 1.53796e-16
6794.8 1.60229e-16
6796.26 1.58986e-16
6797.72 1.60853e-16
6799.18 1.66678e-16
6800.64 1.57656e-16
6802.1 1.59852e-16
6803.56 1.79071e-16
6805.01 1.80395e-16
6806.47 1.49279e-16
6807.93 1.25616e-16
6809.39 1.46833e-16
6810.85 1.65732e-16
6812.31 1.73746e-16
6813.77 1.95112e-16
6815.23 1.69997e-16
6816.69 1.48256e-16
6818.15 1.86867e-16
6819.61 1.94648e-16
6821.07 1.63803e-16
6822.53 1.42137e-16
6823.99 1.45259e-16
6825.45 1.6858e-16
6826.91 1.73212e-16
6828.37 1.68918e-16
6829.83 1.72891e-16
6831.29 1.64456e-16
6832.75 1.35886e-16
6834.21 1.23337e-16
6835.67 1.48942e-16
6837.13 1.64283e-16
6838.59 1.54642e-16
6840.05 1.4898e-16
6841.51 1.41067e-16
6842.97 1.39216e-16
6844.43 1.49841e-16
6845.89 1.61412e-16
6847.35 1.77125e-16
6848.81 1.62833e-16
6850.27 1.2853e-16
6851.73 1.40792e-16
6853.19 1.62145e-16
6854.65 1.49027e-16
6856.11 1.40699e-16
6857.57 1.49289e-16
6859.03 1.5581e-16
6860.49 1.43477e-16
6861.95 1.29119e-16
6863.41 1.4829e-16
6864.87 1.74627e-16
6866.33 1.74342e-16
6867.79 1.86585e-16
6869.25 2.02673e-16
6870.7 1.81144e-16
6872.16 1.62423e-16
6873.62 1.68211e-16
6875.08 1.75954e-16
6876.54 1.67104e-16
6878 1.55385e-16
6879.46 1.65782e-16
6880.92 1.53468e-16
6882.38 1.35139e-16
6883.84 1.54965e-16
6885.3 1.75798e-16
6886.76 1.8461e-16
6888.22 1.75007e-16
6889.68 1.58616e-16
6891.14 1.61652e-16
6892.6 1.75741e-16
6894.06 1.823e-16
6895.52 1.73795e-16
6896.98 1.56592e-16
6898.44 1.63862e-16
6899.9 1.72099e-16
6901.36 1.67212e-16
6902.82 1.89748e-16
6904.28 1.8623e-16
6905.74 1.59521e-16
6907.2 1.68108e-16
6908.66 1.89393e-16
6910.12 1.86517e-16
6911.58 1.74515e-16
6913.04 1.80046e-16
6914.5 1.94998e-16
6915.96 2.05207e-16
6917.42 1.83814e-16
6918.88 1.71437e-16
6920.34 1.9729e-16
6921.8 2.07104e-16
6923.26 1.92375e-16
6924.72 2.0057e-16
6926.18 2.24047e-16
6927.64 2.20282e-16
6929.1 2.10266e-16
6930.56 1.98149e-16
6932.02 1.96599e-16
6933.48 2.1856e-16
6934.94 2.34169e-16
6936.4 2.3403e-16
6937.85 2.12179e-16
6939.31 2.0995e-16
6940.77 2.32797e-16
6942.23 2.39188e-16
6943.69 2.413e-16
6945.15 2.32181e-16
6946.61 2.08764e-16
6948.07 2.04988e-16
6949.53 2.02239e-16
6950.99 2.07335e-16
6952.45 2.18952e-16
6953.91 2.20644e-16
6955.37 2.16021e-16
6956.83 2.26408e-16
6958.29 2.30198e-16
6959.75 2.1577e-16
6961.21 2.00809e-16
6962.67 2.02677e-16
6964.13 2.18878e-16
6965.59 2.19832e-16
6967.05 2.30808e-16
6968.51 2.43706e-16
6969.97 2.32882e-16
6971.43 2.37958e-16
6972.89 2.20485e-16
6974.35 2.04159e-16
6975.81 2.02986e-16
6977.27 1.84596e-16
6978.73 1.90891e-16
6980.19 2.25782e-16
6981.65 2.38265e-16
6983.11 2.24593e-16
6984.57 2.27906e-16
6986.03 2.27406e-16
6987.49 2.199e-16
6988.95 2.46359e-16
6990.41 2.63754e-16
6991.87 2.357e-16
6993.33 2.1562e-16
6994.79 2.2125e-16
6996.25 2.44468e-16
6997.71 2.63731e-16
6999.17 2.35138e-16
7000.63 2.08537e-16
7002.09 2.14356e-16
7003.54 2.28218e-16
7005 2.58447e-16
7006.46 2.63304e-16
7007.92 2.34189e-16
7009.38 2.27597e-16
7010.84 2.45731e-16
7012.3 2.44675e-16
7013.76 2.36079e-16
7015.22 2.44433e-16
7016.68 2.38551e-16
7018.14 2.46332e-16
7019.6 2.65853e-16
7021.06 2.71448e-16
7022.52 2.62e-16
7023.98 2.54556e-16
7025.44 2.51101e-16
7026.9 2.44948e-16
7028.36 2.59765e-16
7029.82 2.72074e-16
7031.28 2.77362e-16
7032.74 2.84854e-16
7034.2 2.71396e-16
7035.66 2.58276e-16
7037.12 2.6456e-16
7038.58 2.7785e-16
7040.04 2.70435e-16
7041.5 2.67773e-16
7042.96 2.79081e-16
7044.42 2.72196e-16
7045.88 2.64831e-16
7047.34 2.71066e-16
7048.8 2.65491e-16
7050.26 2.69307e-16
7051.72 2.90195e-16
7053.18 2.87345e-16
7054.64 2.72981e-16
7056.1 2.81188e-16
7057.56 2.9802e-16
7059.02 3.1427e-16
7060.48 3.16559e-16
7061.94 3.11467e-16
7063.4 3.02116e-16
7064.86 2.79648e-16
7066.32 2.60476e-16
7067.78 2.75668e-16
7069.24 2.86895e-16
7070.7 2.73943e-16
7072.16 2.61996e-16
7073.61 2.68482e-16
7075.07 2.82761e-16
7076.53 2.72327e-16
7077.99 2.40146e-16
7079.45 2.3088e-16
7080.91 2.39035e-16
7082.37 2.52482e-16
7083.83 2.57546e-16
7085.29 2.37314e-16
7086.75 2.4388e-16
7088.21 2.61277e-16
7089.67 2.54703e-16
7091.13 2.5292e-16
7092.59 2.48635e-16
7094.05 2.52357e-16
7095.51 2.49949e-16
7096.97 2.35979e-16
7098.43 2.53363e-16
7099.89 2.77865e-16
7101.35 2.58913e-16
7102.81 2.35007e-16
7104.27 2.32432e-16
7105.73 2.30569e-16
7107.19 2.14735e-16
7108.65 2.02352e-16
7110.11 1.93098e-16
7111.57 1.81715e-16
7113.03 2.10157e-16
7114.49 2.37506e-16
7115.95 2.36061e-16
7117.41 2.31737e-16
7118.87 2.44739e-16
7120.33 2.64704e-16
7121.79 2.44981e-16
7123.25 2.30378e-16
7124.71 2.46304e-16
7126.17 2.39319e-16
7127.63 2.35571e-16
7129.09 2.6964e-16
7130.55 2.96315e-16
7132.01 2.77254e-16
7133.47 2.52466e-16
7134.93 2.44819e-16
7136.39 2.187e-16
7137.85 2.06343e-16
7139.3 2.21041e-16
7140.76 2.22666e-16
7142.22 2.24722e-16
7143.68 2.2982e-16
7145.14 2.26503e-16
7146.6 2.36576e-16
7148.06 2.45638e-16
7149.52 2.31117e-16
7150.98 2.28998e-16
7152.44 2.44381e-16
7153.9 2.27616e-16
7155.36 2.06986e-16
7156.82 2.16296e-16
7158.28 2.2709e-16
7159.74 2.49334e-16
7161.2 2.71384e-16
7162.66 2.66626e-16
7164.12 2.50006e-16
7165.58 2.29197e-16
7167.04 2.25563e-16
7168.5 2.3929e-16
7169.96 2.31598e-16
7171.42 2.07153e-16
7172.88 2.0771e-16
7174.34 2.26995e-16
7175.8 2.30066e-16
7177.26 2.26913e-16
7178.72 2.24706e-16
7180.18 2.30214e-16
7181.64 2.5772e-16
7183.1 2.38863e-16
7184.56 1.86891e-16
7186.02 2.04429e-16
7187.48 2.55296e-16
7188.94 2.49433e-16
7190.4 2.40132e-16
7191.86 2.7835e-16
7193.32 2.77607e-16
7194.78 2.46e-16
7196.24 2.58506e-16
7197.7 2.67356e-16
7199.16 2.44541e-16
7200.62 2.26135e-16
7202.08 2.18576e-16
7203.54 2.05911e-16
7205 2.37572e-16
7206.45 2.75099e-16
7207.91 2.48651e-16
7209.37 2.3177e-16
7210.83 2.44914e-16
7212.29 2.32808e-16
7213.75 2.31688e-16
7215.21 2.60359e-16
7216.67 2.74878e-16
7218.13 2.74228e-16
7219.59 2.5971e-16
7221.05 2.43359e-16
7222.51 2.57839e-16
7223.97 2.66449e-16
7225.43 2.47539e-16
7226.89 2.36026e-16
7228.35 2.59452e-16
7229.81 2.71299e-16
7231.27 2.71743e-16
7232.73 3.02196e-16
7234.19 3.12426e-16
7235.65 2.7659e-16
7237.11 2.6445e-16
7238.57 2.40589e-16
7240.03 2.21457e-16
7241.49 2.49064e-16
7242.95 2.49985e-16
7244.41 2.50736e-16
7245.87 2.68678e-16
7247.33 2.7335e-16
7248.79 2.55911e-16
7250.25 2.25045e-16
7251.71 2.24035e-16
7253.17 2.48705e-16
7254.63 2.54561e-16
7256.09 2.44873e-16
7257.55 2.21437e-16
7259.01 2.15694e-16
7260.47 2.36599e-16
7261.93 2.35564e-16
7263.39 2.34553e-16
7264.85 2.37163e-16
7266.31 2.35242e-16
7267.77 2.52828e-16
7269.23 2.41196e-16
7270.69 2.23685e-16
7272.14 2.38731e-16
7273.6 2.54716e-16
7275.06 2.51238e-16
7276.52 2.2961e-16
7277.98 2.26142e-16
7279.44 2.63353e-16
7280.9 2.91997e-16
7282.36 2.92528e-16
7283.82 2.65341e-16
7285.28 2.43908e-16
7286.74 2.10062e-16
7288.2 1.9984e-16
7289.66 2.23742e-16
7291.12 2.6243e-16
7292.58 2.55762e-16
7294.04 2.43982e-16
7295.5 2.50582e-16
7296.96 2.41777e-16
7298.42 2.30628e-16
7299.88 2.38682e-16
7301.34 2.31898e-16
7302.8 2.20417e-16
7304.26 2.3081e-16
7305.72 2.43344e-16
7307.18 2.4065e-16
7308.64 2.22179e-16
7310.1 2.24767e-16
7311.56 2.29808e-16
7313.02 2.3556e-16
7314.48 2.57534e-16
7315.94 2.74665e-16
7317.4 2.56029e-16
7318.86 2.31982e-16
7320.32 2.34993e-16
7321.78 2.27385e-16
7323.24 2.06214e-16
7324.7 2.01819e-16
7326.16 2.06556e-16
7327.62 2.06009e-16
7329.08 2.14006e-16
7330.54 2.36343e-16
7332 2.31626e-16
7333.46 2.2144e-16
7334.92 2.25079e-16
7336.38 2.42277e-16
7337.84 2.56432e-16
7339.29 2.43714e-16
7340.75 2.16678e-16
7342.21 2.01637e-16
7343.67 2.00696e-16
7345.13 2.16881e-16
7346.59 2.28501e-16
7348.05 2.24913e-16
7349.51 2.25555e-16
7350.97 2.36085e-16
7352.43 2.22637e-16
7353.89 2.13926e-16
7355.35 2.11621e-16
7356.81 2.0573e-16
7358.27 2.14669e-16
7359.73 2.17768e-16
7361.19 2.33249e-16
7362.65 2.38088e-16
7364.11 2.39439e-16
7365.57 2.33744e-16
7367.03 0
7368.49 0
7369.95 0
