hi
i2
3454.82 9.07728e-16
3456.28 9.11955e-16
3457.74 9.08936e-16
3459.2 8.99254e-16
3460.66 8.83944e-16
3462.12 8.86381e-16
3463.58 8.8559e-16
3465.03 8.84191e-16
3466.49 8.84057e-16
3467.95 8.82335e-16
3469.41 8.8131e-16
3470.87 8.84458e-16
3472.33 8.93393e-16
3473.79 8.95196e-16
3475.25 8.82776e-16
3476.71 8.70024e-16
3478.17 8.66204e-16
3479.63 8.8222e-16
3481.09 8.86768e-16
3482.55 8.823e-16
3484.01 8.71694e-16
3485.47 8.6974e-16
3486.93 8.69435e-16
3488.39 8.6997e-16
3489.85 8.70654e-16
3491.31 8.69224e-16
3492.77 8.6748e-16
3494.23 8.64321e-16
3495.69 8.59429e-16
3497.15 8.53328e-16
3498.61 8.53878e-16
3500.07 8.55822e-16
3501.53 8.56997e-16
3502.99 8.54856e-16
3504.45 8.54217e-16
3505.91 8.60116e-16
3507.37 8.67767e-16
3508.83 8.57093e-16
3510.29 8.50988e-16
3511.75 8.48885e-16
3513.21 8.48844e-16
3514.67 8.45869e-16
3516.13 8.57388e-16
3517.59 8.6542e-16
3519.05 8.6531e-16
3520.51 8.52508e-16
3521.97 8.49812e-16
3523.43 8.55897e-16
3524.89 8.65993e-16
3526.35 8.71152e-16
3527.81 8.69006e-16
3529.27 8.65688e-16
3530.72 8.65225e-16
3532.18 8.73892e-16
3533.64 8.79359e-16
3535.1 8.75353e-16
3536.56 8.65154e-16
3538.02 8.54282e-16
3539.48 8.63011e-16
3540.94 8.67715e-16
3542.4 8.70301e-16
3543.86 8.74595e-16
3545.32 8.88746e-16
3546.78 8.89961e-16
3548.24 8.83609e-16
3549.7 8.76183e-16
3551.16 8.75737e-16
3552.62 8.73553e-16
3554.08 8.72426e-16
3555.54 8.7489e-16
3557 8.79005e-16
3558.46 8.81174e-16
3559.92 8.81207e-16
3561.38 8.79255e-16
3562.84 8.81457e-16
3564.3 8.81753e-16
3565.76 8.81422e-16
3567.22 8.82243e-16
3568.68 8.97249e-16
3570.14 9.12552e-16
3571.6 9.21893e-16
3573.06 9.21774e-16
3574.52 9.13167e-16
3575.98 9.15389e-16
3577.44 9.1906e-16
3578.9 9.19162e-16
3580.36 9.12194e-16
3581.82 9.18006e-16
3583.28 9.26554e-16
3584.74 9.31394e-16
3586.2 9.18461e-16
3587.66 9.09084e-16
3589.12 9.0643e-16
3590.58 9.08087e-16
3592.04 8.96599e-16
3593.5 8.79657e-16
3594.96 8.70537e-16
3596.42 8.69962e-16
3597.87 8.65804e-16
3599.33 8.54703e-16
3600.79 8.43501e-16
3602.25 8.34023e-16
3603.71 8.2684e-16
3605.17 8.29092e-16
3606.63 8.25711e-16
3608.09 8.14919e-16
3609.55 8.00317e-16
3611.01 8.01005e-16
3612.47 8.01152e-16
3613.93 7.96216e-16
3615.39 7.81475e-16
3616.85 7.75712e-16
3618.31 7.74872e-16
3619.77 7.75041e-16
3621.23 7.69254e-16
3622.69 7.64838e-16
3624.15 7.58068e-16
3625.61 7.50435e-16
3627.07 7.4518e-16
3628.53 7.42779e-16
3629.99 7.39544e-16
3631.45 7.36607e-16
3632.91 7.36025e-16
3634.37 7.32274e-16
3635.83 7.23573e-16
3637.29 7.12014e-16
3638.75 7.00379e-16
3640.21 7.01066e-16
3641.67 6.98175e-16
3643.13 6.9006e-16
3644.59 6.7536e-16
3646.05 6.69384e-16
3647.51 6.6232e-16
3648.97 6.51944e-16
3650.43 6.36593e-16
3651.89 6.32454e-16
3653.35 6.31865e-16
3654.81 6.30003e-16
3656.27 6.23324e-16
3657.73 6.15774e-16
3659.19 6.12474e-16
3660.65 6.08283e-16
3662.11 6.00487e-16
3663.57 5.98426e-16
3665.02 6.07647e-16
3666.48 6.1302e-16
3667.94 6.05881e-16
3669.4 5.88907e-16
3670.86 5.81404e-16
3672.32 5.78229e-16
3673.78 5.76816e-16
3675.24 5.7626e-16
3676.7 5.73824e-16
3678.16 5.70918e-16
3679.62 5.68308e-16
3681.08 5.67106e-16
3682.54 5.64957e-16
3684 5.58953e-16
3685.46 5.50813e-16
3686.92 5.54601e-16
3688.38 5.543e-16
3689.84 5.52476e-16
3691.3 5.49953e-16
3692.76 5.47071e-16
3694.22 5.44025e-16
3695.68 5.41379e-16
3697.14 5.39521e-16
3698.6 5.39281e-16
3700.06 5.35898e-16
3701.52 5.34945e-16
3702.98 5.36106e-16
3704.44 5.35466e-16
3705.9 5.39041e-16
3707.36 5.42346e-16
3708.82 5.44961e-16
3710.28 5.47576e-16
3711.74 5.50549e-16
3713.2 5.53554e-16
3714.66 5.56553e-16
3716.12 5.59552e-16
3717.58 5.62567e-16
3719.04 5.65575e-16
3720.5 5.68578e-16
3721.96 5.71582e-16
3723.42 5.74601e-16
3724.88 5.77612e-16
3726.34 5.80619e-16
3727.8 5.83625e-16
3729.26 5.86649e-16
3730.72 5.89664e-16
3732.17 5.92658e-16
3733.63 5.95685e-16
3735.09 5.98698e-16
3736.55 6.01711e-16
3738.01 6.0473e-16
3739.47 6.0776e-16
3740.93 6.10776e-16
3742.39 6.13793e-16
3743.85 6.16816e-16
3745.31 6.1985e-16
3746.77 6.22869e-16
3748.23 6.283e-16
3749.69 6.31846e-16
3751.15 6.3038e-16
3752.61 6.33186e-16
3754.07 6.42274e-16
3755.53 6.52695e-16
3756.99 6.61099e-16
3758.45 6.68277e-16
3759.91 6.79495e-16
3761.37 6.94011e-16
3762.83 7.11041e-16
3764.29 7.26921e-16
3765.75 7.39539e-16
3767.21 7.49771e-16
3768.67 7.5843e-16
3770.13 7.68533e-16
3771.59 7.77189e-16
3773.05 7.82766e-16
3774.51 7.8604e-16
3775.97 7.9584e-16
3777.43 8.137e-16
3778.89 8.27706e-16
3780.35 8.36298e-16
3781.81 8.52121e-16
3783.27 8.67965e-16
3784.73 8.85935e-16
3786.19 9.06835e-16
3787.65 9.31553e-16
3789.11 9.47914e-16
3790.57 9.66714e-16
3792.03 9.88382e-16
3793.49 1.00601e-15
3794.95 1.02418e-15
3796.41 1.04498e-15
3797.86 1.06546e-15
3799.32 1.07649e-15
3800.78 1.09831e-15
3802.24 1.12426e-15
3803.7 1.15218e-15
3805.16 1.1794e-15
3806.62 1.20261e-15
3808.08 1.21401e-15
3809.54 1.21964e-15
3811 1.2343e-15
3812.46 1.26125e-15
3813.92 1.28514e-15
3815.38 1.30461e-15
3816.84 1.31977e-15
3818.3 1.33003e-15
3819.76 1.34625e-15
3821.22 1.36624e-15
3822.68 1.38563e-15
3824.14 1.39248e-15
3825.6 1.39018e-15
3827.06 1.39095e-15
3828.52 1.40998e-15
3829.98 1.42594e-15
3831.44 1.43883e-15
3832.9 1.45062e-15
3834.36 1.46347e-15
3835.82 1.47783e-15
3837.28 1.48017e-15
3838.74 1.48473e-15
3840.2 1.50419e-15
3841.66 1.51413e-15
3843.12 1.52629e-15
3844.58 1.5269e-15
3846.04 1.50708e-15
3847.5 1.50838e-15
3848.96 1.51278e-15
3850.42 1.51088e-15
3851.88 1.49722e-15
3853.34 1.48318e-15
3854.8 1.46905e-15
3856.26 1.44822e-15
3857.72 1.41542e-15
3859.18 1.35574e-15
3860.64 1.29294e-15
3862.1 1.25056e-15
3863.56 1.24174e-15
3865.01 1.27924e-15
3866.47 1.31485e-15
3867.93 1.34274e-15
3869.39 1.35855e-15
3870.85 1.34966e-15
3872.31 1.34616e-15
3873.77 1.33698e-15
3875.23 1.3216e-15
3876.69 1.31763e-15
3878.15 1.30945e-15
3879.61 1.30483e-15
3881.07 1.30617e-15
3882.53 1.31351e-15
3883.99 1.31969e-15
3885.45 1.32218e-15
3886.91 1.32012e-15
3888.37 1.31292e-15
3889.83 1.29968e-15
3891.29 1.29839e-15
3892.75 1.30604e-15
3894.21 1.30332e-15
3895.67 1.30122e-15
3897.13 1.30358e-15
3898.59 1.30779e-15
3900.05 1.30599e-15
3901.51 1.29285e-15
3902.97 1.2689e-15
3904.43 1.24847e-15
3905.89 1.26086e-15
3907.35 1.28427e-15
3908.81 1.30978e-15
3910.27 1.33419e-15
3911.73 1.35351e-15
3913.19 1.34975e-15
3914.65 1.35602e-15
3916.11 1.36158e-15
3917.57 1.34763e-15
3919.03 1.3396e-15
3920.49 1.33948e-15
3921.95 1.34167e-15
3923.41 1.33927e-15
3924.87 1.32437e-15
3926.33 1.2972e-15
3927.79 1.25814e-15
3929.25 1.20756e-15
3930.71 1.20402e-15
3932.16 1.23325e-15
3933.62 1.27944e-15
3935.08 1.32639e-15
3936.54 1.32393e-15
3938 1.31321e-15
3939.46 1.30259e-15
3940.92 1.29896e-15
3942.38 1.30294e-15
3943.84 1.31445e-15
3945.3 1.32777e-15
3946.76 1.3391e-15
3948.22 1.34958e-15
3949.68 1.35401e-15
3951.14 1.35605e-15
3952.6 1.35766e-15
3954.06 1.35754e-15
3955.52 1.3476e-15
3956.98 1.34017e-15
3958.44 1.34024e-15
3959.9 1.33787e-15
3961.36 1.31737e-15
3962.82 1.28983e-15
3964.28 1.26457e-15
3965.74 1.27053e-15
3967.2 1.29356e-15
3968.66 1.31385e-15
3970.12 1.32464e-15
3971.58 1.32632e-15
3973.04 1.32382e-15
3974.5 1.32516e-15
3975.96 1.32774e-15
3977.42 1.3117e-15
3978.88 1.29105e-15
3980.34 1.27808e-15
3981.8 1.27231e-15
3983.26 1.26247e-15
3984.72 1.24633e-15
3986.18 1.23396e-15
3987.64 1.22655e-15
3989.1 1.22206e-15
3990.56 1.21543e-15
3992.02 1.20825e-15
3993.48 1.2002e-15
3994.94 1.18988e-15
3996.4 1.18553e-15
3997.86 1.17322e-15
3999.31 1.15831e-15
4000.77 1.15476e-15
4002.23 1.15981e-15
4003.69 1.1583e-15
4005.15 1.1528e-15
4006.61 1.15044e-15
4008.07 1.148e-15
4009.53 1.14327e-15
4010.99 1.13605e-15
4012.45 1.12621e-15
4013.91 1.11929e-15
4015.37 1.11211e-15
4016.83 1.10613e-15
4018.29 1.1034e-15
4019.75 1.10392e-15
4021.21 1.09884e-15
4022.67 1.09301e-15
4024.13 1.09189e-15
4025.59 1.09124e-15
4027.05 1.08959e-15
4028.51 1.08992e-15
4029.97 1.09501e-15
4031.43 1.10703e-15
4032.89 1.10889e-15
4034.35 1.10667e-15
4035.81 1.10553e-15
4037.27 1.11207e-15
4038.73 1.11095e-15
4040.19 1.11107e-15
4041.65 1.11822e-15
4043.11 1.12954e-15
4044.57 1.13749e-15
4046.03 1.14154e-15
4047.49 1.14233e-15
4048.95 1.14961e-15
4050.41 1.14417e-15
4051.87 1.13827e-15
4053.33 1.13835e-15
4054.79 1.14989e-15
4056.25 1.1582e-15
4057.71 1.16715e-15
4059.17 1.17584e-15
4060.63 1.16927e-15
4062.09 1.1617e-15
4063.55 1.16024e-15
4065 1.16505e-15
4066.46 1.16487e-15
4067.92 1.15775e-15
4069.38 1.15064e-15
4070.84 1.1449e-15
4072.3 1.1375e-15
4073.76 1.13521e-15
4075.22 1.1294e-15
4076.68 1.11943e-15
4078.14 1.11064e-15
4079.6 1.10222e-15
4081.06 1.09243e-15
4082.52 1.083e-15
4083.98 1.07989e-15
4085.44 1.07119e-15
4086.9 1.06765e-15
4088.36 1.06761e-15
4089.82 1.06269e-15
4091.28 1.05485e-15
4092.74 1.04431e-15
4094.2 1.03829e-15
4095.66 1.05149e-15
4097.12 1.06083e-15
4098.58 1.06093e-15
4100.04 1.05005e-15
4101.5 1.02607e-15
4102.96 1.01189e-15
4104.42 1.01119e-15
4105.88 1.01661e-15
4107.34 1.01686e-15
4108.8 1.01759e-15
4110.26 1.02073e-15
4111.72 1.02298e-15
4113.18 1.02018e-15
4114.64 1.02201e-15
4116.1 1.01944e-15
4117.56 1.01765e-15
4119.02 1.02226e-15
4120.48 1.02737e-15
4121.94 1.02232e-15
4123.4 1.0134e-15
4124.86 1.00624e-15
4126.32 9.9882e-16
4127.78 9.92053e-16
4129.24 9.8554e-16
4130.7 9.79181e-16
4132.16 9.77481e-16
4133.61 9.84778e-16
4135.07 9.9158e-16
4136.53 9.92066e-16
4137.99 9.96998e-16
4139.45 9.98218e-16
4140.91 9.95213e-16
4142.37 9.87822e-16
4143.83 9.78763e-16
4145.29 9.68092e-16
4146.75 9.6132e-16
4148.21 9.60651e-16
4149.67 9.60874e-16
4151.13 9.62411e-16
4152.59 9.62287e-16
4154.05 9.59754e-16
4155.51 9.58202e-16
4156.97 9.62475e-16
4158.43 9.63901e-16
4159.89 9.60995e-16
4161.35 9.62023e-16
4162.81 9.59155e-16
4164.27 9.56881e-16
4165.73 9.55801e-16
4167.19 9.52858e-16
4168.65 9.40308e-16
4170.11 9.28873e-16
4171.57 9.22321e-16
4173.03 9.24757e-16
4174.49 9.3613e-16
4175.95 9.45966e-16
4177.41 9.51591e-16
4178.87 9.51173e-16
4180.33 9.56712e-16
4181.79 9.62834e-16
4183.25 9.65509e-16
4184.71 9.57083e-16
4186.17 9.53482e-16
4187.63 9.55724e-16
4189.09 9.62362e-16
4190.55 9.70503e-16
4192.01 9.6618e-16
4193.47 9.59396e-16
4194.93 9.52096e-16
4196.39 9.45887e-16
4197.85 9.42163e-16
4199.31 9.39567e-16
4200.76 9.37134e-16
4202.22 9.33503e-16
4203.68 9.22975e-16
4205.14 9.13584e-16
4206.6 9.06118e-16
4208.06 9.01166e-16
4209.52 9.04506e-16
4210.98 9.04982e-16
4212.44 9.02392e-16
4213.9 8.96774e-16
4215.36 8.94351e-16
4216.82 8.91131e-16
4218.28 8.87119e-16
4219.74 8.82212e-16
4221.2 8.71309e-16
4222.66 8.6332e-16
4224.12 8.61675e-16
4225.58 8.68258e-16
4227.04 8.66269e-16
4228.5 8.5517e-16
4229.96 8.43502e-16
4231.42 8.3704e-16
4232.88 8.35942e-16
4234.34 8.30942e-16
4235.8 8.27247e-16
4237.26 8.2795e-16
4238.72 8.34111e-16
4240.18 8.39497e-16
4241.64 8.40501e-16
4243.1 8.36034e-16
4244.56 8.31305e-16
4246.02 8.22866e-16
4247.48 8.13885e-16
4248.94 8.07662e-16
4250.4 8.16383e-16
4251.86 8.213e-16
4253.32 8.22663e-16
4254.78 8.21684e-16
4256.24 8.23838e-16
4257.7 8.24047e-16
4259.16 8.23349e-16
4260.62 8.22341e-16
4262.08 8.22292e-16
4263.54 8.28322e-16
4265 8.34761e-16
4266.45 8.38613e-16
4267.91 8.33933e-16
4269.37 8.35594e-16
4270.83 8.40295e-16
4272.29 8.47794e-16
4273.75 8.59451e-16
4275.21 8.63303e-16
4276.67 8.65011e-16
4278.13 8.66707e-16
4279.59 8.71441e-16
4281.05 8.77598e-16
4282.51 8.85707e-16
4283.97 8.9301e-16
4285.43 8.93706e-16
4286.89 8.90557e-16
4288.35 8.90703e-16
4289.81 8.96388e-16
4291.27 9.10305e-16
4292.73 9.19557e-16
4294.19 9.22552e-16
4295.65 9.24226e-16
4297.11 9.32067e-16
4298.57 9.37407e-16
4300.03 9.31401e-16
4301.49 9.21613e-16
4302.95 9.18142e-16
4304.41 9.2479e-16
4305.87 9.32436e-16
4307.33 9.42563e-16
4308.79 9.56895e-16
4310.25 9.67061e-16
4311.71 9.77015e-16
4313.17 9.86604e-16
4314.63 9.95463e-16
4316.09 9.93102e-16
4317.55 9.95674e-16
4319.01 9.99759e-16
4320.47 1.00294e-15
4321.93 1.00948e-15
4323.39 1.01627e-15
4324.85 1.02059e-15
4326.31 1.02164e-15
4327.77 1.03417e-15
4329.23 1.04492e-15
4330.69 1.05713e-15
4332.15 1.07286e-15
4333.6 1.0941e-15
4335.06 1.11672e-15
4336.52 1.13358e-15
4337.98 1.14057e-15
4339.44 1.13318e-15
4340.9 1.1257e-15
4342.36 1.12318e-15
4343.82 1.12812e-15
4345.28 1.1421e-15
4346.74 1.15608e-15
4348.2 1.1701e-15
4349.66 1.18415e-15
4351.12 1.19815e-15
4352.58 1.21216e-15
4354.04 1.2262e-15
4355.5 1.24027e-15
4356.96 1.2543e-15
4358.42 1.26832e-15
4359.88 1.28239e-15
4361.34 1.29648e-15
4362.8 1.31052e-15
4364.26 1.32457e-15
4365.72 1.33866e-15
4367.18 1.35278e-15
4368.64 1.36685e-15
4370.1 1.38098e-15
4371.56 1.39509e-15
4373.02 1.40916e-15
4374.48 1.42325e-15
4375.94 1.43741e-15
4377.4 1.45154e-15
4378.86 1.46564e-15
4380.32 1.47975e-15
4381.78 1.49394e-15
4383.24 1.50913e-15
4384.7 1.52798e-15
4386.16 1.55499e-15
4387.62 1.56836e-15
4389.08 1.5857e-15
4390.54 1.60595e-15
4392 1.62585e-15
4393.46 1.62708e-15
4394.92 1.63666e-15
4396.38 1.65228e-15
4397.84 1.66972e-15
4399.29 1.68326e-15
4400.75 1.69866e-15
4402.21 1.71632e-15
4403.67 1.73673e-15
4405.13 1.74634e-15
4406.59 1.75093e-15
4408.05 1.75265e-15
4409.51 1.75341e-15
4410.97 1.74631e-15
4412.43 1.73443e-15
4413.89 1.72258e-15
4415.35 1.71462e-15
4416.81 1.70924e-15
4418.27 1.70009e-15
4419.73 1.6911e-15
4421.19 1.68567e-15
4422.65 1.69337e-15
4424.11 1.69628e-15
4425.57 1.69704e-15
4427.03 1.69761e-15
4428.49 1.70277e-15
4429.95 1.70627e-15
4431.41 1.70865e-15
4432.87 1.70917e-15
4434.33 1.70006e-15
4435.79 1.68719e-15
4437.25 1.67357e-15
4438.71 1.66092e-15
4440.17 1.65228e-15
4441.63 1.65991e-15
4443.09 1.68015e-15
4444.55 1.70935e-15
4446.01 1.73613e-15
4447.47 1.75082e-15
4448.93 1.76014e-15
4450.39 1.76586e-15
4451.85 1.76692e-15
4453.31 1.75848e-15
4454.77 1.74869e-15
4456.23 1.74036e-15
4457.69 1.73631e-15
4459.15 1.73594e-15
4460.61 1.7304e-15
4462.07 1.71894e-15
4463.53 1.70401e-15
4464.99 1.71271e-15
4466.44 1.72395e-15
4467.9 1.73047e-15
4469.36 1.72135e-15
4470.82 1.71161e-15
4472.28 1.70194e-15
4473.74 1.69103e-15
4475.2 1.67589e-15
4476.66 1.66012e-15
4478.12 1.64252e-15
4479.58 1.62594e-15
4481.04 1.61583e-15
4482.5 1.60506e-15
4483.96 1.5924e-15
4485.42 1.58269e-15
4486.88 1.58319e-15
4488.34 1.57235e-15
4489.8 1.55882e-15
4491.26 1.54752e-15
4492.72 1.54413e-15
4494.18 1.54046e-15
4495.64 1.53792e-15
4497.1 1.53337e-15
4498.56 1.52343e-15
4500.02 1.51144e-15
4501.48 1.50712e-15
4502.94 1.50656e-15
4504.4 1.50558e-15
4505.86 1.48512e-15
4507.32 1.47433e-15
4508.78 1.46943e-15
4510.24 1.46654e-15
4511.7 1.44703e-15
4513.16 1.43142e-15
4514.62 1.42479e-15
4516.08 1.42936e-15
4517.54 1.42838e-15
4519 1.42549e-15
4520.46 1.42017e-15
4521.92 1.4126e-15
4523.38 1.40781e-15
4524.84 1.40292e-15
4526.3 1.39737e-15
4527.76 1.39141e-15
4529.22 1.38919e-15
4530.68 1.39109e-15
4532.13 1.39169e-15
4533.59 1.38985e-15
4535.05 1.3925e-15
4536.51 1.39881e-15
4537.97 1.40276e-15
4539.43 1.40263e-15
4540.89 1.40073e-15
4542.35 1.40754e-15
4543.81 1.41436e-15
4545.27 1.41815e-15
4546.73 1.41701e-15
4548.19 1.42437e-15
4549.65 1.43282e-15
4551.11 1.43965e-15
4552.57 1.44187e-15
4554.03 1.44654e-15
4555.49 1.44876e-15
4556.95 1.44794e-15
4558.41 1.44527e-15
4559.87 1.44623e-15
4561.33 1.44324e-15
4562.79 1.43824e-15
4564.25 1.43903e-15
4565.71 1.44026e-15
4567.17 1.43646e-15
4568.63 1.42992e-15
4570.09 1.42682e-15
4571.55 1.41304e-15
4573.01 1.40688e-15
4574.47 1.40359e-15
4575.93 1.39225e-15
4577.39 1.38022e-15
4578.85 1.3754e-15
4580.31 1.37185e-15
4581.77 1.36024e-15
4583.23 1.36429e-15
4584.69 1.36737e-15
4586.15 1.36601e-15
4587.61 1.35678e-15
4589.07 1.34912e-15
4590.53 1.34954e-15
4591.99 1.35178e-15
4593.45 1.3492e-15
4594.91 1.34892e-15
4596.37 1.35262e-15
4597.83 1.35552e-15
4599.29 1.3536e-15
4600.74 1.35893e-15
4602.2 1.36439e-15
4603.66 1.37048e-15
4605.12 1.3774e-15
4606.58 1.37888e-15
4608.04 1.37887e-15
4609.5 1.37998e-15
4610.96 1.38488e-15
4612.42 1.40477e-15
4613.88 1.41799e-15
4615.34 1.42322e-15
4616.8 1.42115e-15
4618.26 1.42887e-15
4619.72 1.43787e-15
4621.18 1.44672e-15
4622.64 1.45325e-15
4624.1 1.44596e-15
4625.56 1.44367e-15
4627.02 1.44708e-15
4628.48 1.45382e-15
4629.94 1.44672e-15
4631.4 1.44414e-15
4632.86 1.44496e-15
4634.32 1.44647e-15
4635.78 1.43719e-15
4637.24 1.42364e-15
4638.7 1.41404e-15
4640.16 1.4106e-15
4641.62 1.41275e-15
4643.08 1.40159e-15
4644.54 1.39787e-15
4646 1.40091e-15
4647.46 1.39171e-15
4648.92 1.35953e-15
4650.38 1.32691e-15
4651.84 1.30025e-15
4653.3 1.28511e-15
4654.76 1.2643e-15
4656.22 1.25025e-15
4657.68 1.23946e-15
4659.14 1.21906e-15
4660.6 1.18821e-15
4662.06 1.16414e-15
4663.52 1.14499e-15
4664.98 1.12312e-15
4666.44 1.11844e-15
4667.89 1.1138e-15
4669.35 1.10798e-15
4670.81 1.10161e-15
4672.27 1.09756e-15
4673.73 1.09955e-15
4675.19 1.10315e-15
4676.65 1.1012e-15
4678.11 1.09198e-15
4679.57 1.0941e-15
4681.03 1.10069e-15
4682.49 1.10178e-15
4683.95 1.11008e-15
4685.41 1.12343e-15
4686.87 1.13648e-15
4688.33 1.14337e-15
4689.79 1.14108e-15
4691.25 1.14795e-15
4692.71 1.1577e-15
4694.17 1.16448e-15
4695.63 1.17037e-15
4697.09 1.17617e-15
4698.55 1.18588e-15
4700.01 1.20186e-15
4701.47 1.20738e-15
4702.93 1.21255e-15
4704.39 1.21806e-15
4705.85 1.22415e-15
4707.31 1.22754e-15
4708.77 1.23253e-15
4710.23 1.23819e-15
4711.69 1.24339e-15
4713.15 1.24218e-15
4714.61 1.2507e-15
4716.07 1.26314e-15
4717.53 1.27589e-15
4718.99 1.28294e-15
4720.45 1.29244e-15
4721.91 1.30182e-15
4723.37 1.3106e-15
4724.83 1.32194e-15
4726.29 1.33102e-15
4727.75 1.33003e-15
4729.21 1.32031e-15
4730.67 1.32175e-15
4732.13 1.33207e-15
4733.59 1.33823e-15
4735.04 1.33931e-15
4736.5 1.34675e-15
4737.96 1.35094e-15
4739.42 1.35753e-15
4740.88 1.36661e-15
4742.34 1.37355e-15
4743.8 1.37208e-15
4745.26 1.36803e-15
4746.72 1.36393e-15
4748.18 1.36361e-15
4749.64 1.36044e-15
4751.1 1.3567e-15
4752.56 1.34957e-15
4754.02 1.33136e-15
4755.48 1.31263e-15
4756.94 1.30206e-15
4758.4 1.29873e-15
4759.86 1.2984e-15
4761.32 1.29646e-15
4762.78 1.29556e-15
4764.24 1.29486e-15
4765.7 1.29241e-15
4767.16 1.29292e-15
4768.62 1.29244e-15
4770.08 1.2916e-15
4771.54 1.29172e-15
4773 1.29538e-15
4774.46 1.29261e-15
4775.92 1.28401e-15
4777.38 1.27099e-15
4778.84 1.26973e-15
4780.3 1.26744e-15
4781.76 1.2632e-15
4783.22 1.25634e-15
4784.68 1.24968e-15
4786.14 1.24045e-15
4787.6 1.23156e-15
4789.06 1.22553e-15
4790.52 1.21553e-15
4791.98 1.2085e-15
4793.44 1.20373e-15
4794.9 1.20048e-15
4796.36 1.19405e-15
4797.82 1.18343e-15
4799.28 1.17179e-15
4800.73 1.16125e-15
4802.19 1.15217e-15
4803.65 1.14799e-15
4805.11 1.14351e-15
4806.57 1.13575e-15
4808.03 1.12519e-15
4809.49 1.11292e-15
4810.95 1.09917e-15
4812.41 1.08459e-15
4813.87 1.07377e-15
4815.33 1.06926e-15
4816.79 1.06754e-15
4818.25 1.06633e-15
4819.71 1.06042e-15
4821.17 1.0594e-15
4822.63 1.06022e-15
4824.09 1.06216e-15
4825.55 1.06689e-15
4827.01 1.06668e-15
4828.47 1.06631e-15
4829.93 1.0675e-15
4831.39 1.07144e-15
4832.85 1.07469e-15
4834.31 1.08016e-15
4835.77 1.08689e-15
4837.23 1.08926e-15
4838.69 1.09452e-15
4840.15 1.09363e-15
4841.61 1.09015e-15
4843.07 1.09904e-15
4844.53 1.10197e-15
4845.99 1.10406e-15
4847.45 1.10614e-15
4848.91 1.10822e-15
4850.37 1.11031e-15
4851.83 1.1124e-15
4853.29 1.11448e-15
4854.75 1.11657e-15
4856.21 1.11866e-15
4857.67 1.12075e-15
4859.13 1.12284e-15
4860.59 1.12492e-15
4862.05 1.12702e-15
4863.51 1.12911e-15
4864.97 1.13119e-15
4866.43 1.13329e-15
4867.88 1.13536e-15
4869.34 1.13744e-15
4870.8 1.13953e-15
4872.26 1.14163e-15
4873.72 1.14371e-15
4875.18 1.1458e-15
4876.64 1.14788e-15
4878.1 1.14998e-15
4879.56 1.15206e-15
4881.02 1.14997e-15
4882.48 1.1513e-15
4883.94 1.16282e-15
4885.4 1.15773e-15
4886.86 1.1552e-15
4888.32 1.15742e-15
4889.78 1.16554e-15
4891.24 1.16363e-15
4892.7 1.16883e-15
4894.16 1.17963e-15
4895.62 1.19371e-15
4897.08 1.19268e-15
4898.54 1.19566e-15
4900 1.19616e-15
4901.46 1.19168e-15
4902.92 1.19467e-15
4904.38 1.19933e-15
4905.84 1.20544e-15
4907.3 1.21248e-15
4908.76 1.21739e-15
4910.22 1.225e-15
4911.68 1.22974e-15
4913.14 1.23025e-15
4914.6 1.23221e-15
4916.06 1.24952e-15
4917.52 1.26113e-15
4918.98 1.26118e-15
4920.44 1.2568e-15
4921.9 1.25984e-15
4923.36 1.26458e-15
4924.82 1.26825e-15
4926.28 1.26613e-15
4927.74 1.266e-15
4929.2 1.26807e-15
4930.66 1.27113e-15
4932.12 1.27094e-15
4933.57 1.26915e-15
4935.03 1.26469e-15
4936.49 1.26105e-15
4937.95 1.26931e-15
4939.41 1.26874e-15
4940.87 1.2691e-15
4942.33 1.27125e-15
4943.79 1.27341e-15
4945.25 1.27555e-15
4946.71 1.2777e-15
4948.17 1.27985e-15
4949.63 1.28201e-15
4951.09 1.28416e-15
4952.55 1.28631e-15
4954.01 1.28846e-15
4955.47 1.29061e-15
4956.93 1.29275e-15
4958.39 1.2949e-15
4959.85 1.29706e-15
4961.31 1.2992e-15
4962.77 1.30135e-15
4964.23 1.3035e-15
4965.69 1.30565e-15
4967.15 1.3078e-15
4968.61 1.30994e-15
4970.07 1.31209e-15
4971.53 1.31424e-15
4972.99 1.31638e-15
4974.45 1.31852e-15
4975.91 1.32067e-15
4977.37 1.32282e-15
4978.83 1.32483e-15
4980.29 1.32059e-15
4981.75 1.3251e-15
4983.21 1.33781e-15
4984.67 1.358e-15
4986.13 1.37707e-15
4987.59 1.3962e-15
4989.05 1.4105e-15
4990.51 1.41725e-15
4991.97 1.42402e-15
4993.43 1.43077e-15
4994.89 1.43751e-15
4996.35 1.44426e-15
4997.81 1.45103e-15
4999.26 1.45773e-15
5000.72 1.46447e-15
5002.18 1.47122e-15
5003.64 1.478e-15
5005.1 1.48475e-15
5006.56 1.49151e-15
5008.02 1.49828e-15
5009.48 1.50502e-15
5010.94 1.51177e-15
5012.4 1.51853e-15
5013.86 1.52531e-15
5015.32 1.53205e-15
5016.78 1.5388e-15
5018.24 1.54556e-15
5019.7 1.55233e-15
5021.16 1.55908e-15
5022.62 1.56582e-15
5024.08 1.57259e-15
5025.54 1.5771e-15
5027 1.57157e-15
5028.46 1.57585e-15
5029.92 1.58652e-15
5031.38 1.59746e-15
5032.84 1.59304e-15
5034.3 1.5822e-15
5035.76 1.58606e-15
5037.22 1.60173e-15
5038.68 1.61375e-15
5040.14 1.62185e-15
5041.6 1.63033e-15
5043.06 1.63937e-15
5044.52 1.64832e-15
5045.98 1.65483e-15
5047.44 1.66558e-15
5048.9 1.67781e-15
5050.36 1.68583e-15
5051.82 1.69078e-15
5053.28 1.70657e-15
5054.74 1.72418e-15
5056.2 1.72927e-15
5057.66 1.73779e-15
5059.12 1.74547e-15
5060.58 1.75004e-15
5062.04 1.74892e-15
5063.5 1.76362e-15
5064.96 1.78154e-15
5066.41 1.79653e-15
5067.87 1.80259e-15
5069.33 1.81043e-15
5070.79 1.81966e-15
5072.25 1.83214e-15
5073.71 1.84948e-15
5075.17 1.86312e-15
5076.63 1.86258e-15
5078.09 1.85709e-15
5079.55 1.85454e-15
5081.01 1.86467e-15
5082.47 1.86823e-15
5083.93 1.86613e-15
5085.39 1.85953e-15
5086.85 1.85856e-15
5088.31 1.86061e-15
5089.77 1.85953e-15
5091.23 1.85291e-15
5092.69 1.85405e-15
5094.15 1.85995e-15
5095.61 1.86039e-15
5097.07 1.85205e-15
5098.53 1.85035e-15
5099.99 1.84982e-15
5101.45 1.85019e-15
5102.91 1.85126e-15
5104.37 1.85235e-15
5105.83 1.84377e-15
5107.29 1.84046e-15
5108.75 1.84669e-15
5110.21 1.85807e-15
5111.67 1.86098e-15
5113.13 1.8527e-15
5114.59 1.83587e-15
5116.05 1.82391e-15
5117.51 1.82546e-15
5118.97 1.83014e-15
5120.43 1.83392e-15
5121.89 1.83178e-15
5123.35 1.82431e-15
5124.81 1.81943e-15
5126.27 1.81832e-15
5127.73 1.82008e-15
5129.19 1.81119e-15
5130.65 1.80736e-15
5132.11 1.80956e-15
5133.57 1.81464e-15
5135.03 1.81199e-15
5136.48 1.80926e-15
5137.94 1.80977e-15
5139.4 1.81888e-15
5140.86 1.82441e-15
5142.32 1.82718e-15
5143.78 1.82968e-15
5145.24 1.83626e-15
5146.7 1.84918e-15
5148.16 1.85984e-15
5149.62 1.86561e-15
5151.08 1.8633e-15
5152.54 1.86322e-15
5154 1.86953e-15
5155.46 1.88029e-15
5156.92 1.89274e-15
5158.38 1.90165e-15
5159.84 1.90672e-15
5161.3 1.90852e-15
5162.76 1.90775e-15
5164.22 1.91773e-15
5165.68 1.92993e-15
5167.14 1.94009e-15
5168.6 1.94439e-15
5170.06 1.9484e-15
5171.52 1.95897e-15
5172.98 1.97088e-15
5174.44 1.97962e-15
5175.9 1.97696e-15
5177.36 1.97632e-15
5178.82 1.97508e-15
5180.28 1.97184e-15
5181.74 1.97253e-15
5183.2 1.97416e-15
5184.66 1.97561e-15
5186.12 1.97655e-15
5187.58 1.98018e-15
5189.04 1.98495e-15
5190.5 1.98825e-15
5191.96 1.98895e-15
5193.42 1.98777e-15
5194.88 1.9954e-15
5196.34 2.00355e-15
5197.8 2.00824e-15
5199.26 2.00511e-15
5200.72 2.00784e-15
5202.17 2.01482e-15
5203.63 2.02463e-15
5205.09 2.03153e-15
5206.55 2.03793e-15
5208.01 2.04063e-15
5209.47 2.03794e-15
5210.93 2.02675e-15
5212.39 2.02175e-15
5213.85 2.02249e-15
5215.31 2.02689e-15
5216.77 2.02801e-15
5218.23 2.03613e-15
5219.69 2.04556e-15
5221.15 2.04987e-15
5222.61 2.03393e-15
5224.07 2.02276e-15
5225.53 2.02443e-15
5226.99 2.03472e-15
5228.45 2.04007e-15
5229.91 2.02826e-15
5231.37 2.01474e-15
5232.83 2.00311e-15
5234.29 1.99665e-15
5235.75 1.98804e-15
5237.21 1.97807e-15
5238.67 1.96987e-15
5240.13 1.96877e-15
5241.59 1.98066e-15
5243.05 1.9844e-15
5244.51 1.97777e-15
5245.97 1.95975e-15
5247.43 1.95499e-15
5248.89 1.95615e-15
5250.35 1.95626e-15
5251.81 1.94716e-15
5253.27 1.94493e-15
5254.73 1.94908e-15
5256.19 1.9526e-15
5257.65 1.9482e-15
5259.11 1.94501e-15
5260.57 1.94215e-15
5262.03 1.93785e-15
5263.49 1.93051e-15
5264.95 1.92055e-15
5266.41 1.91756e-15
5267.87 1.91962e-15
5269.32 1.92488e-15
5270.78 1.92348e-15
5272.24 1.92318e-15
5273.7 1.92262e-15
5275.16 1.92089e-15
5276.62 1.91864e-15
5278.08 1.91624e-15
5279.54 1.90911e-15
5281 1.8967e-15
5282.46 1.90189e-15
5283.92 1.90784e-15
5285.38 1.90962e-15
5286.84 1.9066e-15
5288.3 1.91375e-15
5289.76 1.92141e-15
5291.22 1.9251e-15
5292.68 1.92312e-15
5294.14 1.91743e-15
5295.6 1.91504e-15
5297.06 1.91481e-15
5298.52 1.91563e-15
5299.98 1.91376e-15
5301.44 1.9098e-15
5302.9 1.90701e-15
5304.36 1.90671e-15
5305.82 1.91052e-15
5307.28 1.90111e-15
5308.74 1.8941e-15
5310.2 1.89337e-15
5311.66 1.8993e-15
5313.12 1.89682e-15
5314.58 1.89686e-15
5316.04 1.89901e-15
5317.5 1.89608e-15
5318.96 1.89041e-15
5320.42 1.89521e-15
5321.88 1.9082e-15
5323.34 1.91938e-15
5324.8 1.91084e-15
5326.26 1.9035e-15
5327.72 1.90149e-15
5329.18 1.90797e-15
5330.64 1.90692e-15
5332.1 1.904e-15
5333.56 1.9e-15
5335.01 1.89533e-15
5336.47 1.89178e-15
5337.93 1.88507e-15
5339.39 1.8798e-15
5340.85 1.88351e-15
5342.31 1.8819e-15
5343.77 1.87243e-15
5345.23 1.86275e-15
5346.69 1.86298e-15
5348.15 1.86904e-15
5349.61 1.87229e-15
5351.07 1.8717e-15
5352.53 1.86632e-15
5353.99 1.847e-15
5355.45 1.83882e-15
5356.91 1.83631e-15
5358.37 1.83422e-15
5359.83 1.83115e-15
5361.29 1.82494e-15
5362.75 1.81902e-15
5364.21 1.8162e-15
5365.67 1.81865e-15
5367.13 1.8149e-15
5368.59 1.80928e-15
5370.05 1.80447e-15
5371.51 1.79767e-15
5372.97 1.78273e-15
5374.43 1.7706e-15
5375.89 1.76736e-15
5377.35 1.77123e-15
5378.81 1.76748e-15
5380.27 1.76159e-15
5381.73 1.75592e-15
5383.19 1.74803e-15
5384.65 1.74192e-15
5386.11 1.73879e-15
5387.57 1.73811e-15
5389.03 1.73351e-15
5390.49 1.73517e-15
5391.95 1.73851e-15
5393.41 1.73831e-15
5394.87 1.71627e-15
5396.33 1.70934e-15
5397.79 1.70619e-15
5399.25 1.70187e-15
5400.7 1.68904e-15
5402.16 1.6756e-15
5403.62 1.6695e-15
5405.08 1.66996e-15
5406.54 1.66727e-15
5408 1.65979e-15
5409.46 1.65172e-15
5410.92 1.6434e-15
5412.38 1.63339e-15
5413.84 1.6232e-15
5415.3 1.61366e-15
5416.76 1.60425e-15
5418.22 1.59337e-15
5419.68 1.57585e-15
5421.14 1.56604e-15
5422.6 1.55899e-15
5424.06 1.54072e-15
5425.52 1.4938e-15
5426.98 1.45649e-15
5428.44 1.42795e-15
5429.9 1.40013e-15
5431.36 1.37183e-15
5432.82 1.34017e-15
5434.28 1.31414e-15
5435.74 1.30734e-15
5437.2 1.29695e-15
5438.66 1.28896e-15
5440.12 1.2856e-15
5441.58 1.28929e-15
5443.04 1.29631e-15
5444.5 1.29852e-15
5445.96 1.30147e-15
5447.42 1.31128e-15
5448.88 1.30532e-15
5450.34 1.30288e-15
5451.8 1.3048e-15
5453.26 1.31157e-15
5454.72 1.30996e-15
5456.18 1.31209e-15
5457.64 1.31525e-15
5459.1 1.31769e-15
5460.56 1.32614e-15
5462.02 1.3177e-15
5463.48 1.30982e-15
5464.94 1.31293e-15
5466.4 1.3132e-15
5467.85 1.31435e-15
5469.31 1.31916e-15
5470.77 1.32747e-15
5472.23 1.31811e-15
5473.69 1.30779e-15
5475.15 1.30073e-15
5476.61 1.29821e-15
5478.07 1.29294e-15
5479.53 1.29887e-15
5480.99 1.30531e-15
5482.45 1.30875e-15
5483.91 1.31531e-15
5485.37 1.31619e-15
5486.83 1.31127e-15
5488.29 1.3015e-15
5489.75 1.29236e-15
5491.21 1.29361e-15
5492.67 1.29845e-15
5494.13 1.30353e-15
5495.59 1.30314e-15
5497.05 1.29541e-15
5498.51 1.28793e-15
5499.97 1.28065e-15
5501.43 1.26705e-15
5502.89 1.25621e-15
5504.35 1.25501e-15
5505.81 1.26125e-15
5507.27 1.26445e-15
5508.73 1.24572e-15
5510.19 1.23525e-15
5511.65 1.23411e-15
5513.11 1.23375e-15
5514.57 1.23463e-15
5516.03 1.23013e-15
5517.49 1.22354e-15
5518.95 1.22303e-15
5520.41 1.2332e-15
5521.87 1.22991e-15
5523.33 1.22109e-15
5524.79 1.22399e-15
5526.25 1.23025e-15
5527.71 1.23253e-15
5529.17 1.23611e-15
5530.63 1.24939e-15
5532.09 1.25355e-15
5533.54 1.25012e-15
5535 1.24057e-15
5536.46 1.22649e-15
5537.92 1.23493e-15
5539.38 1.23834e-15
5540.84 1.243e-15
5542.3 1.2565e-15
5543.76 1.25521e-15
5545.22 1.25646e-15
5546.68 1.25562e-15
5548.14 1.24853e-15
5549.6 1.25064e-15
5551.06 1.25293e-15
5552.52 1.25658e-15
5553.98 1.26173e-15
5555.44 1.24944e-15
5556.9 1.24768e-15
5558.36 1.25282e-15
5559.82 1.26264e-15
5561.28 1.27914e-15
5562.74 1.27967e-15
5564.2 1.27793e-15
5565.66 1.28067e-15
5567.12 1.27639e-15
5568.58 1.28192e-15
5570.04 1.29064e-15
5571.5 1.29868e-15
5572.96 1.30087e-15
5574.42 1.2923e-15
5575.88 1.28312e-15
5577.34 1.28012e-15
5578.8 1.29907e-15
5580.26 1.30465e-15
5581.72 1.30978e-15
5583.18 1.31682e-15
5584.64 1.31539e-15
5586.1 1.30259e-15
5587.56 1.29372e-15
5589.02 1.29273e-15
5590.48 1.29791e-15
5591.94 1.28878e-15
5593.4 1.28036e-15
5594.86 1.27469e-15
5596.32 1.26639e-15
5597.78 1.25239e-15
5599.24 1.25401e-15
5600.7 1.26758e-15
5602.16 1.2717e-15
5603.61 1.26513e-15
5605.07 1.25405e-15
5606.53 1.2481e-15
5607.99 1.26943e-15
5609.45 1.27562e-15
5610.91 1.2789e-15
5612.37 1.28284e-15
5613.83 1.29172e-15
5615.29 1.29317e-15
5616.75 1.29349e-15
5618.21 1.29584e-15
5619.67 1.30485e-15
5621.13 1.30251e-15
5622.59 1.30054e-15
5624.05 1.30852e-15
5625.51 1.33941e-15
5626.97 1.35037e-15
5628.43 1.34895e-15
5629.89 1.34217e-15
5631.35 1.33852e-15
5632.81 1.35251e-15
5634.27 1.36306e-15
5635.73 1.3741e-15
5637.19 1.39031e-15
5638.65 1.39628e-15
5640.11 1.4058e-15
5641.57 1.40993e-15
5643.03 1.40101e-15
5644.49 1.40244e-15
5645.95 1.40017e-15
5647.41 1.39375e-15
5648.87 1.38368e-15
5650.33 1.38865e-15
5651.79 1.39925e-15
5653.25 1.40642e-15
5654.71 1.40517e-15
5656.17 1.40968e-15
5657.63 1.42311e-15
5659.09 1.42839e-15
5660.55 1.41868e-15
5662.01 1.42241e-15
5663.47 1.42308e-15
5664.93 1.4266e-15
5666.39 1.43391e-15
5667.85 1.43042e-15
5669.31 1.43844e-15
5670.76 1.45017e-15
5672.22 1.46056e-15
5673.68 1.45513e-15
5675.14 1.4523e-15
5676.6 1.45283e-15
5678.06 1.45762e-15
5679.52 1.46992e-15
5680.98 1.48306e-15
5682.44 1.49373e-15
5683.9 1.50077e-15
5685.36 1.50359e-15
5686.82 1.50535e-15
5688.28 1.5096e-15
5689.74 1.51475e-15
5691.2 1.51228e-15
5692.66 1.50931e-15
5694.12 1.49705e-15
5695.58 1.48435e-15
5697.04 1.5019e-15
5698.5 1.51965e-15
5699.96 1.53191e-15
5701.42 1.54117e-15
5702.88 1.55575e-15
5704.34 1.5558e-15
5705.8 1.54432e-15
5707.26 1.53087e-15
5708.72 1.53425e-15
5710.18 1.54272e-15
5711.64 1.55194e-15
5713.1 1.55903e-15
5714.56 1.55968e-15
5716.02 1.55624e-15
5717.48 1.5511e-15
5718.94 1.54596e-15
5720.4 1.543e-15
5721.86 1.54485e-15
5723.32 1.55173e-15
5724.78 1.55567e-15
5726.24 1.54683e-15
5727.7 1.55808e-15
5729.16 1.56881e-15
5730.62 1.57545e-15
5732.08 1.5747e-15
5733.54 1.58183e-15
5735 1.58604e-15
5736.45 1.59492e-15
5737.91 1.61534e-15
5739.37 1.62866e-15
5740.83 1.62907e-15
5742.29 1.61909e-15
5743.75 1.60151e-15
5745.21 1.59666e-15
5746.67 1.58126e-15
5748.13 1.56693e-15
5749.59 1.56186e-15
5751.05 1.56684e-15
5752.51 1.57021e-15
5753.97 1.57778e-15
5755.43 1.59182e-15
5756.89 1.59947e-15
5758.35 1.57914e-15
5759.81 1.5601e-15
5761.27 1.55622e-15
5762.73 1.5609e-15
5764.19 1.55063e-15
5765.65 1.54267e-15
5767.11 1.54357e-15
5768.57 1.54831e-15
5770.03 1.54898e-15
5771.49 1.54453e-15
5772.95 1.53517e-15
5774.41 1.52359e-15
5775.87 1.51688e-15
5777.33 1.5166e-15
5778.79 1.52144e-15
5780.25 1.5245e-15
5781.71 1.51834e-15
5783.17 1.51681e-15
5784.63 1.52046e-15
5786.09 1.52004e-15
5787.55 1.50677e-15
5789.01 1.49947e-15
5790.47 1.50024e-15
5791.93 1.5049e-15
5793.39 1.50081e-15
5794.85 1.49898e-15
5796.31 1.49931e-15
5797.77 1.49745e-15
5799.23 1.50457e-15
5800.69 1.50273e-15
5802.14 1.49309e-15
5803.6 1.48164e-15
5805.06 1.47423e-15
5806.52 1.47395e-15
5807.98 1.47704e-15
5809.44 1.47622e-15
5810.9 1.4609e-15
5812.36 1.45691e-15
5813.82 1.45707e-15
5815.28 1.4477e-15
5816.74 1.44225e-15
5818.2 1.43569e-15
5819.66 1.42798e-15
5821.12 1.41928e-15
5822.58 1.42305e-15
5824.04 1.41749e-15
5825.5 1.40954e-15
5826.96 1.40722e-15
5828.42 1.41972e-15
5829.88 1.43271e-15
5831.34 1.45475e-15
5832.8 1.49362e-15
5834.26 1.55095e-15
5835.72 1.55286e-15
5837.18 1.51712e-15
5838.64 1.46006e-15
5840.1 1.42061e-15
5841.56 1.39746e-15
5843.02 1.38598e-15
5844.48 1.38376e-15
5845.94 1.40152e-15
5847.4 1.44053e-15
5848.86 1.47947e-15
5850.32 1.50413e-15
5851.78 1.49452e-15
5853.24 1.48952e-15
5854.7 1.4879e-15
5856.16 1.48399e-15
5857.62 1.4387e-15
5859.08 1.40586e-15
5860.54 1.38815e-15
5862 1.38446e-15
5863.46 1.38019e-15
5864.92 1.37872e-15
5866.38 1.3839e-15
5867.84 1.39467e-15
5869.29 1.39908e-15
5870.75 1.39467e-15
5872.21 1.39243e-15
5873.67 1.39521e-15
5875.13 1.40133e-15
5876.59 1.40835e-15
5878.05 1.41518e-15
5879.51 1.41578e-15
5880.97 1.3892e-15
5882.43 1.3484e-15
5883.89 1.32588e-15
5885.35 1.32754e-15
5886.81 1.3511e-15
5888.27 1.3607e-15
5889.73 1.35575e-15
5891.19 1.34531e-15
5892.65 1.35166e-15
5894.11 1.35623e-15
5895.57 1.3552e-15
5897.03 1.35144e-15
5898.49 1.35186e-15
5899.95 1.34357e-15
5901.41 1.33687e-15
5902.87 1.32873e-15
5904.33 1.31205e-15
5905.79 1.29482e-15
5907.25 1.2745e-15
5908.71 1.25139e-15
5910.17 1.22621e-15
5911.63 1.21964e-15
5913.09 1.20984e-15
5914.55 1.19548e-15
5916.01 1.17603e-15
5917.47 1.15617e-15
5918.93 1.14064e-15
5920.39 1.12694e-15
5921.85 1.11237e-15
5923.31 1.10541e-15
5924.77 1.09638e-15
5926.23 1.08349e-15
5927.69 1.06541e-15
5929.15 1.05564e-15
5930.61 1.04006e-15
5932.07 1.02068e-15
5933.53 1.00004e-15
5934.98 1.00101e-15
5936.44 9.96677e-16
5937.9 9.86386e-16
5939.36 9.70627e-16
5940.82 9.66328e-16
5942.28 9.68146e-16
5943.74 9.67982e-16
5945.2 9.61788e-16
5946.66 9.5759e-16
5948.12 9.4355e-16
5949.58 9.29955e-16
5951.04 9.22251e-16
5952.5 9.22625e-16
5953.96 9.21473e-16
5955.42 9.16944e-16
5956.88 9.08899e-16
5958.34 9.01845e-16
5959.8 8.97228e-16
5961.26 8.89785e-16
5962.72 8.79744e-16
5964.18 8.77831e-16
5965.64 8.87021e-16
5967.1 8.89849e-16
5968.56 8.83584e-16
5970.02 8.78784e-16
5971.48 8.81812e-16
5972.94 8.82277e-16
5974.4 8.7646e-16
5975.86 8.60077e-16
5977.32 8.55277e-16
5978.78 8.58321e-16
5980.24 8.65519e-16
5981.7 8.689e-16
5983.16 8.67325e-16
5984.62 8.64395e-16
5986.08 8.62061e-16
5987.54 8.63584e-16
5989 8.64512e-16
5990.46 8.66312e-16
5991.92 8.66555e-16
5993.38 8.59929e-16
5994.84 8.56042e-16
5996.3 8.53665e-16
5997.76 8.52282e-16
5999.22 8.51268e-16
6000.68 8.48416e-16
6002.13 8.47459e-16
6003.59 8.44642e-16
6005.05 8.3387e-16
6006.51 8.33133e-16
6007.97 8.37223e-16
6009.43 8.41019e-16
6010.89 8.38149e-16
6012.35 8.35999e-16
6013.81 8.36346e-16
6015.27 8.36012e-16
6016.73 8.31436e-16
6018.19 8.29011e-16
6019.65 8.25047e-16
6021.11 8.20163e-16
6022.57 8.15116e-16
6024.03 8.17576e-16
6025.49 8.20721e-16
6026.95 8.22457e-16
6028.41 8.21101e-16
6029.87 8.17742e-16
6031.33 8.14278e-16
6032.79 8.11997e-16
6034.25 8.11908e-16
6035.71 8.16036e-16
6037.17 8.19324e-16
6038.63 8.2065e-16
6040.09 8.20103e-16
6041.55 8.25163e-16
6043.01 8.26869e-16
6044.47 8.28229e-16
6045.93 8.30919e-16
6047.39 8.36574e-16
6048.85 8.43187e-16
6050.31 8.50264e-16
6051.77 8.5653e-16
6053.23 8.55442e-16
6054.69 8.55289e-16
6056.15 8.57395e-16
6057.61 8.61062e-16
6059.07 8.60629e-16
6060.53 8.67889e-16
6061.99 8.77412e-16
6063.45 8.8595e-16
6064.91 8.86376e-16
6066.37 8.84579e-16
6067.83 8.80447e-16
6069.29 8.77193e-16
6070.74 8.85761e-16
6072.2 8.99191e-16
6073.66 9.10801e-16
6075.12 9.19854e-16
6076.58 9.28091e-16
6078.04 9.32987e-16
6079.5 9.35169e-16
6080.96 9.35289e-16
6082.42 9.34666e-16
6083.88 9.38325e-16
6085.34 9.43782e-16
6086.8 9.50081e-16
6088.26 9.55923e-16
6089.72 9.56122e-16
6091.18 9.52707e-16
6092.64 9.49184e-16
6094.1 9.51316e-16
6095.56 9.63102e-16
6097.02 9.76335e-16
6098.48 9.88109e-16
6099.94 9.94982e-16
6101.4 9.96045e-16
6102.86 9.95119e-16
6104.32 9.93624e-16
6105.78 9.93148e-16
6107.24 9.92914e-16
6108.7 9.94785e-16
6110.16 9.97347e-16
6111.62 9.99019e-16
6113.08 1.00295e-15
6114.54 1.01553e-15
6116 1.02922e-15
6117.46 1.03691e-15
6118.92 1.03562e-15
6120.38 1.03996e-15
6121.84 1.04423e-15
6123.3 1.04422e-15
6124.76 1.04403e-15
6126.22 1.045e-15
6127.68 1.04816e-15
6129.14 1.05407e-15
6130.6 1.06082e-15
6132.06 1.06706e-15
6133.52 1.07181e-15
6134.98 1.07457e-15
6136.44 1.07614e-15
6137.89 1.08319e-15
6139.35 1.08865e-15
6140.81 1.08913e-15
6142.27 1.08595e-15
6143.73 1.08874e-15
6145.19 1.09153e-15
6146.65 1.0924e-15
6148.11 1.09515e-15
6149.57 1.09417e-15
6151.03 1.09129e-15
6152.49 1.08856e-15
6153.95 1.09285e-15
6155.41 1.09907e-15
6156.87 1.09796e-15
6158.33 1.09057e-15
6159.79 1.09304e-15
6161.25 1.09898e-15
6162.71 1.09889e-15
6164.17 1.09258e-15
6165.63 1.08764e-15
6167.09 1.0863e-15
6168.55 1.08217e-15
6170.01 1.07445e-15
6171.47 1.06465e-15
6172.93 1.06571e-15
6174.39 1.06533e-15
6175.85 1.06072e-15
6177.31 1.04983e-15
6178.77 1.04759e-15
6180.23 1.05139e-15
6181.69 1.05775e-15
6183.15 1.06058e-15
6184.61 1.06478e-15
6186.07 1.06655e-15
6187.53 1.06474e-15
6188.99 1.05784e-15
6190.45 1.05535e-15
6191.91 1.05304e-15
6193.37 1.05047e-15
6194.83 1.04743e-15
6196.29 1.0509e-15
6197.75 1.05168e-15
6199.21 1.04904e-15
6200.67 1.04247e-15
6202.13 1.05256e-15
6203.58 1.0582e-15
6205.04 1.06261e-15
6206.5 1.06966e-15
6207.96 1.07485e-15
6209.42 1.07653e-15
6210.88 1.07647e-15
6212.34 1.07629e-15
6213.8 1.07367e-15
6215.26 1.07536e-15
6216.72 1.08003e-15
6218.18 1.08628e-15
6219.64 1.08591e-15
6221.1 1.08632e-15
6222.56 1.09228e-15
6224.02 1.10605e-15
6225.48 1.11079e-15
6226.94 1.10998e-15
6228.4 1.11032e-15
6229.86 1.11477e-15
6231.32 1.11271e-15
6232.78 1.11858e-15
6234.24 1.1297e-15
6235.7 1.14374e-15
6237.16 1.15282e-15
6238.62 1.15759e-15
6240.08 1.15923e-15
6241.54 1.15913e-15
6243 1.16264e-15
6244.46 1.15383e-15
6245.92 1.13902e-15
6247.38 1.1237e-15
6248.84 1.12389e-15
6250.3 1.1294e-15
6251.76 1.12953e-15
6253.22 1.12344e-15
6254.68 1.12001e-15
6256.14 1.12679e-15
6257.6 1.13135e-15
6259.06 1.13009e-15
6260.52 1.12071e-15
6261.98 1.12273e-15
6263.44 1.12136e-15
6264.9 1.11428e-15
6266.36 1.10266e-15
6267.82 1.10505e-15
6269.28 1.10639e-15
6270.73 1.10606e-15
6272.19 1.10806e-15
6273.65 1.11775e-15
6275.11 1.11961e-15
6276.57 1.11117e-15
6278.03 1.09108e-15
6279.49 1.08065e-15
6280.95 1.08406e-15
6282.41 1.09302e-15
6283.87 1.09201e-15
6285.33 1.08432e-15
6286.79 1.08961e-15
6288.25 1.10289e-15
6289.71 1.11462e-15
6291.17 1.12144e-15
6292.63 1.11831e-15
6294.09 1.11196e-15
6295.55 1.11122e-15
6297.01 1.11829e-15
6298.47 1.11643e-15
6299.93 1.11071e-15
6301.39 1.1071e-15
6302.85 1.11133e-15
6304.31 1.10536e-15
6305.77 1.09273e-15
6307.23 1.07774e-15
6308.69 1.09848e-15
6310.15 1.10092e-15
6311.61 1.09006e-15
6313.07 1.07123e-15
6314.53 1.07188e-15
6315.99 1.05504e-15
6317.45 1.04374e-15
6318.91 1.05161e-15
6320.37 1.05159e-15
6321.83 1.04478e-15
6323.29 1.03974e-15
6324.75 1.04028e-15
6326.21 1.0364e-15
6327.67 1.0381e-15
6329.13 1.03873e-15
6330.59 1.03521e-15
6332.05 1.02806e-15
6333.51 1.0248e-15
6334.97 1.0232e-15
6336.42 1.02206e-15
6337.88 1.01935e-15
6339.34 1.01476e-15
6340.8 1.01504e-15
6342.26 1.02065e-15
6343.72 1.02114e-15
6345.18 1.02255e-15
6346.64 1.03032e-15
6348.1 1.04184e-15
6349.56 1.03948e-15
6351.02 1.03187e-15
6352.48 1.03079e-15
6353.94 1.03516e-15
6355.4 1.03116e-15
6356.86 1.01991e-15
6358.32 1.01266e-15
6359.78 1.00924e-15
6361.24 1.00256e-15
6362.7 1.00365e-15
6364.16 1.00551e-15
6365.62 1.00749e-15
6367.08 1.01078e-15
6368.54 1.01099e-15
6370 1.01029e-15
6371.46 1.00936e-15
6372.92 1.00902e-15
6374.38 1.01328e-15
6375.84 1.01846e-15
6377.3 1.02155e-15
6378.76 1.0179e-15
6380.22 1.02232e-15
6381.68 1.02891e-15
6383.14 1.03739e-15
6384.6 1.048e-15
6386.06 1.04151e-15
6387.52 1.03372e-15
6388.98 1.02581e-15
6390.44 1.0183e-15
6391.9 1.02431e-15
6393.36 1.03399e-15
6394.82 1.04007e-15
6396.28 1.03522e-15
6397.74 1.04434e-15
6399.2 1.04681e-15
6400.66 1.04531e-15
6402.12 1.04237e-15
6403.57 1.04242e-15
6405.03 1.05246e-15
6406.49 1.06714e-15
6407.95 1.08142e-15
6409.41 1.07757e-15
6410.87 1.07667e-15
6412.33 1.07611e-15
6413.79 1.07452e-15
6415.25 1.07853e-15
6416.71 1.07608e-15
6418.17 1.07088e-15
6419.63 1.0659e-15
6421.09 1.07019e-15
6422.55 1.07529e-15
6424.01 1.07787e-15
6425.47 1.07695e-15
6426.93 1.07844e-15
6428.39 1.07132e-15
6429.85 1.06838e-15
6431.31 1.07476e-15
6432.77 1.08808e-15
6434.23 1.08944e-15
6435.69 1.08851e-15
6437.15 1.08806e-15
6438.61 1.0853e-15
6440.07 1.08226e-15
6441.53 1.07886e-15
6442.99 1.07776e-15
6444.45 1.08989e-15
6445.91 1.0965e-15
6447.37 1.09492e-15
6448.83 1.08735e-15
6450.29 1.083e-15
6451.75 1.09461e-15
6453.21 1.0995e-15
6454.67 1.09683e-15
6456.13 1.09659e-15
6457.59 1.0954e-15
6459.05 1.0929e-15
6460.51 1.09253e-15
6461.97 1.10273e-15
6463.43 1.10185e-15
6464.89 1.10054e-15
6466.35 1.10089e-15
6467.81 1.10439e-15
6469.26 1.10562e-15
6470.72 1.1035e-15
6472.18 1.09899e-15
6473.64 1.09404e-15
6475.1 1.0862e-15
6476.56 1.07972e-15
6478.02 1.07904e-15
6479.48 1.09065e-15
6480.94 1.09622e-15
6482.4 1.09135e-15
6483.86 1.07821e-15
6485.32 1.05978e-15
6486.78 1.06326e-15
6488.24 1.06659e-15
6489.7 1.06668e-15
6491.16 1.0606e-15
6492.62 1.06402e-15
6494.08 1.05482e-15
6495.54 1.04657e-15
6497 1.05155e-15
6498.46 1.05293e-15
6499.92 1.05525e-15
6501.38 1.05605e-15
6502.84 1.05322e-15
6504.3 1.04297e-15
6505.76 1.03822e-15
6507.22 1.03539e-15
6508.68 1.03213e-15
6510.14 1.02945e-15
6511.6 1.02923e-15
6513.06 1.02548e-15
6514.52 1.01575e-15
6515.98 1.01003e-15
6517.44 1.01046e-15
6518.9 1.01432e-15
6520.36 1.02019e-15
6521.82 1.02707e-15
6523.28 1.02069e-15
6524.74 1.0105e-15
6526.2 1.00059e-15
6527.66 9.93352e-16
6529.12 9.8831e-16
6530.58 9.85679e-16
6532.04 9.85134e-16
6533.5 9.84587e-16
6534.96 9.84043e-16
6536.41 9.83502e-16
6537.87 9.82958e-16
6539.33 9.82413e-16
6540.79 9.8187e-16
6542.25 9.81327e-16
6543.71 9.80785e-16
6545.17 9.8024e-16
6546.63 9.79699e-16
6548.09 9.79158e-16
6549.55 9.78617e-16
6551.01 9.78074e-16
6552.47 9.77535e-16
6553.93 9.76994e-16
6555.39 9.76452e-16
6556.85 9.75914e-16
6558.31 9.75376e-16
6559.77 9.74837e-16
6561.23 9.74298e-16
6562.69 9.7376e-16
6564.15 9.73224e-16
6565.61 9.72686e-16
6567.07 9.72166e-16
6568.53 9.71697e-16
6569.99 9.71229e-16
6571.45 9.7076e-16
6572.91 9.70291e-16
6574.37 9.69823e-16
6575.83 9.69357e-16
6577.29 9.68888e-16
6578.75 9.6842e-16
6580.21 9.67955e-16
6581.67 9.67486e-16
6583.13 9.6702e-16
6584.59 9.66555e-16
6586.05 9.66091e-16
6587.51 9.65624e-16
6588.97 9.6516e-16
6590.43 9.64696e-16
6591.89 9.64232e-16
6593.35 9.63767e-16
6594.81 9.63304e-16
6596.27 9.62841e-16
6597.73 9.62379e-16
6599.19 9.61914e-16
6600.65 9.61452e-16
6602.11 9.61008e-16
6603.57 9.60787e-16
6605.02 9.63539e-16
6606.48 9.68781e-16
6607.94 9.71257e-16
6609.4 9.68146e-16
6610.86 9.63019e-16
6612.32 9.5966e-16
6613.78 9.58708e-16
6615.24 9.60477e-16
6616.7 9.64385e-16
6618.16 9.59672e-16
6619.62 9.50998e-16
6621.08 9.41734e-16
6622.54 9.41086e-16
6624 9.3875e-16
6625.46 9.31871e-16
6626.92 9.20405e-16
6628.38 9.09666e-16
6629.84 9.14431e-16
6631.3 9.16971e-16
6632.76 9.12676e-16
6634.22 9.04478e-16
6635.68 9.02242e-16
6637.14 9.05281e-16
6638.6 9.1142e-16
6640.06 9.13629e-16
6641.52 9.10573e-16
6642.98 9.08244e-16
6644.44 9.08186e-16
6645.9 9.11466e-16
6647.36 9.08889e-16
6648.82 9.0922e-16
6650.28 9.15497e-16
6651.74 9.31881e-16
6653.2 9.35298e-16
6654.66 9.28254e-16
6656.12 9.17663e-16
6657.58 9.16474e-16
6659.04 9.11186e-16
6660.5 9.07222e-16
6661.96 9.05039e-16
6663.42 9.04601e-16
6664.88 8.94117e-16
6666.34 8.85403e-16
6667.8 8.81559e-16
6669.26 8.86035e-16
6670.72 8.80533e-16
6672.17 8.74968e-16
6673.63 8.70455e-16
6675.09 8.68137e-16
6676.55 8.52522e-16
6678.01 8.47721e-16
6679.47 8.50529e-16
6680.93 8.56823e-16
6682.39 8.52549e-16
6683.85 8.48196e-16
6685.31 8.41576e-16
6686.77 8.30819e-16
6688.23 8.26756e-16
6689.69 8.23517e-16
6691.15 8.17498e-16
6692.61 8.06271e-16
6694.07 8.02391e-16
6695.53 8.07382e-16
6696.99 8.14962e-16
6698.45 8.20592e-16
6699.91 8.2016e-16
6701.37 8.19727e-16
6702.83 8.19294e-16
6704.29 8.18863e-16
6705.75 8.18432e-16
6707.21 8.17999e-16
6708.67 8.17568e-16
6710.13 8.17138e-16
6711.59 8.16708e-16
6713.05 8.1705e-16
6714.51 8.17614e-16
6715.97 8.18177e-16
6717.43 8.1874e-16
6718.89 8.19305e-16
6720.35 8.19868e-16
6721.81 8.2043e-16
6723.27 8.20991e-16
6724.73 8.21555e-16
6726.19 8.22117e-16
6727.65 8.22679e-16
6729.11 8.23241e-16
6730.57 8.23802e-16
6732.03 8.24361e-16
6733.49 8.24921e-16
6734.95 8.25482e-16
6736.41 8.26041e-16
6737.86 8.26596e-16
6739.32 8.27154e-16
6740.78 8.27715e-16
6742.24 8.28272e-16
6743.7 8.28829e-16
6745.16 8.29387e-16
6746.62 8.29946e-16
6748.08 8.30502e-16
6749.54 8.31058e-16
6751 8.30176e-16
6752.46 8.24734e-16
6753.92 8.2272e-16
6755.38 8.30113e-16
6756.84 8.41011e-16
6758.3 8.44105e-16
6759.76 8.41545e-16
6761.22 8.42773e-16
6762.68 8.45072e-16
6764.14 8.43419e-16
6765.6 8.43686e-16
6767.06 8.50625e-16
6768.52 8.58495e-16
6769.98 8.59771e-16
6771.44 8.5838e-16
6772.9 8.58077e-16
6774.36 8.59823e-16
6775.82 8.64497e-16
6777.28 8.66206e-16
6778.74 8.68778e-16
6780.2 8.72983e-16
6781.66 8.79259e-16
6783.12 8.76772e-16
6784.58 8.73917e-16
6786.04 8.70792e-16
6787.5 8.67609e-16
6788.96 8.67534e-16
6790.42 8.67627e-16
6791.88 8.68751e-16
6793.34 8.71385e-16
6794.8 8.74096e-16
6796.26 8.72559e-16
6797.72 8.69228e-16
6799.18 8.66345e-16
6800.64 8.73288e-16
6802.1 8.74591e-16
6803.56 8.71942e-16
6805.01 8.67297e-16
6806.47 8.70426e-16
6807.93 8.68101e-16
6809.39 8.66659e-16
6810.85 8.68026e-16
6812.31 8.67283e-16
6813.77 8.59248e-16
6815.23 8.58422e-16
6816.69 8.67138e-16
6818.15 8.70553e-16
6819.61 8.65229e-16
6821.07 8.52148e-16
6822.53 8.35516e-16
6823.99 8.31848e-16
6825.45 8.31895e-16
6826.91 8.31547e-16
6828.37 8.31805e-16
6829.83 8.39558e-16
6831.29 8.45671e-16
6832.75 8.5046e-16
6834.21 8.53969e-16
6835.67 8.56171e-16
6837.13 8.57114e-16
6838.59 8.59805e-16
6840.05 8.63545e-16
6841.51 8.65439e-16
6842.97 8.63685e-16
6844.43 8.63176e-16
6845.89 8.64758e-16
6847.35 8.68978e-16
6848.81 8.78149e-16
6850.27 8.81034e-16
6851.73 8.79487e-16
6853.19 8.78299e-16
6854.65 8.77678e-16
6856.11 8.73948e-16
6857.57 8.68201e-16
6859.03 8.62309e-16
6860.49 8.61611e-16
6861.95 8.6405e-16
6863.41 8.66186e-16
6864.87 8.63915e-16
6866.33 8.64161e-16
6867.79 8.64417e-16
6869.25 8.65835e-16
6870.7 8.69643e-16
6872.16 8.74411e-16
6873.62 8.7632e-16
6875.08 8.76192e-16
6876.54 8.74942e-16
6878 8.78522e-16
6879.46 8.75977e-16
6880.92 8.75699e-16
6882.38 8.84482e-16
6883.84 9.00135e-16
6885.3 9.00386e-16
6886.76 8.95241e-16
6888.22 8.89565e-16
6889.68 8.55669e-16
6891.14 8.29086e-16
6892.6 8.33728e-16
6894.06 8.78134e-16
6895.52 8.96293e-16
6896.98 8.96223e-16
6898.44 8.95574e-16
6899.9 9.02107e-16
6901.36 9.07603e-16
6902.82 9.09304e-16
6904.28 9.02166e-16
6905.74 8.85489e-16
6907.2 8.67608e-16
6908.66 8.66371e-16
6910.12 8.6725e-16
6911.58 8.64858e-16
6913.04 8.57543e-16
6914.5 8.60322e-16
6915.96 8.64525e-16
6917.42 8.66904e-16
6918.88 8.64535e-16
6920.34 8.65286e-16
6921.8 8.6533e-16
6923.26 8.63184e-16
6924.72 8.56886e-16
6926.18 8.55819e-16
6927.64 8.53612e-16
6929.1 8.50116e-16
6930.56 8.48446e-16
6932.02 8.58192e-16
6933.48 8.64075e-16
6934.94 8.62957e-16
6936.4 8.52609e-16
6937.85 8.48388e-16
6939.31 8.50267e-16
6940.77 8.56905e-16
6942.23 8.65451e-16
6943.69 8.67281e-16
6945.15 8.64208e-16
6946.61 8.57934e-16
6948.07 8.51093e-16
6949.53 8.463e-16
6950.99 8.43314e-16
6952.45 8.41357e-16
6953.91 8.393e-16
6955.37 8.41695e-16
6956.83 8.39746e-16
6958.29 8.31424e-16
6959.75 8.1477e-16
6961.21 8.1277e-16
6962.67 8.13989e-16
6964.13 8.14701e-16
6965.59 8.11185e-16
6967.05 8.16615e-16
6968.51 8.25503e-16
6969.97 8.33187e-16
6971.43 8.35352e-16
6972.89 8.31834e-16
6974.35 8.34289e-16
6975.81 8.3733e-16
6977.27 8.36213e-16
6978.73 8.20536e-16
6980.19 8.14077e-16
6981.65 8.17894e-16
6983.11 8.31059e-16
6984.57 8.30745e-16
6986.03 8.27713e-16
6987.49 8.27617e-16
6988.95 8.31884e-16
6990.41 8.22051e-16
6991.87 8.1235e-16
6993.33 8.0768e-16
6994.79 8.08691e-16
6996.25 8.01909e-16
6997.71 7.92829e-16
6999.17 7.88635e-16
7000.63 7.91535e-16
7002.09 7.9721e-16
7003.54 7.98638e-16
7005 7.98678e-16
7006.46 7.98743e-16
7007.92 8.01396e-16
7009.38 8.0128e-16
7010.84 8.03664e-16
7012.3 8.12074e-16
7013.76 8.35042e-16
7015.22 8.52443e-16
7016.68 8.58103e-16
7018.14 8.52725e-16
7019.6 8.44356e-16
7021.06 8.34927e-16
7022.52 8.24748e-16
7023.98 8.16055e-16
7025.44 8.15086e-16
7026.9 8.10599e-16
7028.36 8.08262e-16
7029.82 8.0723e-16
7031.28 8.03193e-16
7032.74 8.01675e-16
7034.2 8.00035e-16
7035.66 7.97641e-16
7037.12 7.93902e-16
7038.58 7.90338e-16
7040.04 7.87014e-16
7041.5 7.85771e-16
7042.96 7.89807e-16
7044.42 7.89876e-16
7045.88 7.86546e-16
7047.34 7.81672e-16
7048.8 7.77808e-16
7050.26 7.85312e-16
7051.72 7.94444e-16
7053.18 8.05441e-16
7054.64 8.19162e-16
7056.1 8.17771e-16
7057.56 8.14001e-16
7059.02 8.1074e-16
7060.48 8.1071e-16
7061.94 8.10766e-16
7063.4 8.12317e-16
7064.86 8.13052e-16
7066.32 8.10955e-16
7067.78 8.0939e-16
7069.24 8.04216e-16
7070.7 8.00357e-16
7072.16 8.01268e-16
7073.61 7.99281e-16
7075.07 7.95636e-16
7076.53 7.92942e-16
7077.99 7.92682e-16
7079.45 7.8996e-16
7080.91 7.86734e-16
7082.37 7.87792e-16
7083.83 7.94611e-16
7085.29 7.9221e-16
7086.75 7.91687e-16
7088.21 7.91503e-16
7089.67 7.90467e-16
7091.13 7.85248e-16
7092.59 7.90038e-16
7094.05 8.00936e-16
7095.51 8.1255e-16
7096.97 8.01033e-16
7098.43 7.93063e-16
7099.89 7.93775e-16
7101.35 8.02534e-16
7102.81 8.06176e-16
7104.27 8.1155e-16
7105.73 8.16206e-16
7107.19 8.18443e-16
7108.65 8.14199e-16
7110.11 8.03138e-16
7111.57 7.96758e-16
7113.03 7.96709e-16
7114.49 7.99426e-16
7115.95 7.95286e-16
7117.41 7.86111e-16
7118.87 7.76556e-16
7120.33 7.78616e-16
7121.79 7.83609e-16
7123.25 7.84348e-16
7124.71 7.83522e-16
7126.17 7.90159e-16
7127.63 7.9323e-16
7129.09 7.91374e-16
7130.55 7.87366e-16
7132.01 7.86972e-16
7133.47 7.84819e-16
7134.93 7.85605e-16
7136.39 7.89583e-16
7137.85 7.96588e-16
7139.3 7.94854e-16
7140.76 7.95199e-16
7142.22 7.93852e-16
7143.68 7.83905e-16
7145.14 7.82305e-16
7146.6 7.86515e-16
7148.06 7.89929e-16
7149.52 7.84081e-16
7150.98 7.72438e-16
7152.44 7.6734e-16
7153.9 7.65003e-16
7155.36 7.60941e-16
7156.82 7.54047e-16
7158.28 7.49354e-16
7159.74 7.49373e-16
7161.2 7.56197e-16
7162.66 7.54682e-16
7164.12 7.5443e-16
7165.58 7.51417e-16
7167.04 7.42952e-16
7168.5 7.39378e-16
7169.96 7.42189e-16
7171.42 7.49179e-16
7172.88 7.58593e-16
7174.34 7.66868e-16
7175.8 7.66895e-16
7177.26 7.63405e-16
7178.72 7.60225e-16
7180.18 7.68677e-16
7181.64 7.70013e-16
7183.1 7.66498e-16
7184.56 7.60103e-16
7186.02 7.5759e-16
7187.48 7.55116e-16
7188.94 7.49567e-16
7190.4 7.41593e-16
7191.86 7.42984e-16
7193.32 7.39555e-16
7194.78 7.33516e-16
7196.24 7.26398e-16
7197.7 7.22265e-16
7199.16 7.20776e-16
7200.62 7.18714e-16
7202.08 7.1509e-16
7203.54 7.09502e-16
7205 7.0522e-16
7206.45 7.00096e-16
7207.91 6.95581e-16
7209.37 6.98998e-16
7210.83 7.03468e-16
7212.29 7.0693e-16
7213.75 7.08146e-16
7215.21 7.04587e-16
7216.67 6.95826e-16
7218.13 6.91712e-16
7219.59 6.9432e-16
7221.05 7.04746e-16
7222.51 7.0403e-16
7223.97 6.98303e-16
7225.43 6.92918e-16
7226.89 6.97244e-16
7228.35 6.9723e-16
7229.81 6.96338e-16
7231.27 6.94019e-16
7232.73 6.88725e-16
7234.19 6.75667e-16
7235.65 6.62826e-16
7237.11 6.51253e-16
7238.57 6.41669e-16
7240.03 6.3906e-16
7241.49 6.35088e-16
7242.95 6.31001e-16
7244.41 6.28846e-16
7245.87 6.40378e-16
7247.33 6.50554e-16
7248.79 6.53033e-16
7250.25 6.41595e-16
7251.71 6.28098e-16
7253.17 6.2577e-16
7254.63 6.29968e-16
7256.09 6.36234e-16
7257.55 6.32393e-16
7259.01 6.24596e-16
7260.47 6.19145e-16
7261.93 6.20411e-16
7263.39 6.17284e-16
7264.85 6.1372e-16
7266.31 6.15556e-16
7267.77 6.24539e-16
7269.23 6.09917e-16
7270.69 5.96714e-16
7272.14 5.92182e-16
7273.6 5.98739e-16
7275.06 5.96164e-16
7276.52 5.94129e-16
7277.98 5.92454e-16
7279.44 5.9107e-16
7280.9 5.90047e-16
7282.36 5.86943e-16
7283.82 5.83054e-16
7285.28 5.79706e-16
7286.74 5.81757e-16
7288.2 5.77676e-16
7289.66 5.66994e-16
7291.12 5.53802e-16
7292.58 5.59903e-16
7294.04 5.64281e-16
7295.5 5.62758e-16
7296.96 5.58035e-16
7298.42 5.66621e-16
7299.88 5.6826e-16
7301.34 5.68587e-16
7302.8 5.68957e-16
7304.26 5.69282e-16
7305.72 5.61369e-16
7307.18 5.55514e-16
7308.64 5.56373e-16
7310.1 5.71583e-16
7311.56 5.72795e-16
7313.02 5.70988e-16
7314.48 5.67978e-16
7315.94 5.63729e-16
7317.4 5.67059e-16
7318.86 5.6539e-16
7320.32 5.59867e-16
7321.78 5.55797e-16
7323.24 5.51537e-16
7324.7 5.45414e-16
7326.16 5.42234e-16
7327.62 5.50566e-16
7329.08 5.52111e-16
7330.54 5.46351e-16
7332 5.38296e-16
7333.46 5.35126e-16
7334.92 5.4211e-16
7336.38 5.41731e-16
7337.84 5.38048e-16
7339.29 5.36935e-16
7340.75 5.33388e-16
7342.21 5.35838e-16
7343.67 5.41079e-16
7345.13 5.45359e-16
7346.59 5.5761e-16
7348.05 5.53144e-16
7349.51 5.44203e-16
7350.97 5.42572e-16
7352.43 5.49466e-16
7353.89 5.44566e-16
7355.35 5.4032e-16
7356.81 5.46332e-16
7358.27 5.49822e-16
7359.73 5.43989e-16
7361.19 5.34921e-16
7362.65 5.26919e-16
7364.11 5.22187e-16
7365.57 5.20714e-16
7367.03 5.19398e-16
7368.49 5.16115e-16
7369.95 5.07356e-16
