3446.87	1.54294e-15
3448.33	1.4815e-15
3449.79	1.34832e-15
3451.25	9.54905e-16
3452.71	2.8947e-17
3454.17	6.3925e-16
3455.63	8.94822e-16
3457.09	1.19364e-15
3458.55	1.77597e-15
3460.01	1.65801e-15
3461.47	1.54001e-15
3462.93	1.42197e-15
3464.39	1.30389e-15
3465.85	1.18576e-15
3467.31	1.06759e-15
3468.77	1.06778e-15
3470.23	8.27551e-16
3471.69	5.7364e-16
3473.15	8.44579e-16
3474.61	1.45946e-15
3476.07	5.22217e-16
3477.53	-2.01002e-17
3478.99	2.95564e-16
3480.45	7.42921e-16
3481.91	5.34643e-16
3483.37	1.31894e-15
3484.83	1.13908e-15
3486.29	4.15675e-16
3487.75	7.33901e-16
3489.21	1.5947e-16
3490.67	5.21666e-16
3492.13	1.24317e-15
3493.58	6.1926e-16
3495.04	1.30887e-16
3496.5	3.35111e-17
3497.96	2.51899e-16
3499.42	7.55581e-16
3500.88	1.26509e-15
3502.34	5.88567e-16
3503.8	3.60383e-16
3505.26	1.05479e-15
3506.72	9.97674e-16
3508.18	1.10565e-15
3509.64	8.64592e-16
3511.1	1.40153e-15
3512.56	5.12525e-16
3514.02	-3.80095e-16
3515.48	6.70186e-16
3516.94	6.12759e-16
3518.4	2.35777e-16
3519.86	1.05644e-15
3521.32	9.03754e-16
3522.78	7.20628e-16
3524.24	1.05253e-15
3525.7	7.08216e-16
3527.16	1.38407e-15
3528.62	4.15169e-16
3530.08	8.0623e-16
3531.54	8.50606e-16
3533	6.28844e-16
3534.46	2.4714e-16
3535.92	3.75945e-16
3537.38	1.68159e-15
3538.84	2.2563e-15
3540.3	9.93822e-16
3541.76	-8.15709e-17
3543.22	8.28106e-16
3544.68	8.15444e-16
3546.14	7.53285e-16
3547.6	4.43056e-16
3549.06	9.03319e-16
3550.52	1.06028e-15
3551.98	6.0147e-16
3553.44	7.27681e-16
3554.9	6.87949e-16
3556.36	4.95913e-16
3557.82	6.03184e-16
3559.27	1.06288e-15
3560.73	1.80513e-15
3562.19	8.35024e-16
3563.65	5.98392e-16
3565.11	1.13633e-15
3566.57	1.70382e-15
3568.03	2.00795e-15
3569.49	1.81589e-15
3570.95	1.40365e-15
3572.41	1.54987e-15
3573.87	9.4587e-16
3575.33	6.0107e-16
3576.79	3.0885e-16
3578.25	5.29388e-16
3579.71	6.54742e-16
3581.17	9.26747e-16
3582.63	8.56994e-16
3584.09	1.0458e-15
3585.55	1.44081e-15
3587.01	1.51944e-15
3588.47	5.78522e-16
3589.93	3.50506e-16
3591.39	8.76936e-16
3592.85	3.6248e-16
3594.31	2.71106e-16
3595.77	-4.47857e-17
3597.23	2.44139e-16
3598.69	9.67366e-16
3600.15	4.03047e-16
3601.61	1.2152e-15
3603.07	1.10536e-15
3604.53	9.63161e-16
3605.99	8.34459e-17
3607.45	2.14568e-16
3608.91	6.08598e-16
3610.37	9.23607e-16
3611.83	1.1898e-15
3613.29	9.38911e-16
3614.75	3.89513e-16
3616.21	5.3393e-16
3617.67	5.96869e-16
3619.13	1.05721e-15
3620.59	9.90177e-16
3622.05	1.2137e-15
3623.51	6.92433e-16
3624.97	7.17258e-16
3626.43	5.80121e-16
3627.88	-8.59888e-17
3629.34	-2.639e-16
3630.8	1.14825e-15
3632.26	1.08522e-15
3633.72	-1.94714e-17
3635.18	-3.46929e-16
3636.64	3.26212e-16
3638.1	7.76352e-16
3639.56	3.69719e-16
3641.02	1.62351e-16
3642.48	5.71014e-16
3643.94	2.07206e-16
3645.4	4.02691e-17
3646.86	5.77891e-16
3648.32	8.75645e-16
3649.78	8.16202e-16
3651.24	7.13526e-16
3652.7	2.77188e-16
3654.16	-2.19225e-17
3655.62	-2.26614e-16
3657.08	4.31831e-16
3658.54	7.84043e-16
3660	2.86826e-16
3661.46	1.88444e-16
3662.92	7.21107e-16
3664.38	3.54213e-16
3665.84	-7.13377e-17
3667.3	-5.01782e-17
3668.76	7.92663e-16
3670.22	6.68809e-16
3671.68	6.13177e-16
3673.14	8.68354e-16
3674.6	4.99953e-16
3676.06	2.56874e-16
3677.52	1.99228e-17
3678.98	6.17896e-18
3680.44	6.88211e-16
3681.9	8.06881e-16
3683.36	8.09508e-16
3684.82	7.92129e-16
3686.28	6.47117e-16
3687.74	-1.251e-16
3689.2	6.8654e-16
3690.66	9.21317e-16
3692.12	6.16916e-16
3693.57	1.24041e-16
3695.03	5.07264e-16
3696.49	7.97792e-16
3697.95	1.04538e-15
3699.41	6.22907e-16
3700.87	3.10859e-16
3702.33	6.47146e-16
3703.79	4.84345e-16
3705.25	4.42949e-16
3706.71	4.01314e-16
3708.17	4.07721e-16
3709.63	4.14131e-16
3711.09	4.17087e-16
3712.55	4.20043e-16
3714.01	4.23001e-16
3715.47	4.2596e-16
3716.93	4.2892e-16
3718.39	4.31881e-16
3719.85	4.34843e-16
3721.31	4.37807e-16
3722.77	4.40771e-16
3724.23	4.43737e-16
3725.69	4.46703e-16
3727.15	4.49672e-16
3728.61	4.52641e-16
3730.07	4.55611e-16
3731.53	4.58582e-16
3732.99	4.61555e-16
3734.45	4.64528e-16
3735.91	4.67503e-16
3737.37	4.70479e-16
3738.83	4.73456e-16
3740.29	4.76435e-16
3741.75	4.79414e-16
3743.21	4.82394e-16
3744.67	4.85376e-16
3746.13	4.8836e-16
3747.59	4.91344e-16
3749.05	5.23207e-16
3750.51	1.01809e-15
3751.97	1.14008e-15
3753.43	9.54377e-16
3754.89	9.01574e-16
3756.35	7.93126e-16
3757.81	8.1882e-16
3759.27	8.87537e-16
3760.72	1.13369e-15
3762.18	8.33151e-16
3763.64	5.76276e-16
3765.1	6.10072e-16
3766.56	5.75212e-16
3768.02	1.00042e-15
3769.48	8.03338e-16
3770.94	5.37426e-16
3772.4	6.88334e-16
3773.86	1.2198e-15
3775.32	1.00687e-15
3776.78	8.76515e-16
3778.24	9.22108e-16
3779.7	8.82029e-16
3781.16	8.97336e-16
3782.62	1.09704e-15
3784.08	5.72712e-16
3785.54	8.35366e-16
3787	6.76122e-16
3788.46	7.16343e-16
3789.92	4.81357e-16
3791.38	8.04987e-16
3792.84	9.52991e-16
3794.3	4.61785e-16
3795.76	5.77267e-16
3797.22	8.41963e-16
3798.68	8.74702e-16
3800.14	1.13369e-15
3801.6	1.13344e-15
3803.06	1.18891e-15
3804.52	1.09347e-15
3805.98	1.30485e-15
3807.44	1.46435e-15
3808.9	1.2229e-15
3810.36	7.54778e-16
3811.82	6.63542e-16
3813.28	8.70239e-16
3814.74	1.08988e-15
3816.2	1.1979e-15
3817.66	1.33498e-15
3819.12	1.48499e-15
3820.58	1.11591e-15
3822.04	5.82364e-16
3823.5	1.10213e-15
3824.96	1.24934e-15
3826.42	1.06935e-15
3827.87	1.30406e-15
3829.33	1.40095e-15
3830.79	1.26281e-15
3832.25	1.07991e-15
3833.71	1.13129e-15
3835.17	9.84343e-16
3836.63	1.08219e-15
3838.09	1.39967e-15
3839.55	1.28327e-15
3841.01	1.12358e-15
3842.47	8.75528e-16
3843.93	9.54631e-16
3845.39	9.25843e-16
3846.85	7.52663e-16
3848.31	1.18439e-15
3849.77	1.13131e-15
3851.23	8.23147e-16
3852.69	9.44604e-16
3854.15	1.01142e-15
3855.61	9.24431e-16
3857.07	8.74581e-16
3858.53	8.60904e-16
3859.99	8.91309e-16
3861.45	1.0187e-15
3862.91	1.07667e-15
3864.37	1.16511e-15
3865.83	5.06121e-16
3867.29	8.56737e-16
3868.75	1.10679e-15
3870.21	1.14279e-15
3871.67	8.64823e-16
3873.13	4.87913e-16
3874.59	6.55363e-16
3876.05	6.94302e-16
3877.51	1.1202e-15
3878.97	9.14071e-16
3880.43	5.32395e-16
3881.89	9.72627e-16
3883.35	8.44652e-16
3884.81	9.49328e-16
3886.27	8.90513e-16
3887.73	9.26137e-16
3889.19	6.45201e-16
3890.65	7.79902e-16
3892.11	1.162e-15
3893.57	9.08443e-16
3895.02	8.61058e-16
3896.48	7.51759e-16
3897.94	8.74697e-16
3899.4	1.14961e-15
3900.86	1.19113e-15
3902.32	7.4207e-16
3903.78	7.55141e-16
3905.24	9.86324e-16
3906.7	1.10046e-15
3908.16	1.00561e-15
3909.62	1.30632e-15
3911.08	1.17996e-15
3912.54	9.2075e-16
3914	8.87323e-16
3915.46	9.57209e-16
3916.92	9.03067e-16
3918.38	7.81575e-16
3919.84	6.99667e-16
3921.3	8.05185e-16
3922.76	9.29114e-16
3924.22	7.29879e-16
3925.68	8.24458e-16
3927.14	8.83659e-16
3928.6	8.65032e-16
3930.06	6.56765e-16
3931.52	6.60483e-16
3932.98	9.31612e-16
3934.44	9.5543e-16
3935.9	7.74443e-16
3937.36	1.10807e-15
3938.82	1.08394e-15
3940.28	8.18629e-16
3941.74	9.35187e-16
3943.2	7.72019e-16
3944.66	7.20038e-16
3946.12	7.93816e-16
3947.58	1.0797e-15
3949.04	1.20247e-15
3950.5	9.4972e-16
3951.96	5.58132e-16
3953.42	8.31422e-16
3954.88	1.02368e-15
3956.34	9.26242e-16
3957.8	1.029e-15
3959.26	9.16553e-16
3960.71	8.66535e-16
3962.17	9.29885e-16
3963.63	8.16648e-16
3965.09	7.47921e-16
3966.55	9.20524e-16
3968.01	8.63928e-16
3969.47	8.22163e-16
3970.93	1.18485e-15
3972.39	9.56631e-16
3973.85	9.16609e-16
3975.31	1.03183e-15
3976.77	8.73674e-16
3978.23	7.9645e-16
3979.69	7.92805e-16
3981.15	5.44941e-16
3982.61	5.07571e-16
3984.07	1.00839e-15
3985.53	8.33881e-16
3986.99	1.06393e-15
3988.45	8.09266e-16
3989.91	7.20546e-16
3991.37	7.43136e-16
3992.83	8.01123e-16
3994.29	9.58161e-16
3995.75	8.38805e-16
3997.21	6.89311e-16
3998.67	7.61328e-16
4000.13	7.43203e-16
4001.59	9.10443e-16
4003.05	9.70785e-16
4004.51	8.47554e-16
4005.97	9.88077e-16
4007.43	8.63938e-16
4008.89	7.3327e-16
4010.35	1.12925e-15
4011.81	7.79364e-16
4013.27	7.83188e-16
4014.73	1.00371e-15
4016.19	7.16881e-16
4017.65	7.24747e-16
4019.11	9.36181e-16
4020.57	8.77544e-16
4022.03	7.12343e-16
4023.49	1.17682e-15
4024.95	8.83062e-16
4026.41	1.14725e-15
4027.87	8.50946e-16
4029.32	7.65432e-16
4030.78	9.84706e-16
4032.24	1.11138e-15
4033.7	1.07479e-15
4035.16	1.08751e-15
4036.62	1.24927e-15
4038.08	1.16173e-15
4039.54	9.8071e-16
4041	1.02738e-15
4042.46	8.51587e-16
4043.92	7.53406e-16
4045.38	7.91567e-16
4046.84	1.12113e-15
4048.3	1.0234e-15
4049.76	9.62312e-16
4051.22	1.03748e-15
4052.68	1.16359e-15
4054.14	1.19381e-15
4055.6	1.1905e-15
4057.06	8.50877e-16
4058.52	9.05856e-16
4059.98	1.07517e-15
4061.44	7.86014e-16
4062.9	6.52951e-16
4064.36	7.21857e-16
4065.82	5.74896e-16
4067.28	4.19666e-16
4068.74	7.11745e-16
4070.2	7.8612e-16
4071.66	7.29245e-16
4073.12	7.4413e-16
4074.58	9.15437e-16
4076.04	8.58964e-16
4077.5	9.32922e-16
4078.96	9.63427e-16
4080.42	8.47774e-16
4081.88	7.7835e-16
4083.34	8.61766e-16
4084.8	9.45383e-16
4086.26	9.12572e-16
4087.72	8.47973e-16
4089.18	7.7249e-16
4090.64	6.8748e-16
4092.1	6.61887e-16
4093.56	7.33828e-16
4095.02	9.12085e-16
4096.47	8.11557e-16
4097.93	8.02738e-16
4099.39	6.46568e-16
4100.85	8.45753e-16
4102.31	6.86924e-16
4103.77	8.45851e-16
4105.23	9.62405e-16
4106.69	8.2782e-16
4108.15	8.34576e-16
4109.61	7.5801e-16
4111.07	5.21376e-16
4112.53	8.23948e-16
4113.99	7.90231e-16
4115.45	7.57689e-16
4116.91	6.92879e-16
4118.37	5.96384e-16
4119.83	6.17003e-16
4121.29	8.03272e-16
4122.75	8.0978e-16
4124.21	7.55574e-16
4125.67	8.24822e-16
4127.13	7.47687e-16
4128.59	3.29792e-16
4130.05	9.71427e-16
4131.51	8.82741e-16
4132.97	9.36106e-16
4134.43	9.10101e-16
4135.89	8.05661e-16
4137.35	1.06415e-15
4138.81	6.06934e-16
4140.27	8.39631e-16
4141.73	8.66586e-16
4143.19	5.71623e-16
4144.65	5.89055e-16
4146.11	5.91666e-16
4147.57	5.58868e-16
4149.03	8.63663e-16
4150.49	7.42762e-16
4151.95	6.4131e-16
4153.41	5.14006e-16
4154.87	5.63815e-16
4156.33	6.53136e-16
4157.79	6.28262e-16
4159.25	7.07586e-16
4160.71	6.78041e-16
4162.16	5.57428e-16
4163.62	7.42387e-16
4165.08	7.11562e-16
4166.54	6.55801e-16
4168	4.174e-16
4169.46	5.94555e-17
4170.92	7.61346e-16
4172.38	5.81847e-16
4173.84	4.92301e-16
4175.3	6.62071e-16
4176.76	7.88432e-16
4178.22	4.98053e-16
4179.68	3.87452e-16
4181.14	7.18326e-16
4182.6	1.03741e-15
4184.06	7.05881e-16
4185.52	3.37638e-16
4186.98	3.79241e-16
4188.44	3.81024e-16
4189.9	6.32863e-16
4191.36	7.47617e-16
4192.82	6.21737e-16
4194.28	5.58628e-16
4195.74	7.022e-16
4197.2	8.02701e-16
4198.66	9.79359e-16
4200.12	6.87715e-16
4201.58	4.65829e-16
4203.04	5.24284e-16
4204.5	7.05561e-16
4205.96	8.49441e-16
4207.42	8.02443e-16
4208.88	6.25415e-16
4210.34	5.56949e-16
4211.8	6.68486e-16
4213.26	7.94429e-16
4214.72	7.15297e-16
4216.18	4.51096e-16
4217.64	4.83348e-16
4219.1	5.83705e-16
4220.56	7.47212e-16
4222.02	7.53799e-16
4223.48	3.57096e-16
4224.94	2.07619e-16
4226.4	5.49152e-16
4227.86	6.57409e-16
4229.31	4.02776e-16
4230.77	5.39135e-16
4232.23	6.8888e-16
4233.69	5.81341e-16
4235.15	5.53361e-16
4236.61	6.84911e-16
4238.07	6.46189e-16
4239.53	4.45096e-16
4240.99	5.03917e-16
4242.45	8.64598e-16
4243.91	8.3191e-16
4245.37	6.79184e-16
4246.83	5.82742e-16
4248.29	6.30671e-16
4249.75	6.1486e-16
4251.21	6.01992e-16
4252.67	6.72522e-16
4254.13	5.83734e-16
4255.59	5.06717e-16
4257.05	5.86252e-16
4258.51	7.06776e-16
4259.97	7.56582e-16
4261.43	5.2301e-16
4262.89	7.25392e-16
4264.35	9.05362e-16
4265.81	8.68788e-16
4267.27	7.80807e-16
4268.73	6.26895e-16
4270.19	5.31675e-16
4271.65	5.81931e-16
4273.11	7.67331e-16
4274.57	6.96499e-16
4276.03	7.98044e-16
4277.49	7.45861e-16
4278.95	6.49629e-16
4280.41	7.28385e-16
4281.87	7.21461e-16
4283.33	7.1932e-16
4284.79	8.4641e-16
4286.25	8.08443e-16
4287.71	9.64314e-16
4289.17	8.22312e-16
4290.63	7.4433e-16
4292.09	6.1014e-16
4293.55	5.37658e-16
4295	7.26229e-16
4296.46	8.21272e-16
4297.92	7.04222e-16
4299.38	8.55861e-16
4300.84	8.49759e-16
4302.3	9.59675e-16
4303.76	8.0647e-16
4305.22	6.26919e-16
4306.68	7.57202e-16
4308.14	8.37005e-16
4309.6	9.5946e-16
4311.06	9.29336e-16
4312.52	8.41297e-16
4313.98	8.48668e-16
4315.44	7.20822e-16
4316.9	6.96137e-16
4318.36	9.40936e-16
4319.82	7.99103e-16
4321.28	7.10121e-16
4322.74	3.84604e-16
4324.2	7.26342e-16
4325.66	1.03911e-15
4327.12	1.08385e-15
4328.58	7.54952e-16
4330.04	9.81978e-16
4331.5	9.94289e-16
4332.96	7.88921e-16
4334.42	7.68752e-16
4335.88	9.74378e-16
4337.34	1.08807e-15
4338.8	1.15231e-15
4340.26	1.14105e-15
4341.72	7.99795e-16
4343.18	9.25604e-16
4344.64	9.09567e-16
4346.1	9.16042e-16
4347.56	9.22522e-16
4349.02	9.29002e-16
4350.48	9.35488e-16
4351.94	9.41975e-16
4353.4	9.48468e-16
4354.86	9.54962e-16
4356.32	9.61461e-16
4357.78	9.67962e-16
4359.24	9.74468e-16
4360.7	9.80978e-16
4362.15	9.87489e-16
4363.61	9.94005e-16
4365.07	1.00052e-15
4366.53	1.00705e-15
4367.99	1.01357e-15
4369.45	1.0201e-15
4370.91	1.02663e-15
4372.37	1.03317e-15
4373.83	1.03971e-15
4375.29	1.04625e-15
4376.75	1.0528e-15
4378.21	1.05934e-15
4379.67	1.0659e-15
4381.13	1.07245e-15
4382.59	1.07901e-15
4384.05	1.02787e-15
4385.51	9.63761e-16
4386.97	1.20778e-15
4388.43	9.93866e-16
4389.89	1.08129e-15
4391.35	1.13204e-15
4392.81	1.003e-15
4394.27	1.1467e-15
4395.73	1.18629e-15
4397.19	1.22439e-15
4398.65	1.31498e-15
4400.11	1.22314e-15
4401.57	1.27685e-15
4403.03	1.20647e-15
4404.49	1.02623e-15
4405.95	9.15501e-16
4407.41	9.52601e-16
4408.87	1.01888e-15
4410.33	1.17144e-15
4411.79	1.27197e-15
4413.25	1.0757e-15
4414.71	1.20776e-15
4416.17	1.06167e-15
4417.63	9.145e-16
4419.09	8.80252e-16
4420.55	1.01508e-15
4422.01	1.03913e-15
4423.47	1.0179e-15
4424.93	8.17049e-16
4426.39	6.87103e-16
4427.84	1.0724e-15
4429.3	1.22254e-15
4430.76	1.26604e-15
4432.22	1.18667e-15
4433.68	9.21282e-16
4435.14	9.86329e-16
4436.6	1.14458e-15
4438.06	1.34832e-15
4439.52	1.26111e-15
4440.98	1.15441e-15
4442.44	1.25755e-15
4443.9	1.28205e-15
4445.36	1.18574e-15
4446.82	1.07896e-15
4448.28	1.21586e-15
4449.74	1.10314e-15
4451.2	1.00163e-15
4452.66	1.08817e-15
4454.12	1.15803e-15
4455.58	8.84015e-16
4457.04	8.18957e-16
4458.5	1.17055e-15
4459.96	1.06484e-15
4461.42	9.99992e-16
4462.88	1.20514e-15
4464.34	1.09701e-15
4465.8	1.02728e-15
4467.26	1.08778e-15
4468.72	9.53627e-16
4470.18	9.87234e-16
4471.64	9.65278e-16
4473.1	1.03996e-15
4474.56	1.09029e-15
4476.02	8.75589e-16
4477.48	8.93582e-16
4478.94	1.00684e-15
4480.4	9.83506e-16
4481.86	9.62695e-16
4483.32	1.00276e-15
4484.78	1.09359e-15
4486.24	1.03369e-15
4487.7	1.0475e-15
4489.16	1.13937e-15
4490.62	9.10728e-16
4492.08	7.80422e-16
4493.54	8.52174e-16
4495	7.56028e-16
4496.46	9.23408e-16
4497.91	9.9165e-16
4499.37	7.73565e-16
4500.83	6.19658e-16
4502.29	7.14876e-16
4503.75	7.7337e-16
4505.21	7.1018e-16
4506.67	7.12096e-16
4508.13	9.07343e-16
4509.59	7.77666e-16
4511.05	7.74276e-16
4512.51	9.18182e-16
4513.97	8.82779e-16
4515.43	7.73712e-16
4516.89	7.08104e-16
4518.35	9.00219e-16
4519.81	9.96883e-16
4521.27	9.60047e-16
4522.73	7.91033e-16
4524.19	7.46386e-16
4525.65	9.34837e-16
4527.11	9.95208e-16
4528.57	7.73398e-16
4530.03	7.02045e-16
4531.49	8.85121e-16
4532.95	9.66318e-16
4534.41	9.11228e-16
4535.87	1.02126e-15
4537.33	7.55862e-16
4538.79	7.64212e-16
4540.25	9.59604e-16
4541.71	8.09516e-16
4543.17	7.95668e-16
4544.63	8.91069e-16
4546.09	8.94489e-16
4547.55	8.89163e-16
4549.01	8.70506e-16
4550.47	7.96058e-16
4551.93	9.84087e-16
4553.39	1.09427e-15
4554.85	8.42066e-16
4556.31	9.71858e-16
4557.77	1.01424e-15
4559.23	9.10707e-16
4560.69	9.75164e-16
4562.15	7.94323e-16
4563.6	5.74266e-16
4565.06	6.01363e-16
4566.52	9.3039e-16
4567.98	8.83402e-16
4569.44	9.92555e-16
4570.9	9.88938e-16
4572.36	7.58223e-16
4573.82	8.74909e-16
4575.28	7.81737e-16
4576.74	7.78174e-16
4578.2	8.1965e-16
4579.66	8.07846e-16
4581.12	7.91715e-16
4582.58	7.4865e-16
4584.04	6.8805e-16
4585.5	8.28906e-16
4586.96	7.52836e-16
4588.42	6.8441e-16
4589.88	6.64981e-16
4591.34	6.5975e-16
4592.8	7.45953e-16
4594.26	7.31318e-16
4595.72	7.00516e-16
4597.18	7.09651e-16
4598.64	9.68656e-16
4600.1	9.40075e-16
4601.56	7.01562e-16
4603.02	6.73033e-16
4604.48	9.21711e-16
4605.94	1.1883e-15
4607.4	8.36383e-16
4608.86	8.72135e-16
4610.32	1.1533e-15
4611.78	1.00037e-15
4613.24	9.41336e-16
4614.7	7.41124e-16
4616.16	8.96381e-16
4617.62	1.1204e-15
4619.08	9.22678e-16
4620.54	7.79661e-16
4622	7.71829e-16
4623.46	8.87233e-16
4624.92	1.05441e-15
4626.38	1.08759e-15
4627.84	1.01732e-15
4629.3	1.05683e-15
4630.75	9.22401e-16
4632.21	9.85257e-16
4633.67	8.79273e-16
4635.13	9.0667e-16
4636.59	8.00659e-16
4638.05	8.47712e-16
4639.51	7.48889e-16
4640.97	8.85262e-16
4642.43	8.44913e-16
4643.89	7.94966e-16
4645.35	8.50059e-16
4646.81	9.31201e-16
4648.27	6.43823e-16
4649.73	6.69821e-16
4651.19	7.70375e-16
4652.65	7.5321e-16
4654.11	6.26615e-16
4655.57	7.74197e-16
4657.03	7.44179e-16
4658.49	8.25196e-16
4659.95	6.5595e-16
4661.41	7.38466e-16
4662.87	8.13806e-16
4664.33	7.78741e-16
4665.79	5.73141e-16
4667.25	5.59916e-16
4668.71	5.57803e-16
4670.17	6.77109e-16
4671.63	5.63338e-16
4673.09	5.28377e-16
4674.55	6.62494e-16
4676.01	8.7953e-16
4677.47	6.09716e-16
4678.93	6.83551e-16
4680.39	8.43646e-16
4681.85	8.85898e-16
4683.31	5.72569e-16
4684.77	5.98464e-16
4686.23	6.03573e-16
4687.69	1.01269e-15
4689.15	9.22308e-16
4690.61	6.95785e-16
4692.07	7.9733e-16
4693.53	8.23286e-16
4694.99	8.01461e-16
4696.44	7.5866e-16
4697.9	6.94896e-16
4699.36	6.34054e-16
4700.82	7.31778e-16
4702.28	7.38536e-16
4703.74	9.67092e-16
4705.2	6.60797e-16
4706.66	8.45196e-16
4708.12	8.52933e-16
4709.58	8.11735e-16
4711.04	8.68676e-16
4712.5	5.60308e-16
4713.96	7.2771e-16
4715.42	7.79832e-16
4716.88	7.04269e-16
4718.34	8.08863e-16
4719.8	8.50454e-16
4721.26	7.48131e-16
4722.72	6.21592e-16
4724.18	9.52376e-16
4725.64	7.50617e-16
4727.1	9.1878e-16
4728.56	9.78858e-16
4730.02	7.48386e-16
4731.48	1.0104e-15
4732.94	7.43292e-16
4734.4	9.04026e-16
4735.86	9.04652e-16
4737.32	6.83049e-16
4738.78	6.75516e-16
4740.24	6.86866e-16
4741.7	9.33268e-16
4743.16	9.98073e-16
4744.62	8.05727e-16
4746.08	7.68633e-16
4747.54	9.1892e-16
4749	6.51079e-16
4750.46	5.55475e-16
4751.92	5.3959e-16
4753.38	9.66741e-16
4754.84	7.70421e-16
4756.3	5.71957e-16
4757.76	8.53944e-16
4759.22	7.81533e-16
4760.68	8.7705e-16
4762.14	8.02608e-16
4763.59	7.85212e-16
4765.05	8.06944e-16
4766.51	7.42839e-16
4767.97	8.83332e-16
4769.43	7.59047e-16
4770.89	7.30095e-16
4772.35	7.89249e-16
4773.81	8.48023e-16
4775.27	6.42233e-16
4776.73	6.45957e-16
4778.19	7.64968e-16
4779.65	8.39748e-16
4781.11	8.94834e-16
4782.57	8.52857e-16
4784.03	7.11948e-16
4785.49	7.88022e-16
4786.95	8.87383e-16
4788.41	8.00083e-16
4789.87	8.86913e-16
4791.33	7.38232e-16
4792.79	7.22962e-16
4794.25	7.27767e-16
4795.71	6.47221e-16
4797.17	6.42232e-16
4798.63	8.88419e-16
4800.09	7.24854e-16
4801.55	8.46762e-16
4803.01	9.71336e-16
4804.47	9.81786e-16
4805.93	7.83884e-16
4807.39	7.57547e-16
4808.85	5.87591e-16
4810.31	5.7884e-16
4811.77	7.05833e-16
4813.23	6.37533e-16
4814.69	4.61942e-16
4816.15	3.98181e-16
4817.61	6.42524e-16
4819.07	6.62057e-16
4820.53	7.36409e-16
4821.99	7.1436e-16
4823.45	7.85765e-16
4824.91	7.5451e-16
4826.37	5.69082e-16
4827.83	6.42473e-16
4829.28	7.71244e-16
4830.74	7.05777e-16
4832.2	5.99918e-16
4833.66	7.14495e-16
4835.12	6.82811e-16
4836.58	5.76434e-16
4838.04	8.61839e-16
4839.5	9.753e-16
4840.96	7.80222e-16
4842.42	6.20872e-16
4843.88	6.31384e-16
4845.34	6.41895e-16
4846.8	6.52416e-16
4848.26	6.62938e-16
4849.72	6.73459e-16
4851.18	6.83986e-16
4852.64	6.94514e-16
4854.1	7.05048e-16
4855.56	7.15582e-16
4857.02	7.26123e-16
4858.48	7.36667e-16
4859.94	7.4721e-16
4861.4	7.5776e-16
4862.86	7.6831e-16
4864.32	7.78866e-16
4865.78	7.89422e-16
4867.24	7.99988e-16
4868.7	8.1055e-16
4870.16	8.21119e-16
4871.62	8.3169e-16
4873.08	8.42262e-16
4874.54	8.52839e-16
4876	8.63416e-16
4877.46	8.74e-16
4878.92	8.84582e-16
4880.38	8.95172e-16
4881.84	8.94777e-16
4883.3	9.0913e-16
4884.76	7.58847e-16
4886.22	9.48217e-16
4887.68	9.48654e-16
4889.14	6.53442e-16
4890.6	8.71738e-16
4892.06	5.60343e-16
4893.52	7.845e-16
4894.98	5.8652e-16
4896.43	7.77814e-16
4897.89	7.18823e-16
4899.35	7.10453e-16
4900.81	9.51126e-16
4902.27	1.16612e-15
4903.73	1.05571e-15
4905.19	9.69308e-16
4906.65	8.57077e-16
4908.11	7.49895e-16
4909.57	8.8371e-16
4911.03	1.01004e-15
4912.49	8.4413e-16
4913.95	9.24588e-16
4915.41	8.46731e-16
4916.87	9.51008e-16
4918.33	8.39239e-16
4919.79	8.06857e-16
4921.25	7.90613e-16
4922.71	1.01258e-15
4924.17	9.38284e-16
4925.63	8.38021e-16
4927.09	8.99631e-16
4928.55	8.98428e-16
4930.01	8.76532e-16
4931.47	7.98454e-16
4932.93	7.89497e-16
4934.39	8.88559e-16
4935.85	9.37189e-16
4937.31	7.46465e-16
4938.77	8.80602e-16
4940.23	7.29533e-16
4941.69	7.37164e-16
4943.15	7.44799e-16
4944.61	7.52435e-16
4946.07	7.6007e-16
4947.53	7.67712e-16
4948.99	7.7535e-16
4950.45	7.82993e-16
4951.91	7.90634e-16
4953.37	7.9828e-16
4954.83	8.05924e-16
4956.29	8.13573e-16
4957.75	8.21222e-16
4959.21	8.28871e-16
4960.67	8.36524e-16
4962.13	8.44176e-16
4963.59	8.51831e-16
4965.04	8.59486e-16
4966.5	8.67144e-16
4967.96	8.74807e-16
4969.42	8.82465e-16
4970.88	8.90128e-16
4972.34	8.97789e-16
4973.8	9.05454e-16
4975.26	9.13118e-16
4976.72	9.20785e-16
4978.18	9.28451e-16
4979.64	1.30446e-15
4981.1	9.04258e-16
4982.56	8.00977e-16
4984.02	9.5872e-16
4985.48	1.07957e-15
4986.94	9.84727e-16
4988.4	1.05484e-15
4989.86	1.05483e-15
4991.32	1.05481e-15
4992.78	1.0548e-15
4994.24	1.05478e-15
4995.7	1.05476e-15
4997.16	1.05475e-15
4998.62	1.05473e-15
5000.08	1.05471e-15
5001.54	1.05469e-15
5003	1.05467e-15
5004.46	1.05465e-15
5005.92	1.05462e-15
5007.38	1.0546e-15
5008.84	1.05458e-15
5010.3	1.05455e-15
5011.76	1.05453e-15
5013.22	1.0545e-15
5014.68	1.05447e-15
5016.14	1.05445e-15
5017.6	1.05442e-15
5019.06	1.05439e-15
5020.52	1.05436e-15
5021.98	1.05433e-15
5023.44	1.0543e-15
5024.9	1.05427e-15
5026.36	9.02934e-16
5027.82	9.90615e-16
5029.28	1.10642e-15
5030.74	9.77611e-16
5032.19	9.50162e-16
5033.65	7.08532e-16
5035.11	1.11916e-15
5036.57	9.87315e-16
5038.03	8.13507e-16
5039.49	8.72256e-16
5040.95	1.01299e-15
5042.41	1.11316e-15
5043.87	1.07344e-15
5045.33	1.04719e-15
5046.79	1.15492e-15
5048.25	1.04094e-15
5049.71	9.91716e-16
5051.17	9.16307e-16
5052.63	1.01817e-15
5054.09	1.05001e-15
5055.55	1.01018e-15
5057.01	9.73097e-16
5058.47	9.33301e-16
5059.93	9.45321e-16
5061.39	1.02504e-15
5062.85	1.01419e-15
5064.31	8.84998e-16
5065.77	9.27568e-16
5067.23	9.78106e-16
5068.69	1.02033e-15
5070.15	9.9855e-16
5071.61	9.65291e-16
5073.07	9.17068e-16
5074.53	9.74714e-16
5075.99	9.6541e-16
5077.45	1.12978e-15
5078.91	9.88509e-16
5080.37	1.0688e-15
5081.83	1.03434e-15
5083.29	1.00678e-15
5084.75	9.35189e-16
5086.21	1.05399e-15
5087.67	1.09461e-15
5089.13	9.08069e-16
5090.59	1.0259e-15
5092.05	1.0824e-15
5093.51	8.44157e-16
5094.97	8.55742e-16
5096.43	1.08587e-15
5097.88	1.14079e-15
5099.34	1.08931e-15
5100.8	1.07513e-15
5102.26	9.76494e-16
5103.72	1.09515e-15
5105.18	1.13756e-15
5106.64	1.00715e-15
5108.1	8.78909e-16
5109.56	1.12192e-15
5111.02	8.09728e-16
5112.48	9.31823e-16
5113.94	7.9328e-16
5115.4	1.04062e-15
5116.86	1.04511e-15
5118.32	1.25948e-15
5119.78	9.86051e-16
5121.24	1.03509e-15
5122.7	1.00032e-15
5124.16	9.25523e-16
5125.62	8.26104e-16
5127.08	9.20929e-16
5128.54	8.29061e-16
5130	1.06523e-15
5131.46	9.38079e-16
5132.92	8.16711e-16
5134.38	7.83435e-16
5135.84	8.89172e-16
5137.3	8.59526e-16
5138.76	1.06474e-15
5140.22	7.97421e-16
5141.68	9.56618e-16
5143.14	1.21792e-15
5144.6	1.0512e-15
5146.06	1.02454e-15
5147.52	9.33056e-16
5148.98	7.89714e-16
5150.44	1.00447e-15
5151.9	1.02608e-15
5153.36	9.30269e-16
5154.82	7.9392e-16
5156.28	1.0308e-15
5157.74	1.0547e-15
5159.2	9.42792e-16
5160.66	1.12557e-15
5162.12	1.02176e-15
5163.58	1.02241e-15
5165.03	9.29516e-16
5166.49	1.04472e-15
5167.95	1.02954e-15
5169.41	9.88027e-16
5170.87	1.02953e-15
5172.33	1.04719e-15
5173.79	9.94128e-16
5175.25	1.0304e-15
5176.71	1.11435e-15
5178.17	1.10956e-15
5179.63	1.09283e-15
5181.09	9.19818e-16
5182.55	1.05115e-15
5184.01	1.09809e-15
5185.47	1.0892e-15
5186.93	1.09569e-15
5188.39	1.18626e-15
5189.85	1.07084e-15
5191.31	9.37355e-16
5192.77	8.47747e-16
5194.23	9.42476e-16
5195.69	1.0588e-15
5197.15	1.12438e-15
5198.61	1.15079e-15
5200.07	1.08761e-15
5201.53	9.16787e-16
5202.99	1.01266e-15
5204.45	1.09876e-15
5205.91	1.09247e-15
5207.37	1.10797e-15
5208.83	1.00104e-15
5210.29	9.65537e-16
5211.75	9.3704e-16
5213.21	9.27163e-16
5214.67	8.99056e-16
5216.13	9.46545e-16
5217.59	8.89256e-16
5219.05	1.00575e-15
5220.51	1.02272e-15
5221.97	8.97352e-16
5223.43	1.15258e-15
5224.89	1.08969e-15
5226.35	1.00359e-15
5227.81	1.15891e-15
5229.27	1.04112e-15
5230.72	9.82363e-16
5232.18	1.07194e-15
5233.64	1.03107e-15
5235.1	1.01158e-15
5236.56	1.07607e-15
5238.02	9.03791e-16
5239.48	9.23619e-16
5240.94	9.45263e-16
5242.4	9.93525e-16
5243.86	9.70835e-16
5245.32	9.9421e-16
5246.78	1.11394e-15
5248.24	1.1626e-15
5249.7	1.10129e-15
5251.16	8.66971e-16
5252.62	8.27785e-16
5254.08	8.10556e-16
5255.54	9.43869e-16
5257	9.37216e-16
5258.46	7.16754e-16
5259.92	7.21238e-16
5261.38	8.37283e-16
5262.84	9.22632e-16
5264.3	9.28332e-16
5265.76	9.7717e-16
5267.22	8.49024e-16
5268.68	8.48193e-16
5270.14	9.77762e-16
5271.6	9.39065e-16
5273.06	9.51166e-16
5274.52	9.35944e-16
5275.98	9.40247e-16
5277.44	1.00694e-15
5278.9	9.84624e-16
5280.36	8.4229e-16
5281.82	8.13128e-16
5283.28	9.01255e-16
5284.74	8.4251e-16
5286.2	7.80187e-16
5287.66	9.22911e-16
5289.12	8.91202e-16
5290.58	7.48779e-16
5292.04	9.09244e-16
5293.5	9.74023e-16
5294.96	9.38808e-16
5296.42	9.14129e-16
5297.87	8.47786e-16
5299.33	9.23131e-16
5300.79	9.1486e-16
5302.25	7.5485e-16
5303.71	7.11458e-16
5305.17	8.99509e-16
5306.63	9.47853e-16
5308.09	8.46796e-16
5309.55	8.9365e-16
5311.01	7.70844e-16
5312.47	7.76811e-16
5313.93	8.85204e-16
5315.39	8.11801e-16
5316.85	9.54431e-16
5318.31	9.35182e-16
5319.77	9.23816e-16
5321.23	7.51283e-16
5322.69	7.05548e-16
5324.15	8.68289e-16
5325.61	8.84948e-16
5327.07	9.82921e-16
5328.53	9.6403e-16
5329.99	8.59368e-16
5331.45	8.09888e-16
5332.91	8.68859e-16
5334.37	8.01614e-16
5335.83	8.79631e-16
5337.29	1.06726e-15
5338.75	1.11838e-15
5340.21	1.05238e-15
5341.67	1.03721e-15
5343.13	9.66856e-16
5344.59	8.34295e-16
5346.05	8.6618e-16
5347.51	8.31047e-16
5348.97	8.64927e-16
5350.43	9.7692e-16
5351.89	9.15216e-16
5353.35	9.08114e-16
5354.81	1.0113e-15
5356.27	8.26922e-16
5357.73	7.42042e-16
5359.19	8.75484e-16
5360.65	9.13584e-16
5362.11	8.75146e-16
5363.56	8.25674e-16
5365.02	6.1825e-16
5366.48	7.55623e-16
5367.94	9.16861e-16
5369.4	1.08886e-15
5370.86	1.02141e-15
5372.32	1.01886e-15
5373.78	9.77757e-16
5375.24	8.28412e-16
5376.7	8.24871e-16
5378.16	7.56342e-16
5379.62	9.59931e-16
5381.08	8.96549e-16
5382.54	8.70441e-16
5384	9.62857e-16
5385.46	7.84928e-16
5386.92	9.62458e-16
5388.38	8.98621e-16
5389.84	6.50277e-16
5391.3	7.26424e-16
5392.76	7.01874e-16
5394.22	7.28229e-16
5395.68	8.35418e-16
5397.14	7.11712e-16
5398.6	7.48955e-16
5400.06	8.14152e-16
5401.52	6.49748e-16
5402.98	8.25576e-16
5404.44	7.86714e-16
5405.9	6.74179e-16
5407.36	6.64637e-16
5408.82	7.60235e-16
5410.28	7.19512e-16
5411.74	6.7365e-16
5413.2	7.78808e-16
5414.66	8.12465e-16
5416.12	8.36e-16
5417.58	6.91647e-16
5419.04	7.509e-16
5420.5	8.98831e-16
5421.96	7.29387e-16
5423.42	6.32859e-16
5424.88	6.25325e-16
5426.34	4.84387e-16
5427.8	4.69387e-16
5429.26	5.31121e-16
5430.71	7.15987e-16
5432.17	5.21113e-16
5433.63	5.11603e-16
5435.09	6.79377e-16
5436.55	6.06535e-16
5438.01	6.60017e-16
5439.47	5.22798e-16
5440.93	3.79523e-16
5442.39	4.37552e-16
5443.85	6.19594e-16
5445.31	4.5944e-16
5446.77	5.15315e-16
5448.23	6.77612e-16
5449.69	6.39658e-16
5451.15	5.63024e-16
5452.61	3.95268e-16
5454.07	4.10527e-16
5455.53	6.04116e-16
5456.99	5.42676e-16
5458.45	6.19348e-16
5459.91	7.67389e-16
5461.37	6.67117e-16
5462.83	5.32359e-16
5464.29	4.59881e-16
5465.75	5.90655e-16
5467.21	6.65182e-16
5468.67	5.05749e-16
5470.13	5.09226e-16
5471.59	5.71943e-16
5473.05	4.74823e-16
5474.51	6.61418e-16
5475.97	7.21448e-16
5477.43	6.40976e-16
5478.89	7.01959e-16
5480.35	4.29898e-16
5481.81	6.04665e-16
5483.27	4.59997e-16
5484.73	5.64306e-16
5486.19	8.35855e-16
5487.65	6.68006e-16
5489.11	7.37169e-16
5490.57	6.27863e-16
5492.03	5.19609e-16
5493.49	5.43214e-16
5494.95	8.55072e-16
5496.41	9.39804e-16
5497.87	7.61364e-16
5499.32	1.02595e-15
5500.78	8.36994e-16
5502.24	6.20898e-16
5503.7	7.12785e-16
5505.16	5.81139e-16
5506.62	6.92956e-16
5508.08	6.67958e-16
5509.54	7.16398e-16
5511	7.14318e-16
5512.46	6.79228e-16
5513.92	7.05077e-16
5515.38	7.14648e-16
5516.84	8.24488e-16
5518.3	7.54523e-16
5519.76	6.06512e-16
5521.22	7.48874e-16
5522.68	6.6139e-16
5524.14	7.11054e-16
5525.6	6.50123e-16
5527.06	7.5241e-16
5528.52	9.28496e-16
5529.98	9.17971e-16
5531.44	8.20226e-16
5532.9	8.29321e-16
5534.36	8.03245e-16
5535.82	8.4586e-16
5537.28	1.01764e-15
5538.74	1.0387e-15
5540.2	7.83117e-16
5541.66	5.9279e-16
5543.12	6.67361e-16
5544.58	8.6327e-16
5546.04	8.6424e-16
5547.5	6.86998e-16
5548.96	7.45405e-16
5550.42	7.81354e-16
5551.88	7.0022e-16
5553.34	6.81767e-16
5554.8	5.93e-16
5556.26	5.90516e-16
5557.72	7.60422e-16
5559.18	7.24519e-16
5560.64	6.77461e-16
5562.1	8.53491e-16
5563.56	8.96154e-16
5565.02	8.48062e-16
5566.47	8.3474e-16
5567.93	7.79031e-16
5569.39	7.54841e-16
5570.85	7.84933e-16
5572.31	7.49659e-16
5573.77	7.10832e-16
5575.23	7.22817e-16
5576.69	7.79942e-16
5578.15	8.33431e-16
5579.61	7.80392e-16
5581.07	7.14809e-16
5582.53	8.42351e-16
5583.99	9.44047e-16
5585.45	8.34509e-16
5586.91	7.42331e-16
5588.37	7.42707e-16
5589.83	8.00964e-16
5591.29	8.37293e-16
5592.75	9.15663e-16
5594.21	8.637e-16
5595.67	8.35428e-16
5597.13	7.8086e-16
5598.59	8.44047e-16
5600.05	7.19756e-16
5601.51	6.76049e-16
5602.97	7.19471e-16
5604.43	6.20916e-16
5605.89	7.05811e-16
5607.35	1.00661e-15
5608.81	7.82842e-16
5610.27	7.57785e-16
5611.73	9.19046e-16
5613.19	7.33806e-16
5614.65	7.40982e-16
5616.11	7.41717e-16
5617.57	7.49914e-16
5619.03	7.6553e-16
5620.49	7.80444e-16
5621.95	7.48163e-16
5623.41	7.62999e-16
5624.87	7.49349e-16
5626.33	8.62418e-16
5627.79	7.12299e-16
5629.25	7.69208e-16
5630.71	8.84291e-16
5632.16	9.37451e-16
5633.62	8.384e-16
5635.08	8.17421e-16
5636.54	6.60505e-16
5638	8.16865e-16
5639.46	1.00084e-15
5640.92	8.54354e-16
5642.38	7.77337e-16
5643.84	8.92216e-16
5645.3	9.81947e-16
5646.76	8.78199e-16
5648.22	7.60214e-16
5649.68	7.72535e-16
5651.14	9.78596e-16
5652.6	1.05061e-15
5654.06	8.2668e-16
5655.52	7.55933e-16
5656.98	8.60846e-16
5658.44	8.22127e-16
5659.9	7.89361e-16
5661.36	7.43816e-16
5662.82	7.77958e-16
5664.28	8.69761e-16
5665.74	8.23283e-16
5667.2	7.83817e-16
5668.66	8.15557e-16
5670.12	8.83363e-16
5671.58	8.39933e-16
5673.04	7.5531e-16
5674.5	8.17896e-16
5675.96	1.05378e-15
5677.42	8.61176e-16
5678.88	8.07932e-16
5680.34	7.12448e-16
5681.8	8.02534e-16
5683.26	8.63992e-16
5684.72	7.91109e-16
5686.18	7.60573e-16
5687.64	7.95939e-16
5689.1	6.8937e-16
5690.56	9.08279e-16
5692.02	8.74803e-16
5693.48	8.44182e-16
5694.94	8.65172e-16
5696.4	8.33441e-16
5697.86	6.88576e-16
5699.31	8.53246e-16
5700.77	8.87793e-16
5702.23	7.60507e-16
5703.69	6.46728e-16
5705.15	9.08747e-16
5706.61	7.94566e-16
5708.07	7.03658e-16
5709.53	7.4421e-16
5710.99	6.20672e-16
5712.45	7.84097e-16
5713.91	8.64659e-16
5715.37	8.08847e-16
5716.83	7.91573e-16
5718.29	1.03021e-15
5719.75	9.41891e-16
5721.21	9.13894e-16
5722.67	8.63049e-16
5724.13	8.41668e-16
5725.59	8.20682e-16
5727.05	7.68958e-16
5728.51	8.24704e-16
5729.97	9.75538e-16
5731.43	8.57024e-16
5732.89	8.2042e-16
5734.35	8.4369e-16
5735.81	8.44917e-16
5737.27	8.59488e-16
5738.73	8.32004e-16
5740.19	8.78993e-16
5741.65	9.90777e-16
5743.11	9.42837e-16
5744.57	9.20926e-16
5746.03	7.85011e-16
5747.49	8.37083e-16
5748.95	9.74128e-16
5750.41	9.57924e-16
5751.87	9.81863e-16
5753.33	9.83419e-16
5754.79	1.13719e-15
5756.25	1.12302e-15
5757.71	9.19305e-16
5759.17	9.1233e-16
5760.63	9.62532e-16
5762.09	1.00109e-15
5763.55	7.66565e-16
5765	8.71645e-16
5766.46	9.81256e-16
5767.92	8.21073e-16
5769.38	7.70189e-16
5770.84	7.49358e-16
5772.3	7.88841e-16
5773.76	9.29189e-16
5775.22	9.07445e-16
5776.68	7.61493e-16
5778.14	8.53745e-16
5779.6	1.01444e-15
5781.06	8.86513e-16
5782.52	7.98766e-16
5783.98	7.6662e-16
5785.44	6.99142e-16
5786.9	7.38195e-16
5788.36	7.70872e-16
5789.82	6.14065e-16
5791.28	6.11537e-16
5792.74	8.306e-16
5794.2	7.49779e-16
5795.66	7.13695e-16
5797.12	7.87727e-16
5798.58	7.12469e-16
5800.04	7.34125e-16
5801.5	7.94934e-16
5802.96	7.93841e-16
5804.42	8.12869e-16
5805.88	9.29492e-16
5807.34	9.14449e-16
5808.8	6.90521e-16
5810.26	7.13168e-16
5811.72	7.67844e-16
5813.18	7.23761e-16
5814.64	7.59798e-16
5816.1	6.78222e-16
5817.56	6.82291e-16
5819.02	7.28672e-16
5820.48	7.62319e-16
5821.94	6.71995e-16
5823.4	7.64279e-16
5824.86	8.44678e-16
5826.32	7.07824e-16
5827.78	6.50243e-16
5829.24	6.9706e-16
5830.69	9.20303e-16
5832.15	1.00154e-15
5833.61	8.5447e-16
5835.07	7.11298e-16
5836.53	7.81677e-16
5837.99	8.39986e-16
5839.45	8.68941e-16
5840.91	8.0861e-16
5842.37	8.2296e-16
5843.83	7.04862e-16
5845.29	4.9675e-16
5846.75	7.14459e-16
5848.21	6.44941e-16
5849.67	6.46872e-16
5851.13	6.80002e-16
5852.59	9.89342e-16
5854.05	8.13507e-16
5855.51	6.28623e-16
5856.97	6.5121e-16
5858.43	6.31221e-16
5859.89	7.68103e-16
5861.35	7.44177e-16
5862.81	7.83537e-16
5864.27	8.31258e-16
5865.73	6.97594e-16
5867.19	7.74059e-16
5868.65	8.44322e-16
5870.11	8.32538e-16
5871.57	8.17462e-16
5873.03	6.43845e-16
5874.49	7.66163e-16
5875.95	7.31245e-16
5877.41	8.68561e-16
5878.87	7.53709e-16
5880.33	6.88641e-16
5881.79	6.78747e-16
5883.25	6.1389e-16
5884.71	6.06377e-16
5886.17	6.95779e-16
5887.63	6.93468e-16
5889.09	6.45335e-16
5890.55	7.26375e-16
5892.01	6.31102e-16
5893.47	4.60509e-16
5894.93	7.88168e-16
5896.39	6.99402e-16
5897.84	5.91376e-16
5899.3	4.80137e-16
5900.76	6.77107e-16
5902.22	5.45222e-16
5903.68	3.79666e-16
5905.14	6.22238e-16
5906.6	7.06183e-16
5908.06	6.80107e-16
5909.52	5.14473e-16
5910.98	5.04734e-16
5912.44	6.14905e-16
5913.9	6.8657e-16
5915.36	4.73947e-16
5916.82	4.14574e-16
5918.28	3.91458e-16
5919.74	5.25485e-16
5921.2	5.82817e-16
5922.66	5.97739e-16
5924.12	4.60458e-16
5925.58	4.64035e-16
5927.04	3.55168e-16
5928.5	3.99103e-16
5929.96	4.80375e-16
5931.42	4.06711e-16
5932.88	3.72496e-16
5934.34	5.21171e-16
5935.8	4.7278e-16
5937.26	3.99755e-16
5938.72	4.11233e-16
5940.18	5.37628e-16
5941.64	4.00962e-16
5943.1	4.36007e-16
5944.56	5.86417e-16
5946.02	4.96759e-16
5947.48	4.55372e-16
5948.94	5.14273e-16
5950.4	5.18163e-16
5951.86	4.49074e-16
5953.32	4.65019e-16
5954.78	4.45933e-16
5956.24	5.51967e-16
5957.7	5.84965e-16
5959.16	4.41671e-16
5960.62	5.83001e-16
5962.08	5.7896e-16
5963.54	4.13189e-16
5965	4.39808e-16
5966.46	5.62098e-16
5967.91	5.80589e-16
5969.37	5.37092e-16
5970.83	4.64562e-16
5972.29	5.51992e-16
5973.75	5.57296e-16
5975.21	4.47699e-16
5976.67	5.16548e-16
5978.13	6.43268e-16
5979.59	5.83592e-16
5981.05	4.67217e-16
5982.51	5.24012e-16
5983.97	4.29337e-16
5985.43	3.47838e-16
5986.89	5.6391e-16
5988.35	5.27248e-16
5989.81	4.25377e-16
5991.27	4.935e-16
5992.73	5.97639e-16
5994.19	5.86627e-16
5995.65	4.8492e-16
5997.11	5.20349e-16
5998.57	5.00581e-16
6000.03	4.41172e-16
6001.49	3.8284e-16
6002.95	3.72756e-16
6004.41	3.31771e-16
6005.87	3.90469e-16
6007.33	5.08685e-16
6008.79	4.9654e-16
6010.25	4.6975e-16
6011.71	5.89675e-16
6013.17	5.78773e-16
6014.63	3.95979e-16
6016.09	3.46168e-16
6017.55	5.63093e-16
6019.01	6.25958e-16
6020.47	5.08022e-16
6021.93	4.00134e-16
6023.39	5.84358e-16
6024.85	4.93659e-16
6026.31	5.00727e-16
6027.77	6.64839e-16
6029.23	7.3225e-16
6030.69	4.93896e-16
6032.15	3.10412e-16
6033.6	3.80711e-16
6035.06	5.47223e-16
6036.52	4.75066e-16
6037.98	4.78451e-16
6039.44	6.16126e-16
6040.9	7.25706e-16
6042.36	6.02739e-16
6043.82	4.42327e-16
6045.28	4.69743e-16
6046.74	4.8334e-16
6048.2	5.05632e-16
6049.66	4.84661e-16
6051.12	4.54068e-16
6052.58	5.25934e-16
6054.04	5.09373e-16
6055.5	5.92827e-16
6056.96	5.60678e-16
6058.42	5.06826e-16
6059.88	5.28592e-16
6061.34	4.88704e-16
6062.8	5.65003e-16
6064.26	4.30053e-16
6065.72	5.93193e-16
6067.18	6.43727e-16
6068.64	5.01052e-16
6070.1	6.18869e-16
6071.56	6.75702e-16
6073.02	5.44325e-16
6074.48	6.03821e-16
6075.94	5.2867e-16
6077.4	4.57731e-16
6078.86	4.81798e-16
6080.32	5.63238e-16
6081.78	5.54097e-16
6083.24	5.8674e-16
6084.7	5.52427e-16
6086.16	6.12886e-16
6087.62	6.35708e-16
6089.08	5.88261e-16
6090.54	5.0476e-16
6092	6.36925e-16
6093.46	6.64358e-16
6094.92	5.90534e-16
6096.38	5.22474e-16
6097.84	6.2259e-16
6099.3	6.5359e-16
6100.75	5.78634e-16
6102.21	4.69854e-16
6103.67	5.789e-16
6105.13	6.85547e-16
6106.59	6.99422e-16
6108.05	5.38184e-16
6109.51	5.10805e-16
6110.97	4.33943e-16
6112.43	4.28321e-16
6113.89	5.72829e-16
6115.35	7.33593e-16
6116.81	5.34481e-16
6118.27	6.38027e-16
6119.73	5.2238e-16
6121.19	3.75805e-16
6122.65	5.07504e-16
6124.11	5.07894e-16
6125.57	6.09538e-16
6127.03	5.90158e-16
6128.49	5.98082e-16
6129.95	5.93412e-16
6131.41	5.6649e-16
6132.87	5.17608e-16
6134.33	6.0257e-16
6135.79	5.5598e-16
6137.25	5.13748e-16
6138.71	5.01301e-16
6140.17	4.62914e-16
6141.63	5.64341e-16
6143.09	5.97446e-16
6144.55	5.88539e-16
6146.01	6.46711e-16
6147.47	6.70678e-16
6148.93	6.33328e-16
6150.39	5.01616e-16
6151.85	5.42982e-16
6153.31	6.82051e-16
6154.77	6.04353e-16
6156.23	6.66734e-16
6157.69	6.8766e-16
6159.15	5.11952e-16
6160.61	5.73821e-16
6162.07	5.79019e-16
6163.53	5.69747e-16
6164.99	5.50548e-16
6166.44	6.2382e-16
6167.9	7.77984e-16
6169.36	6.63592e-16
6170.82	5.80816e-16
6172.28	6.09543e-16
6173.74	5.29131e-16
6175.2	4.49186e-16
6176.66	4.40802e-16
6178.12	4.84498e-16
6179.58	5.93745e-16
6181.04	5.50304e-16
6182.5	3.47875e-16
6183.96	3.47799e-16
6185.42	4.99069e-16
6186.88	5.88207e-16
6188.34	5.39e-16
6189.8	4.75682e-16
6191.26	5.24603e-16
6192.72	5.50812e-16
6194.18	4.63791e-16
6195.64	3.30302e-16
6197.1	5.25735e-16
6198.56	6.81544e-16
6200.02	6.13855e-16
6201.48	6.0594e-16
6202.94	5.99798e-16
6204.4	5.37866e-16
6205.86	5.16138e-16
6207.32	5.45917e-16
6208.78	6.43402e-16
6210.24	5.59597e-16
6211.7	5.74403e-16
6213.16	5.49738e-16
6214.62	4.29672e-16
6216.08	4.66199e-16
6217.54	4.50747e-16
6219	4.8611e-16
6220.46	4.82239e-16
6221.92	5.93091e-16
6223.38	6.06794e-16
6224.84	4.97068e-16
6226.3	5.38677e-16
6227.76	5.09661e-16
6229.22	4.95354e-16
6230.68	5.66762e-16
6232.13	5.58873e-16
6233.59	4.60085e-16
6235.05	5.02535e-16
6236.51	5.12241e-16
6237.97	4.58301e-16
6239.43	4.73328e-16
6240.89	4.4213e-16
6242.35	5.19928e-16
6243.81	6.16036e-16
6245.27	6.12241e-16
6246.73	5.28612e-16
6248.19	5.81249e-16
6249.65	5.19481e-16
6251.11	5.57557e-16
6252.57	5.18023e-16
6254.03	5.60524e-16
6255.49	7.47138e-16
6256.95	5.76493e-16
6258.41	5.84475e-16
6259.87	6.08639e-16
6261.33	5.69887e-16
6262.79	4.8398e-16
6264.25	5.02225e-16
6265.71	6.73396e-16
6267.17	4.96806e-16
6268.63	5.10614e-16
6270.09	5.92217e-16
6271.55	5.45344e-16
6273.01	4.83791e-16
6274.47	5.65679e-16
6275.93	5.09118e-16
6277.39	4.9311e-16
6278.85	4.59391e-16
6280.31	4.85476e-16
6281.77	4.92973e-16
6283.23	5.05677e-16
6284.69	4.39841e-16
6286.15	4.41237e-16
6287.61	5.8184e-16
6289.07	5.10367e-16
6290.53	5.14344e-16
6291.99	6.63425e-16
6293.45	5.64766e-16
6294.91	4.59827e-16
6296.37	5.55277e-16
6297.83	5.90226e-16
6299.28	5.26164e-16
6300.74	5.13675e-16
6302.2	5.35213e-16
6303.66	5.71408e-16
6305.12	7.04968e-16
6306.58	5.77541e-16
6308.04	5.24512e-16
6309.5	4.79761e-16
6310.96	4.41335e-16
6312.42	5.72917e-16
6313.88	6.69719e-16
6315.34	6.36457e-16
6316.8	5.44334e-16
6318.26	5.52065e-16
6319.72	4.90257e-16
6321.18	5.53774e-16
6322.64	5.33169e-16
6324.1	4.45183e-16
6325.56	5.45153e-16
6327.02	5.37096e-16
6328.48	4.77127e-16
6329.94	4.77893e-16
6331.4	5.07419e-16
6332.86	5.24155e-16
6334.32	4.36412e-16
6335.78	4.40164e-16
6337.24	5.07623e-16
6338.7	5.80134e-16
6340.16	5.78162e-16
6341.62	5.8513e-16
6343.08	6.4932e-16
6344.54	5.33549e-16
6346	4.64677e-16
6347.46	4.83182e-16
6348.92	5.26642e-16
6350.38	5.18214e-16
6351.84	5.18659e-16
6353.3	4.47374e-16
6354.76	4.86676e-16
6356.22	6.26274e-16
6357.68	5.28375e-16
6359.14	5.17745e-16
6360.6	5.84775e-16
6362.06	5.82897e-16
6363.52	5.85545e-16
6364.97	6.07285e-16
6366.43	6.46977e-16
6367.89	6.08708e-16
6369.35	5.7293e-16
6370.81	5.17103e-16
6372.27	5.51558e-16
6373.73	6.26015e-16
6375.19	5.98289e-16
6376.65	6.90916e-16
6378.11	6.38078e-16
6379.57	5.72809e-16
6381.03	6.36828e-16
6382.49	5.23995e-16
6383.95	5.54592e-16
6385.41	6.64043e-16
6386.87	5.90573e-16
6388.33	5.61781e-16
6389.79	5.69451e-16
6391.25	5.7109e-16
6392.71	5.3645e-16
6394.17	5.2269e-16
6395.63	6.15455e-16
6397.09	5.19047e-16
6398.55	4.8355e-16
6400.01	4.92087e-16
6401.47	5.0934e-16
6402.93	4.52739e-16
6404.39	4.92411e-16
6405.85	5.43714e-16
6407.31	5.51554e-16
6408.77	5.06873e-16
6410.23	5.01913e-16
6411.69	5.65789e-16
6413.15	5.15545e-16
6414.61	4.47068e-16
6416.07	5.1335e-16
6417.53	5.65624e-16
6418.99	5.35215e-16
6420.45	5.73553e-16
6421.91	4.99669e-16
6423.37	4.63322e-16
6424.83	5.44517e-16
6426.29	4.63707e-16
6427.75	4.42835e-16
6429.21	5.271e-16
6430.67	5.12036e-16
6432.13	4.15193e-16
6433.59	5.76756e-16
6435.04	6.11987e-16
6436.5	6.8252e-16
6437.96	5.77217e-16
6439.42	4.78959e-16
6440.88	4.90471e-16
6442.34	5.84957e-16
6443.8	5.15643e-16
6445.26	5.34674e-16
6446.72	5.33826e-16
6448.18	4.87585e-16
6449.64	5.19056e-16
6451.1	5.01153e-16
6452.56	4.14321e-16
6454.02	4.23707e-16
6455.48	4.11579e-16
6456.94	5.0965e-16
6458.4	5.40733e-16
6459.86	5.5264e-16
6461.32	4.47992e-16
6462.78	4.11415e-16
6464.24	5.44703e-16
6465.7	5.25484e-16
6467.16	4.54757e-16
6468.62	5.02668e-16
6470.08	6.7378e-16
6471.54	6.13791e-16
6473	4.66711e-16
6474.46	4.83852e-16
6475.92	5.67792e-16
6477.38	6.41179e-16
6478.84	4.99961e-16
6480.3	4.68935e-16
6481.76	4.69318e-16
6483.22	5.1425e-16
6484.68	5.10246e-16
6486.14	5.63156e-16
6487.6	6.31673e-16
6489.06	4.41416e-16
6490.52	4.40081e-16
6491.98	5.90975e-16
6493.44	5.2426e-16
6494.9	5.11445e-16
6496.36	5.41683e-16
6497.82	5.94648e-16
6499.28	5.90372e-16
6500.74	5.42334e-16
6502.19	5.20254e-16
6503.65	4.97697e-16
6505.11	4.45089e-16
6506.57	4.71786e-16
6508.03	5.56874e-16
6509.49	5.13099e-16
6510.95	4.97013e-16
6512.41	5.41296e-16
6513.87	4.74588e-16
6515.33	5.19088e-16
6516.79	5.40165e-16
6518.25	5.17894e-16
6519.71	4.71377e-16
6521.17	4.09247e-16
6522.63	4.89515e-16
6524.09	4.98602e-16
6525.55	4.69361e-16
6527.01	4.94913e-16
6528.47	5.34016e-16
6529.93	4.69477e-16
6531.39	4.68364e-16
6532.85	4.67252e-16
6534.31	4.6614e-16
6535.77	4.6503e-16
6537.23	4.6392e-16
6538.69	4.62812e-16
6540.15	4.61704e-16
6541.61	4.60598e-16
6543.07	4.59492e-16
6544.53	4.58387e-16
6545.99	4.57284e-16
6547.45	4.56181e-16
6548.91	4.55079e-16
6550.37	4.53978e-16
6551.83	4.52878e-16
6553.29	4.51779e-16
6554.75	4.50681e-16
6556.21	4.49583e-16
6557.67	4.48487e-16
6559.13	4.47392e-16
6560.59	4.46298e-16
6562.05	4.45204e-16
6563.51	4.44111e-16
6564.97	4.4302e-16
6566.43	4.41929e-16
6567.88	4.41302e-16
6569.34	4.40676e-16
6570.8	4.4005e-16
6572.26	4.39425e-16
6573.72	4.388e-16
6575.18	4.38176e-16
6576.64	4.37553e-16
6578.1	4.3693e-16
6579.56	4.36307e-16
6581.02	4.35685e-16
6582.48	4.35064e-16
6583.94	4.34443e-16
6585.4	4.33822e-16
6586.86	4.33202e-16
6588.32	4.32583e-16
6589.78	4.31964e-16
6591.24	4.31346e-16
6592.7	4.30728e-16
6594.16	4.30111e-16
6595.62	4.29494e-16
6597.08	4.28878e-16
6598.54	4.28262e-16
6600	4.27646e-16
6601.46	4.27032e-16
6602.92	4.07137e-16
6604.38	4.00096e-16
6605.84	5.08534e-16
6607.3	4.56332e-16
6608.76	3.60537e-16
6610.22	4.15274e-16
6611.68	4.49512e-16
6613.14	4.58769e-16
6614.6	4.7702e-16
6616.06	3.24489e-16
6617.52	4.41395e-16
6618.98	4.36117e-16
6620.44	3.84574e-16
6621.9	5.09291e-16
6623.36	4.68931e-16
6624.82	4.45111e-16
6626.28	5.02734e-16
6627.74	4.38204e-16
6629.2	4.81833e-16
6630.66	5.0486e-16
6632.12	3.90845e-16
6633.57	2.95439e-16
6635.03	4.00142e-16
6636.49	4.51448e-16
6637.95	4.29521e-16
6639.41	4.5763e-16
6640.87	3.98844e-16
6642.33	4.55081e-16
6643.79	5.68869e-16
6645.25	4.96269e-16
6646.71	4.47012e-16
6648.17	4.11161e-16
6649.63	4.95249e-16
6651.09	5.34483e-16
6652.55	4.3509e-16
6654.01	3.63457e-16
6655.47	4.51375e-16
6656.93	5.58409e-16
6658.39	4.64594e-16
6659.85	4.22853e-16
6661.31	4.13543e-16
6662.77	4.31219e-16
6664.23	4.67892e-16
6665.69	4.39901e-16
6667.15	3.98527e-16
6668.61	4.96176e-16
6670.07	3.99048e-16
6671.53	4.1055e-16
6672.99	4.38769e-16
6674.45	4.35895e-16
6675.91	4.4817e-16
6677.37	5.46627e-16
6678.83	4.16419e-16
6680.29	3.69943e-16
6681.75	4.56216e-16
6683.21	4.30275e-16
6684.67	4.12834e-16
6686.13	4.03657e-16
6687.59	3.4752e-16
6689.05	5.14316e-16
6690.51	4.60845e-16
6691.97	4.85072e-16
6693.43	4.73384e-16
6694.89	4.74949e-16
6696.35	3.99573e-16
6697.81	3.34955e-16
6699.27	3.38081e-16
6700.72	3.41204e-16
6702.18	3.44326e-16
6703.64	3.47444e-16
6705.1	3.50561e-16
6706.56	3.53674e-16
6708.02	3.56785e-16
6709.48	3.59894e-16
6710.94	3.62999e-16
6712.4	3.66103e-16
6713.86	3.7006e-16
6715.32	3.74016e-16
6716.78	3.77966e-16
6718.24	3.81915e-16
6719.7	3.8586e-16
6721.16	3.89801e-16
6722.62	3.93739e-16
6724.08	3.97674e-16
6725.54	4.01606e-16
6727	4.05534e-16
6728.46	4.0946e-16
6729.92	4.13382e-16
6731.38	4.17302e-16
6732.84	4.21218e-16
6734.3	4.2513e-16
6735.76	4.29042e-16
6737.22	4.32948e-16
6738.68	4.36852e-16
6740.14	4.40752e-16
6741.6	4.44649e-16
6743.06	4.48543e-16
6744.52	4.52434e-16
6745.98	4.56323e-16
6747.44	4.60207e-16
6748.9	4.64089e-16
6750.36	4.67966e-16
6751.82	4.83261e-16
6753.28	4.14612e-16
6754.74	3.88443e-16
6756.2	5.16862e-16
6757.66	4.59592e-16
6759.12	4.10277e-16
6760.58	4.43132e-16
6762.04	4.84778e-16
6763.5	4.53538e-16
6764.96	3.85305e-16
6766.41	4.11996e-16
6767.87	4.87812e-16
6769.33	4.65553e-16
6770.79	3.32215e-16
6772.25	3.52435e-16
6773.71	4.55131e-16
6775.17	4.69715e-16
6776.63	4.46131e-16
6778.09	4.75217e-16
6779.55	5.05333e-16
6781.01	4.61071e-16
6782.47	3.64797e-16
6783.93	3.51249e-16
6785.39	4.85032e-16
6786.85	4.02684e-16
6788.31	3.22936e-16
6789.77	4.46349e-16
6791.23	4.62124e-16
6792.69	4.50823e-16
6794.15	4.35333e-16
6795.61	4.42486e-16
6797.07	4.33563e-16
6798.53	4.04824e-16
6799.99	3.97189e-16
6801.45	4.46958e-16
6802.91	4.96551e-16
6804.37	4.73542e-16
6805.83	4.80982e-16
6807.29	3.95147e-16
6808.75	4.85891e-16
6810.21	5.38652e-16
6811.67	4.84006e-16
6813.13	4.07772e-16
6814.59	3.45864e-16
6816.05	4.34625e-16
6817.51	4.83645e-16
6818.97	4.03865e-16
6820.43	5.08134e-16
6821.89	5.0229e-16
6823.35	3.13977e-16
6824.81	3.75165e-16
6826.27	4.28576e-16
6827.73	4.92135e-16
6829.19	5.46816e-16
6830.65	4.75828e-16
6832.11	4.38793e-16
6833.56	4.6008e-16
6835.02	4.57236e-16
6836.48	4.8612e-16
6837.94	3.91141e-16
6839.4	4.44763e-16
6840.86	5.14172e-16
6842.32	4.43394e-16
6843.78	4.45887e-16
6845.24	4.67793e-16
6846.7	4.74604e-16
6848.16	5.33139e-16
6849.62	4.11764e-16
6851.08	3.12651e-16
6852.54	3.7798e-16
6854	4.90749e-16
6855.46	4.51973e-16
6856.92	4.44131e-16
6858.38	4.67189e-16
6859.84	4.40382e-16
6861.3	3.79204e-16
6862.76	3.77519e-16
6864.22	3.44422e-16
6865.68	4.20533e-16
6867.14	4.2374e-16
6868.6	3.30261e-16
6870.06	4.22812e-16
6871.52	4.04279e-16
6872.98	4.44964e-16
6874.44	4.36514e-16
6875.9	3.98916e-16
6877.36	3.49168e-16
6878.82	4.17175e-16
6880.28	4.31324e-16
6881.74	4.30475e-16
6883.2	4.78716e-16
6884.66	4.03228e-16
6886.12	4.51594e-16
6887.58	4.46944e-16
6889.04	4.80962e-16
6890.5	3.98664e-16
6891.96	4.41515e-16
6893.42	3.91494e-16
6894.88	3.88051e-16
6896.34	3.96204e-16
6897.8	4.19809e-16
6899.26	3.81785e-16
6900.71	3.81039e-16
6902.17	5.3701e-16
6903.63	5.52326e-16
6905.09	3.90575e-16
6906.55	3.60981e-16
6908.01	3.66626e-16
6909.47	3.69838e-16
6910.93	3.95451e-16
6912.39	4.24273e-16
6913.85	4.37045e-16
6915.31	4.13125e-16
6916.77	3.84293e-16
6918.23	4.75393e-16
6919.69	4.24777e-16
6921.15	4.41369e-16
6922.61	4.62252e-16
6924.07	4.68632e-16
6925.53	4.30522e-16
6926.99	4.34881e-16
6928.45	4.75473e-16
6929.91	5.02577e-16
6931.37	4.17015e-16
6932.83	3.71459e-16
6934.29	3.55901e-16
6935.75	3.80948e-16
6937.21	4.0215e-16
6938.67	3.97534e-16
6940.13	4.00165e-16
6941.59	3.69065e-16
6943.05	3.80782e-16
6944.51	3.81849e-16
6945.97	4.12976e-16
6947.43	3.80985e-16
6948.89	3.87987e-16
6950.35	4.09532e-16
6951.81	4.08043e-16
6953.27	3.88949e-16
6954.73	4.49044e-16
6956.19	4.26424e-16
6957.65	3.3357e-16
6959.11	4.35261e-16
6960.57	3.83076e-16
6962.03	3.31312e-16
6963.49	3.39645e-16
6964.95	4.35233e-16
6966.41	4.41068e-16
6967.87	3.9892e-16
6969.32	3.52338e-16
6970.78	4.18063e-16
6972.24	4.60236e-16
6973.7	4.21888e-16
6975.16	4.76653e-16
6976.62	4.05765e-16
6978.08	3.29987e-16
6979.54	4.43007e-16
6981	4.08247e-16
6982.46	3.71726e-16
6983.92	4.42533e-16
6985.38	3.95348e-16
6986.84	4.07471e-16
6988.3	3.82874e-16
6989.76	4.17183e-16
6991.22	4.72692e-16
6992.68	4.61491e-16
6994.14	4.08371e-16
6995.6	3.65512e-16
6997.06	4.29474e-16
6998.52	3.8762e-16
6999.98	3.52597e-16
7001.44	3.30904e-16
7002.9	4.02497e-16
7004.36	3.94379e-16
7005.82	2.92053e-16
7007.28	3.7108e-16
7008.74	4.25513e-16
7010.2	4.21277e-16
7011.66	3.84179e-16
7013.12	3.42647e-16
7014.58	3.9684e-16
7016.04	3.91993e-16
7017.5	3.4759e-16
7018.96	3.43606e-16
7020.42	3.49403e-16
7021.88	3.50001e-16
7023.34	3.61348e-16
7024.8	4.04431e-16
7026.26	3.73128e-16
7027.72	3.3925e-16
7029.18	3.85651e-16
7030.64	3.64286e-16
7032.1	3.66413e-16
7033.56	4.00882e-16
7035.01	3.99307e-16
7036.47	4.45358e-16
7037.93	4.36051e-16
7039.39	3.63859e-16
7040.85	3.83994e-16
7042.31	4.18574e-16
7043.77	4.43032e-16
7045.23	4.18338e-16
7046.69	3.36648e-16
7048.15	3.08368e-16
7049.61	3.31382e-16
7051.07	3.44057e-16
7052.53	3.74634e-16
7053.99	4.1916e-16
7055.45	4.54784e-16
7056.91	4.57842e-16
7058.37	4.27295e-16
7059.83	4.0676e-16
7061.29	3.78026e-16
7062.75	3.59321e-16
7064.21	3.4711e-16
7065.67	3.4626e-16
7067.13	3.55995e-16
7068.59	3.04489e-16
7070.05	3.19972e-16
7071.51	3.93242e-16
7072.97	3.83466e-16
7074.43	4.12746e-16
7075.89	3.58774e-16
7077.35	3.05453e-16
7078.81	4.02942e-16
7080.27	4.65061e-16
7081.73	4.20412e-16
7083.19	3.81396e-16
7084.65	3.74184e-16
7086.11	3.33338e-16
7087.57	3.04014e-16
7089.03	3.13312e-16
7090.49	2.70675e-16
7091.95	3.13882e-16
7093.41	3.87839e-16
7094.87	3.53166e-16
7096.33	4.08315e-16
7097.79	4.073e-16
7099.25	3.93623e-16
7100.71	4.21871e-16
7102.16	4.26125e-16
7103.62	3.62957e-16
7105.08	3.16298e-16
7106.54	3.82251e-16
7108	4.20908e-16
7109.46	4.06537e-16
7110.92	4.61371e-16
7112.38	4.21045e-16
7113.84	3.69769e-16
7115.3	4.33781e-16
7116.76	3.78921e-16
7118.22	3.52561e-16
7119.68	3.79263e-16
7121.14	3.41632e-16
7122.6	3.72562e-16
7124.06	4.31851e-16
7125.52	3.92768e-16
7126.98	4.06006e-16
7128.44	3.76389e-16
7129.9	3.9561e-16
7131.36	4.09957e-16
7132.82	3.18986e-16
7134.28	3.44763e-16
7135.74	3.8457e-16
7137.2	3.41949e-16
7138.66	4.64058e-16
7140.12	3.722e-16
7141.58	3.17001e-16
7143.04	3.13548e-16
7144.5	3.10863e-16
7145.96	3.74385e-16
7147.42	4.25926e-16
7148.88	3.91035e-16
7150.34	2.48064e-16
7151.8	3.22577e-16
7153.26	4.02447e-16
7154.72	3.47689e-16
7156.18	3.07058e-16
7157.64	3.40776e-16
7159.1	3.55695e-16
7160.56	4.35055e-16
7162.02	4.70148e-16
7163.48	3.67692e-16
7164.94	3.3906e-16
7166.4	3.85184e-16
7167.85	3.73407e-16
7169.31	3.26305e-16
7170.77	3.80808e-16
7172.23	3.49803e-16
7173.69	3.23429e-16
7175.15	3.60891e-16
7176.61	3.76874e-16
7178.07	3.63778e-16
7179.53	3.1654e-16
7180.99	3.3974e-16
7182.45	4.05804e-16
7183.91	3.69721e-16
7185.37	3.25761e-16
7186.83	3.22299e-16
7188.29	3.97723e-16
7189.75	5.05628e-16
7191.21	3.38812e-16
7192.67	3.11881e-16
7194.13	5.03928e-16
7195.59	4.22729e-16
7197.05	3.28666e-16
7198.51	3.80372e-16
7199.97	3.03566e-16
7201.43	2.96649e-16
7202.89	4.21084e-16
7204.35	3.6795e-16
7205.81	3.00032e-16
7207.27	2.96741e-16
7208.73	3.50376e-16
7210.19	3.81378e-16
7211.65	3.21381e-16
7213.11	3.07396e-16
7214.57	3.60707e-16
7216.03	2.70878e-16
7217.49	2.5536e-16
7218.95	4.09256e-16
7220.41	4.402e-16
7221.87	3.63226e-16
7223.33	2.92416e-16
7224.79	2.9877e-16
7226.25	3.34754e-16
7227.71	4.66659e-16
7229.17	4.20095e-16
7230.63	3.68145e-16
7232.09	2.77265e-16
7233.55	3.69134e-16
7235	2.95439e-16
7236.46	3.1469e-16
7237.92	2.82045e-16
7239.38	2.38271e-16
7240.84	3.1698e-16
7242.3	3.42797e-16
7243.76	3.05472e-16
7245.22	2.8179e-16
7246.68	2.73185e-16
7248.14	3.26943e-16
7249.6	3.33734e-16
7251.06	2.76157e-16
7252.52	3.03464e-16
7253.98	2.52373e-16
7255.44	3.12337e-16
7256.9	2.61922e-16
7258.36	2.48909e-16
7259.82	2.42968e-16
7261.28	1.81928e-16
7262.74	2.32915e-16
7264.2	3.00253e-16
7265.66	2.17218e-16
7267.12	3.36025e-16
7268.58	3.61883e-16
7270.04	3.77624e-16
7271.5	2.94914e-16
7272.96	2.08711e-16
7274.42	3.19735e-16
7275.88	3.88473e-16
7277.34	3.86702e-16
7278.8	3.00371e-16
7280.26	3.13825e-16
7281.72	2.41784e-16
7283.18	1.69186e-16
7284.64	1.55204e-16
7286.1	2.74792e-16
7287.56	2.98788e-16
7289.02	2.77083e-16
7290.48	2.22277e-16
7291.94	9.71161e-17
7293.4	1.08532e-16
7294.86	2.01707e-16
7296.32	2.24003e-16
7297.78	2.30026e-16
7299.24	2.46543e-16
7300.69	3.10161e-16
7302.15	2.51215e-16
7303.61	2.37137e-16
7305.07	2.72068e-16
7306.53	2.82558e-16
7307.99	2.43752e-16
7309.45	2.65198e-16
7310.91	2.96417e-16
7312.37	3.41057e-16
7313.83	3.67921e-16
7315.29	3.35066e-16
7316.75	3.00214e-16
7318.21	2.91682e-16
7319.67	2.73989e-16
7321.13	2.59463e-16
7322.59	2.74549e-16
7324.05	2.35941e-16
7325.51	2.54515e-16
7326.97	2.80666e-16
7328.43	3.31182e-16
7329.89	3.80958e-16
7331.35	2.8359e-16
7332.81	3.35132e-16
7334.27	2.46936e-16
7335.73	2.57943e-16
7337.19	2.67019e-16
7338.65	2.5237e-16
7340.11	2.29898e-16
7341.57	1.84851e-16
7343.03	1.31734e-16
7344.49	1.97986e-16
7345.95	2.18285e-16
7347.41	2.84535e-16
7348.87	3.19855e-16
7350.33	2.62252e-16
7351.79	2.58296e-16
7353.25	3.18077e-16
7354.71	2.39698e-16
7356.17	3.04152e-16
7357.63	3.30657e-16
7359.09	3.00218e-16
7360.55	2.75787e-16
