3449.85	1.93429e-16
3451.31	1.9605e-16
3452.77	1.09846e-16
3454.23	-2.182e-17
3455.69	1.92905e-16
3457.15	4.56738e-16
3458.61	3.23005e-16
3460.07	1.93985e-16
3461.53	4.11858e-16
3462.99	2.59352e-16
3464.45	2.00794e-16
3465.91	-2.85287e-17
3467.37	1.62337e-16
3468.83	2.12131e-16
3470.29	2.22265e-16
3471.75	1.58017e-16
3473.21	1.0371e-16
3474.67	6.77744e-17
3476.13	3.53526e-17
3477.59	-4.16291e-17
3479.05	1.20938e-16
3480.51	1.82412e-16
3481.97	1.46801e-16
3483.43	2.00628e-16
3484.89	2.32519e-16
3486.35	7.17496e-17
3487.81	-6.81977e-18
3489.27	3.47553e-16
3490.72	5.34248e-16
3492.18	2.4238e-16
3493.64	8.94559e-17
3495.1	2.38063e-16
3496.56	1.76873e-16
3498.02	3.95966e-17
3499.48	-4.60866e-18
3500.94	1.15912e-17
3502.4	-3.21183e-17
3503.86	-2.30082e-17
3505.32	4.58805e-16
3506.78	3.69788e-16
3508.24	1.74623e-16
3509.7	9.32871e-17
3511.16	2.10146e-17
3512.62	2.54858e-16
3514.08	2.99029e-16
3515.54	2.92947e-16
3517	2.62622e-16
3518.46	1.10663e-16
3519.92	2.48732e-16
3521.38	2.00867e-16
3522.84	1.58344e-16
3524.3	1.71823e-16
3525.76	1.54174e-16
3527.22	2.06127e-17
3528.68	2.4779e-17
3530.14	1.17995e-16
3531.6	1.98593e-16
3533.06	3.05053e-16
3534.52	2.89221e-16
3535.98	1.72484e-16
3537.44	2.29058e-16
3538.9	3.0857e-16
3540.36	1.64785e-16
3541.82	3.36765e-16
3543.28	2.87468e-16
3544.74	3.04665e-17
3546.2	-9.95484e-17
3547.66	-1.01163e-18
3549.12	2.6067e-16
3550.58	4.34719e-16
3552.04	4.39485e-16
3553.5	3.25247e-16
3554.96	1.16243e-16
3556.42	2.33723e-16
3557.87	3.6314e-16
3559.33	1.72972e-16
3560.79	1.20351e-16
3562.25	2.44336e-16
3563.71	5.39076e-17
3565.17	8.00264e-17
3566.63	1.59136e-16
3568.09	2.06433e-16
3569.55	8.0964e-17
3571.01	6.34831e-17
3572.47	1.24981e-16
3573.93	1.29366e-16
3575.39	2.37277e-16
3576.85	2.30659e-16
3578.31	1.71797e-16
3579.77	-7.12034e-18
3581.23	-7.06828e-17
3582.69	1.27212e-16
3584.15	4.92383e-17
3585.61	2.42937e-17
3587.07	1.23452e-16
3588.53	2.66721e-16
3589.99	2.42189e-16
3591.45	1.1481e-16
3592.91	1.71596e-16
3594.37	-3.87169e-17
3595.83	-9.76334e-18
3597.29	2.12427e-16
3598.75	2.49742e-16
3600.21	1.82286e-16
3601.67	4.20159e-16
3603.13	2.49168e-16
3604.59	2.62246e-17
3606.05	1.68488e-16
3607.51	-1.32966e-17
3608.97	2.79148e-17
3610.43	3.41694e-17
3611.89	5.89383e-17
3613.35	-3.78058e-17
3614.81	-2.87207e-17
3616.27	6.58962e-17
3617.73	-9.15374e-17
3619.19	2.86476e-17
3620.65	1.59687e-16
3622.11	7.69042e-17
3623.56	1.56851e-16
3625.02	1.75005e-16
3626.48	7.43603e-17
3627.94	2.76351e-16
3629.4	3.71612e-16
3630.86	2.72472e-16
3632.32	2.41601e-16
3633.78	2.27969e-16
3635.24	1.29436e-16
3636.7	5.81951e-17
3638.16	-5.23465e-17
3639.62	-1.5427e-16
3641.08	-1.71011e-17
3642.54	4.84645e-17
3644	7.12639e-17
3645.46	1.10753e-16
3646.92	2.44144e-16
3648.38	2.02683e-16
3649.84	1.45634e-16
3651.3	1.9711e-16
3652.76	-7.72394e-17
3654.22	4.10295e-17
3655.68	1.75572e-16
3657.14	-8.15777e-18
3658.6	-5.0737e-17
3660.06	3.8083e-17
3661.52	2.38607e-17
3662.98	1.39146e-16
3664.44	-9.27515e-17
3665.9	3.1214e-17
3667.36	1.38486e-16
3668.82	7.27276e-17
3670.28	5.55906e-17
3671.74	7.8697e-17
3673.2	3.31201e-17
3674.66	5.77207e-17
3676.12	7.86112e-17
3677.58	8.08955e-18
3679.04	9.52082e-17
3680.5	1.71083e-16
3681.96	8.42747e-17
3683.42	4.18794e-17
3684.88	1.39514e-16
3686.34	-6.68187e-17
3687.8	8.78317e-17
3689.26	6.70943e-17
3690.71	2.58426e-17
3692.17	1.22565e-16
3693.63	4.5142e-17
3695.09	-7.34855e-18
3696.55	-2.98132e-17
3698.01	9.80516e-17
3699.47	3.20605e-16
3700.93	2.95124e-16
3702.39	1.19168e-16
3703.85	9.73999e-18
3705.31	1.18302e-16
3706.77	2.20145e-16
3708.23	2.1576e-16
3709.69	2.11371e-16
3711.15	2.15566e-16
3712.61	2.19764e-16
3714.07	2.23965e-16
3715.53	2.28168e-16
3716.99	2.32375e-16
3718.45	2.36584e-16
3719.91	2.40797e-16
3721.37	2.45013e-16
3722.83	2.49231e-16
3724.29	2.53454e-16
3725.75	2.57679e-16
3727.21	2.61907e-16
3728.67	2.66138e-16
3730.13	2.70372e-16
3731.59	2.74609e-16
3733.05	2.78849e-16
3734.51	2.83092e-16
3735.97	2.87339e-16
3737.43	2.91589e-16
3738.89	2.95841e-16
3740.35	3.00096e-16
3741.81	3.04355e-16
3743.27	3.08617e-16
3744.73	3.12882e-16
3746.19	3.17149e-16
3747.65	3.2142e-16
3749.11	1.48106e-16
3750.57	5.11909e-17
3752.03	1.72373e-16
3753.49	2.02497e-16
3754.95	2.5355e-16
3756.41	1.98263e-16
3757.86	1.53991e-16
3759.32	-2.5729e-17
3760.78	-1.01064e-18
3762.24	2.2196e-16
3763.7	1.31009e-16
3765.16	1.03521e-16
3766.62	6.30062e-17
3768.08	2.05403e-16
3769.54	4.59656e-17
3771	4.17596e-17
3772.46	6.74473e-17
3773.92	2.67012e-16
3775.38	2.61692e-16
3776.84	6.11816e-17
3778.3	9.96866e-18
3779.76	2.97797e-16
3781.22	2.39284e-16
3782.68	1.97484e-16
3784.14	2.6612e-16
3785.6	2.11669e-16
3787.06	1.6766e-16
3788.52	1.99793e-16
3789.98	2.06326e-16
3791.44	9.74251e-17
3792.9	1.54596e-16
3794.36	2.66893e-16
3795.82	2.52961e-16
3797.28	2.39934e-16
3798.74	2.29884e-16
3800.2	1.70311e-16
3801.66	1.98467e-16
3803.12	1.62597e-16
3804.58	-1.98527e-17
3806.04	4.91309e-17
3807.5	1.62254e-16
3808.96	1.96925e-16
3810.42	1.33033e-16
3811.88	2.16464e-16
3813.34	1.78595e-16
3814.8	1.31053e-16
3816.26	1.17754e-16
3817.72	1.26726e-16
3819.18	1.54319e-16
3820.64	1.30797e-16
3822.1	1.84827e-16
3823.56	2.09913e-16
3825.01	2.23832e-16
3826.47	3.19604e-16
3827.93	2.39594e-16
3829.39	7.00589e-17
3830.85	1.13977e-16
3832.31	1.92152e-16
3833.77	2.36405e-16
3835.23	2.59989e-16
3836.69	1.94181e-16
3838.15	2.06037e-16
3839.61	2.44456e-16
3841.07	2.70945e-16
3842.53	1.53295e-16
3843.99	1.8726e-16
3845.45	3.68452e-16
3846.91	3.01706e-16
3848.37	2.14107e-16
3849.83	1.31009e-16
3851.29	1.20532e-16
3852.75	3.28793e-16
3854.21	3.13718e-16
3855.67	2.78512e-16
3857.13	2.73414e-16
3858.59	2.79639e-16
3860.05	2.15747e-16
3861.51	2.62111e-16
3862.97	3.47029e-16
3864.43	3.63605e-16
3865.89	2.93898e-16
3867.35	2.74555e-16
3868.81	2.23368e-16
3870.27	2.64018e-16
3871.73	3.64543e-16
3873.19	3.8353e-16
3874.65	2.19897e-16
3876.11	2.27671e-16
3877.57	3.98042e-16
3879.03	3.4668e-16
3880.49	4.07274e-16
3881.95	4.68155e-16
3883.41	3.39722e-16
3884.87	4.48389e-16
3886.33	4.64488e-16
3887.79	3.8551e-16
3889.25	2.85377e-16
3890.7	2.15684e-16
3892.16	5.04639e-16
3893.62	5.69879e-16
3895.08	5.2836e-16
3896.54	4.81034e-16
3898	4.20895e-16
3899.46	3.97452e-16
3900.92	3.75033e-16
3902.38	3.82806e-16
3903.84	3.83693e-16
3905.3	3.36564e-16
3906.76	3.02076e-16
3908.22	3.23555e-16
3909.68	3.36415e-16
3911.14	3.56012e-16
3912.6	3.22196e-16
3914.06	3.98255e-16
3915.52	3.63173e-16
3916.98	2.09664e-16
3918.44	2.96897e-16
3919.9	3.81649e-16
3921.36	3.62092e-16
3922.82	2.65746e-16
3924.28	1.87312e-16
3925.74	2.29131e-16
3927.2	3.13351e-16
3928.66	3.93422e-16
3930.12	2.82069e-16
3931.58	1.72927e-16
3933.04	2.21884e-16
3934.5	3.01282e-16
3935.96	3.08966e-16
3937.42	3.22115e-16
3938.88	3.74009e-16
3940.34	3.10042e-16
3941.8	2.52843e-16
3943.26	2.9473e-16
3944.72	3.36001e-16
3946.18	3.67567e-16
3947.64	3.70358e-16
3949.1	2.55123e-16
3950.56	2.55897e-16
3952.02	2.42678e-16
3953.48	2.41704e-16
3954.94	3.24561e-16
3956.4	3.04307e-16
3957.86	3.7508e-16
3959.31	3.28519e-16
3960.77	2.47463e-16
3962.23	2.12285e-16
3963.69	3.77838e-16
3965.15	3.79518e-16
3966.61	2.73277e-16
3968.07	1.97758e-16
3969.53	2.76975e-16
3970.99	3.03857e-16
3972.45	2.31862e-16
3973.91	2.52825e-16
3975.37	2.61e-16
3976.83	3.31646e-16
3978.29	2.72633e-16
3979.75	2.08959e-16
3981.21	2.84641e-16
3982.67	2.79317e-16
3984.13	2.73989e-16
3985.59	2.68656e-16
3987.05	2.6332e-16
3988.51	2.57979e-16
3989.97	2.52634e-16
3991.43	2.47286e-16
3992.89	2.41933e-16
3994.35	2.36575e-16
3995.81	2.31214e-16
3997.27	2.25849e-16
3998.73	2.20479e-16
4000.19	2.15106e-16
4001.65	2.09728e-16
4003.11	2.04346e-16
4004.57	1.9896e-16
4006.03	1.93569e-16
4007.49	1.88175e-16
4008.95	1.82776e-16
4010.41	1.77373e-16
4011.87	1.71966e-16
4013.33	1.72033e-16
4014.79	1.64518e-16
4016.25	2.27515e-16
4017.71	3.45311e-16
4019.17	4.30379e-16
4020.63	2.65361e-16
4022.09	1.96706e-16
4023.55	3.69027e-16
4025	3.46394e-16
4026.46	2.14088e-16
4027.92	3.12956e-16
4029.38	3.36464e-16
4030.84	2.51789e-16
4032.3	2.43136e-16
4033.76	3.13723e-16
4035.22	3.15871e-16
4036.68	2.07817e-16
4038.14	1.5895e-16
4039.6	2.82136e-16
4041.06	3.95653e-16
4042.52	3.53835e-16
4043.98	3.39942e-16
4045.44	3.14372e-16
4046.9	3.22681e-16
4048.36	2.02906e-16
4049.82	2.62791e-16
4051.28	2.55849e-16
4052.74	2.77634e-16
4054.2	2.78891e-16
4055.66	2.49483e-16
4057.12	3.08166e-16
4058.58	2.43018e-16
4060.04	3.32386e-16
4061.5	3.20201e-16
4062.96	1.69124e-16
4064.42	2.84551e-16
4065.88	2.8134e-16
4067.34	3.19866e-16
4068.8	3.94123e-16
4070.26	2.6387e-16
4071.72	1.51769e-16
4073.18	2.72771e-16
4074.64	3.99984e-16
4076.1	3.2747e-16
4077.56	2.98093e-16
4079.02	2.21675e-16
4080.48	1.32051e-16
4081.94	1.73108e-16
4083.4	1.79599e-16
4084.86	1.88965e-16
4086.32	3.03045e-16
4087.78	3.56124e-16
4089.24	2.30675e-16
4090.7	2.0288e-16
4092.15	2.75761e-16
4093.61	2.53231e-16
4095.07	2.85955e-16
4096.53	2.61538e-16
4097.99	3.65032e-16
4099.45	2.86255e-16
4100.91	2.3407e-16
4102.37	2.81384e-16
4103.83	2.92113e-16
4105.29	3.27801e-16
4106.75	2.21845e-16
4108.21	2.03537e-16
4109.67	2.37503e-16
4111.13	1.83068e-16
4112.59	2.20802e-16
4114.05	1.78319e-16
4115.51	2.25377e-16
4116.97	2.45652e-16
4118.43	1.42084e-16
4119.89	2.12894e-16
4121.35	2.72874e-16
4122.81	2.76552e-16
4124.27	2.72073e-16
4125.73	3.15852e-16
4127.19	3.70009e-16
4128.65	3.22808e-16
4130.11	2.71367e-16
4131.57	2.24603e-16
4133.03	2.53469e-16
4134.49	1.70933e-16
4135.95	2.96739e-16
4137.41	3.15044e-16
4138.87	2.97386e-16
4140.33	2.95934e-16
4141.79	2.53746e-16
4143.25	2.80992e-16
4144.71	2.32054e-16
4146.17	2.5835e-16
4147.63	3.15603e-16
4149.09	2.5837e-16
4150.55	2.55951e-16
4152.01	2.53098e-16
4153.47	2.44337e-16
4154.93	2.02723e-16
4156.39	1.44001e-16
4157.85	2.37311e-16
4159.3	3.35089e-16
4160.76	2.87873e-16
4162.22	1.78873e-16
4163.68	2.29133e-16
4165.14	3.6411e-16
4166.6	2.98488e-16
4168.06	2.40439e-16
4169.52	2.03863e-16
4170.98	2.36698e-16
4172.44	1.51686e-16
4173.9	1.83063e-16
4175.36	2.48341e-16
4176.82	2.71797e-16
4178.28	2.66741e-16
4179.74	2.78088e-16
4181.2	3.26883e-16
4182.66	2.5e-16
4184.12	3.06699e-16
4185.58	2.03124e-16
4187.04	1.40942e-16
4188.5	2.70655e-16
4189.96	2.99787e-16
4191.42	3.28517e-16
4192.88	3.1768e-16
4194.34	2.48167e-16
4195.8	2.03042e-16
4197.26	2.54314e-16
4198.72	3.11057e-16
4200.18	3.14037e-16
4201.64	2.75619e-16
4203.1	3.29248e-16
4204.56	3.38938e-16
4206.02	2.40523e-16
4207.48	2.54121e-16
4208.94	2.60089e-16
4210.4	2.29761e-16
4211.86	2.38758e-16
4213.32	2.2219e-16
4214.78	2.61412e-16
4216.24	3.72212e-16
4217.7	3.25493e-16
4219.16	2.56607e-16
4220.62	2.42069e-16
4222.08	2.64809e-16
4223.54	2.70489e-16
4224.99	2.78083e-16
4226.45	2.71048e-16
4227.91	3.14717e-16
4229.37	2.93616e-16
4230.83	1.51483e-16
4232.29	1.09215e-16
4233.75	2.14136e-16
4235.21	1.89871e-16
4236.67	2.21546e-16
4238.13	2.92964e-16
4239.59	2.30671e-16
4241.05	2.17964e-16
4242.51	2.21145e-16
4243.97	2.10565e-16
4245.43	2.54809e-16
4246.89	2.54346e-16
4248.35	2.53479e-16
4249.81	2.476e-16
4251.27	2.2992e-16
4252.73	2.10676e-16
4254.19	2.17541e-16
4255.65	2.18444e-16
4257.11	2.86129e-16
4258.57	2.38359e-16
4260.03	9.38069e-17
4261.49	1.37045e-16
4262.95	2.01651e-16
4264.41	2.4815e-16
4265.87	2.70468e-16
4267.33	2.89403e-16
4268.79	3.05795e-16
4270.25	2.71715e-16
4271.71	2.0725e-16
4273.17	1.97292e-16
4274.63	1.70412e-16
4276.09	2.40787e-16
4277.55	2.26734e-16
4279.01	1.53921e-16
4280.47	2.22193e-16
4281.93	2.2302e-16
4283.39	1.03583e-16
4284.85	1.29722e-16
4286.31	1.86646e-16
4287.77	2.17843e-16
4289.23	1.89013e-16
4290.69	2.10796e-16
4292.14	2.61133e-16
4293.6	2.67433e-16
4295.06	2.23028e-16
4296.52	2.56246e-16
4297.98	2.67569e-16
4299.44	2.92039e-16
4300.9	2.58256e-16
4302.36	2.11621e-16
4303.82	1.60662e-16
4305.28	3.17524e-16
4306.74	2.58643e-16
4308.2	2.39744e-16
4309.66	2.54033e-16
4311.12	2.59407e-16
4312.58	2.23722e-16
4314.04	2.40726e-16
4315.5	2.30261e-16
4316.96	2.53688e-16
4318.42	2.44127e-16
4319.88	2.57672e-16
4321.34	2.25735e-16
4322.8	1.5499e-16
4324.26	2.13389e-16
4325.72	2.35236e-16
4327.18	2.59884e-16
4328.64	3.14866e-16
4330.1	2.43859e-16
4331.56	2.56695e-16
4333.02	3.52634e-16
4334.48	4.23964e-16
4335.94	5.31032e-16
4337.4	4.35152e-16
4338.86	3.58262e-16
4340.32	2.8155e-16
4341.78	2.51881e-16
4343.24	2.48549e-16
4344.7	2.88673e-16
4346.16	2.86888e-16
4347.62	2.85103e-16
4349.08	2.83315e-16
4350.54	2.81525e-16
4352	2.79735e-16
4353.46	2.77942e-16
4354.92	2.76148e-16
4356.38	2.74353e-16
4357.83	2.72556e-16
4359.3	2.70757e-16
4360.75	2.68957e-16
4362.21	2.67154e-16
4363.67	2.6535e-16
4365.13	2.63545e-16
4366.59	2.61738e-16
4368.05	2.5993e-16
4369.51	2.5812e-16
4370.97	2.56309e-16
4372.43	2.54496e-16
4373.89	2.52681e-16
4375.35	2.50865e-16
4376.81	2.49046e-16
4378.27	2.47227e-16
4379.73	2.45406e-16
4381.19	2.43583e-16
4382.65	2.41758e-16
4384.11	3.30582e-16
4385.57	4.25605e-16
4387.03	3.53856e-16
4388.49	3.3999e-16
4389.95	4.90172e-16
4391.41	4.54765e-16
4392.87	3.5856e-16
4394.33	3.6838e-16
4395.79	4.67033e-16
4397.25	4.76344e-16
4398.71	3.40167e-16
4400.17	2.75387e-16
4401.63	3.4469e-16
4403.09	3.7669e-16
4404.55	3.911e-16
4406.01	3.98383e-16
4407.47	4.0294e-16
4408.93	3.61021e-16
4410.39	4.08811e-16
4411.85	4.28359e-16
4413.31	3.11411e-16
4414.77	4.03033e-16
4416.23	3.96766e-16
4417.69	4.3393e-16
4419.15	5.09674e-16
4420.61	4.04828e-16
4422.07	4.97752e-16
4423.53	4.68529e-16
4424.99	3.69374e-16
4426.45	4.15411e-16
4427.9	4.60241e-16
4429.36	5.34724e-16
4430.82	4.97905e-16
4432.28	4.18324e-16
4433.74	4.16151e-16
4435.2	4.51503e-16
4436.66	5.92483e-16
4438.12	5.82031e-16
4439.58	4.70874e-16
4441.04	4.68502e-16
4442.5	4.99998e-16
4443.96	5.44436e-16
4445.42	5.78263e-16
4446.88	4.8045e-16
4448.34	4.77304e-16
4449.8	5.04596e-16
4451.26	5.10135e-16
4452.72	5.27989e-16
4454.18	4.824e-16
4455.64	4.42536e-16
4457.1	5.36462e-16
4458.56	6.53607e-16
4460.02	5.87233e-16
4461.48	5.06709e-16
4462.94	4.69405e-16
4464.4	6.10159e-16
4465.86	5.5813e-16
4467.32	5.201e-16
4468.78	5.82294e-16
4470.24	5.05153e-16
4471.7	5.3723e-16
4473.16	6.20449e-16
4474.62	5.59651e-16
4476.08	6.68131e-16
4477.54	6.54728e-16
4479	5.20866e-16
4480.46	4.92648e-16
4481.92	5.25781e-16
4483.38	5.46533e-16
4484.84	6.1797e-16
4486.3	6.21291e-16
4487.76	5.36856e-16
4489.22	5.42017e-16
4490.68	5.73869e-16
4492.14	5.77086e-16
4493.59	6.26043e-16
4495.05	5.69938e-16
4496.51	5.58454e-16
4497.97	5.56427e-16
4499.43	5.38961e-16
4500.89	5.23792e-16
4502.35	5.15743e-16
4503.81	6.51997e-16
4505.27	5.65282e-16
4506.73	5.60485e-16
4508.19	5.30164e-16
4509.65	5.39384e-16
4511.11	5.86185e-16
4512.57	5.0606e-16
4514.03	5.6975e-16
4515.49	6.08488e-16
4516.95	5.59466e-16
4518.41	5.92931e-16
4519.87	4.99558e-16
4521.33	5.5198e-16
4522.79	6.01996e-16
4524.25	5.36773e-16
4525.71	5.4564e-16
4527.17	6.2417e-16
4528.63	6.30407e-16
4530.09	5.98804e-16
4531.55	5.9226e-16
4533.01	6.35616e-16
4534.47	6.48882e-16
4535.93	5.99081e-16
4537.39	5.97923e-16
4538.85	5.19436e-16
4540.31	4.57028e-16
4541.77	4.90218e-16
4543.23	5.62549e-16
4544.69	5.28172e-16
4546.15	4.11343e-16
4547.61	5.38484e-16
4549.07	6.36256e-16
4550.53	5.66839e-16
4551.99	4.77292e-16
4553.45	4.89473e-16
4554.91	6.62683e-16
4556.37	6.02478e-16
4557.83	5.73361e-16
4559.29	4.87521e-16
4560.74	3.99499e-16
4562.2	4.33934e-16
4563.66	6.77388e-16
4565.12	6.5197e-16
4566.58	5.37704e-16
4568.04	5.49655e-16
4569.5	5.91934e-16
4570.96	6.53675e-16
4572.42	5.93585e-16
4573.88	6.00999e-16
4575.34	5.89898e-16
4576.8	4.71455e-16
4578.26	4.92574e-16
4579.72	5.56605e-16
4581.18	5.05314e-16
4582.64	4.9908e-16
4584.1	4.82082e-16
4585.56	5.28212e-16
4587.02	6.17972e-16
4588.48	5.98624e-16
4589.94	5.75466e-16
4591.4	5.28025e-16
4592.86	6.07567e-16
4594.32	5.22661e-16
4595.78	4.49451e-16
4597.24	5.4689e-16
4598.7	6.28317e-16
4600.16	5.09839e-16
4601.62	5.40853e-16
4603.08	5.53888e-16
4604.54	6.03571e-16
4606	5.62401e-16
4607.46	4.93184e-16
4608.92	6.3329e-16
4610.38	5.47007e-16
4611.84	5.37149e-16
4613.3	5.28669e-16
4614.76	5.37708e-16
4616.22	5.49184e-16
4617.68	5.81895e-16
4619.14	5.83158e-16
4620.6	5.45488e-16
4622.06	4.82124e-16
4623.52	5.33206e-16
4624.98	5.78651e-16
4626.43	5.40607e-16
4627.89	6.01394e-16
4629.35	5.13539e-16
4630.81	4.11322e-16
4632.27	5.38323e-16
4633.73	6.32705e-16
4635.19	4.95049e-16
4636.65	4.97141e-16
4638.11	4.58726e-16
4639.57	4.80301e-16
4641.03	4.97582e-16
4642.49	5.04528e-16
4643.95	4.24455e-16
4645.41	4.60261e-16
4646.87	5.4443e-16
4648.33	5.10631e-16
4649.79	4.27686e-16
4651.25	4.78312e-16
4652.71	4.57335e-16
4654.17	4.58606e-16
4655.63	4.81635e-16
4657.09	5.38982e-16
4658.55	5.11608e-16
4660.01	3.98165e-16
4661.47	4.58742e-16
4662.93	5.07922e-16
4664.39	5.06529e-16
4665.85	5.60332e-16
4667.31	4.74661e-16
4668.77	5.57012e-16
4670.23	5.78633e-16
4671.69	6.16435e-16
4673.15	5.30109e-16
4674.61	5.58282e-16
4676.07	5.16576e-16
4677.53	5.35708e-16
4678.99	5.25957e-16
4680.45	6.1207e-16
4681.91	5.45689e-16
4683.37	4.97398e-16
4684.83	5.85358e-16
4686.29	5.57219e-16
4687.75	4.83659e-16
4689.21	5.27125e-16
4690.67	4.49036e-16
4692.13	5.54558e-16
4693.58	6.26177e-16
4695.04	5.22224e-16
4696.5	5.20848e-16
4697.96	5.64991e-16
4699.42	4.91153e-16
4700.88	4.01379e-16
4702.34	4.75692e-16
4703.8	5.71565e-16
4705.26	5.72504e-16
4706.72	5.29754e-16
4708.18	6.12899e-16
4709.64	5.53006e-16
4711.1	4.9458e-16
4712.56	4.51268e-16
4714.02	5.45364e-16
4715.48	6.13276e-16
4716.94	4.69745e-16
4718.4	4.6909e-16
4719.86	4.97617e-16
4721.32	4.78259e-16
4722.78	4.83224e-16
4724.24	3.74719e-16
4725.7	4.57846e-16
4727.16	4.32159e-16
4728.62	5.25883e-16
4730.08	4.46365e-16
4731.54	5.0311e-16
4733	5.30575e-16
4734.46	4.72294e-16
4735.92	5.16093e-16
4737.38	5.89867e-16
4738.84	5.47366e-16
4740.3	6.14567e-16
4741.76	6.03464e-16
4743.22	5.36653e-16
4744.68	6.00839e-16
4746.14	5.03699e-16
4747.6	5.63881e-16
4749.06	5.13222e-16
4750.52	4.58202e-16
4751.98	4.37513e-16
4753.44	5.33317e-16
4754.9	5.57964e-16
4756.36	5.12869e-16
4757.82	5.70409e-16
4759.27	5.05755e-16
4760.73	4.70013e-16
4762.19	5.28794e-16
4763.65	5.35463e-16
4765.11	5.50486e-16
4766.57	4.83224e-16
4768.03	5.3399e-16
4769.49	5.4016e-16
4770.95	5.10563e-16
4772.41	4.96539e-16
4773.87	6.03881e-16
4775.33	5.71915e-16
4776.79	4.89522e-16
4778.25	5.8869e-16
4779.71	5.60958e-16
4781.17	4.89992e-16
4782.63	5.8652e-16
4784.09	5.28862e-16
4785.55	4.49805e-16
4787.01	4.97138e-16
4788.47	5.55215e-16
4789.93	5.14704e-16
4791.39	5.59725e-16
4792.85	5.49073e-16
4794.31	5.87671e-16
4795.77	5.09326e-16
4797.23	5.30276e-16
4798.69	5.34263e-16
4800.15	5.72298e-16
4801.61	6.0334e-16
4803.07	5.33867e-16
4804.53	4.74572e-16
4805.99	4.73994e-16
4807.45	5.15682e-16
4808.91	5.65417e-16
4810.37	5.22977e-16
4811.83	5.26215e-16
4813.29	5.84702e-16
4814.75	5.73766e-16
4816.21	6.01059e-16
4817.67	5.51346e-16
4819.13	4.92974e-16
4820.59	5.18556e-16
4822.05	5.4475e-16
4823.51	5.44431e-16
4824.97	5.31718e-16
4826.43	5.48223e-16
4827.89	5.72654e-16
4829.34	4.89362e-16
4830.8	5.16403e-16
4832.26	5.07553e-16
4833.72	5.65683e-16
4835.18	5.12399e-16
4836.64	5.28767e-16
4838.1	5.21049e-16
4839.56	5.2716e-16
4841.02	4.49703e-16
4842.48	5.23141e-16
4843.94	5.24252e-16
4845.4	5.25363e-16
4846.86	5.26474e-16
4848.32	5.27585e-16
4849.78	5.28697e-16
4851.24	5.29809e-16
4852.7	5.30921e-16
4854.16	5.32034e-16
4855.62	5.33146e-16
4857.08	5.34259e-16
4858.54	5.35372e-16
4860	5.36485e-16
4861.46	5.37599e-16
4862.92	5.38712e-16
4864.38	5.39827e-16
4865.84	5.4094e-16
4867.3	5.42055e-16
4868.76	5.43169e-16
4870.22	5.44284e-16
4871.68	5.45399e-16
4873.14	5.46514e-16
4874.6	5.47629e-16
4876.06	5.48745e-16
4877.52	5.4986e-16
4878.98	5.50976e-16
4880.44	5.52092e-16
4881.9	5.68763e-16
4883.36	5.29962e-16
4884.82	4.67183e-16
4886.28	5.6323e-16
4887.74	5.5636e-16
4889.2	5.89624e-16
4890.66	5.2372e-16
4892.12	5.80065e-16
4893.58	6.17148e-16
4895.03	4.60174e-16
4896.49	4.59064e-16
4897.95	4.88259e-16
4899.41	5.58401e-16
4900.87	5.54737e-16
4902.33	5.17563e-16
4903.79	5.5085e-16
4905.25	4.97779e-16
4906.71	5.70622e-16
4908.17	5.73488e-16
4909.63	5.98623e-16
4911.09	5.7219e-16
4912.55	6.61319e-16
4914.01	6.30741e-16
4915.47	5.78171e-16
4916.93	5.82658e-16
4918.39	5.84945e-16
4919.85	5.5558e-16
4921.31	5.689e-16
4922.77	6.81068e-16
4924.23	6.70138e-16
4925.69	5.83865e-16
4927.15	6.46149e-16
4928.61	6.54615e-16
4930.07	6.34409e-16
4931.53	5.33241e-16
4932.99	5.4588e-16
4934.45	6.25068e-16
4935.91	5.86746e-16
4937.37	6.27569e-16
4938.83	5.86227e-16
4940.29	5.91006e-16
4941.75	5.94261e-16
4943.21	5.97519e-16
4944.67	6.00777e-16
4946.13	6.04037e-16
4947.59	6.07298e-16
4949.05	6.10558e-16
4950.51	6.13821e-16
4951.97	6.17084e-16
4953.43	6.20349e-16
4954.89	6.23614e-16
4956.35	6.26881e-16
4957.81	6.30148e-16
4959.27	6.33416e-16
4960.73	6.36686e-16
4962.18	6.39956e-16
4963.64	6.43228e-16
4965.1	6.46501e-16
4966.56	6.49775e-16
4968.02	6.53048e-16
4969.48	6.56324e-16
4970.94	6.59601e-16
4972.4	6.62877e-16
4973.86	6.66156e-16
4975.32	6.69434e-16
4976.78	6.72714e-16
4978.24	6.75994e-16
4979.7	6.1846e-16
4981.16	5.86841e-16
4982.62	5.78416e-16
4984.08	6.38668e-16
4985.54	6.18253e-16
4987	5.59776e-16
4988.46	5.36429e-16
4989.92	5.39753e-16
4991.38	5.43077e-16
4992.84	5.46404e-16
4994.3	5.4973e-16
4995.76	5.53058e-16
4997.22	5.56387e-16
4998.68	5.59716e-16
5000.14	5.63047e-16
5001.6	5.66378e-16
5003.06	5.69711e-16
5004.52	5.73045e-16
5005.98	5.76379e-16
5007.44	5.79715e-16
5008.9	5.8305e-16
5010.36	5.86387e-16
5011.82	5.89724e-16
5013.28	5.93063e-16
5014.74	5.96402e-16
5016.2	5.99742e-16
5017.66	6.03082e-16
5019.12	6.06425e-16
5020.58	6.09768e-16
5022.04	6.1311e-16
5023.5	6.16455e-16
5024.96	6.198e-16
5026.42	6.6668e-16
5027.87	7.04651e-16
5029.33	6.40812e-16
5030.79	6.66532e-16
5032.25	6.56567e-16
5033.71	6.75839e-16
5035.17	6.85419e-16
5036.63	7.2363e-16
5038.09	7.28069e-16
5039.55	7.19528e-16
5041.01	7.17286e-16
5042.47	6.52707e-16
5043.93	6.52515e-16
5045.39	6.64528e-16
5046.85	6.96247e-16
5048.31	7.62107e-16
5049.77	6.72818e-16
5051.23	7.52555e-16
5052.69	7.32154e-16
5054.15	6.70914e-16
5055.61	6.37937e-16
5057.07	6.17009e-16
5058.53	6.44682e-16
5059.99	6.98091e-16
5061.45	7.13213e-16
5062.91	6.63871e-16
5064.37	7.79173e-16
5065.83	6.84832e-16
5067.29	6.55219e-16
5068.75	6.20889e-16
5070.21	7.14702e-16
5071.67	6.88957e-16
5073.13	6.66883e-16
5074.59	7.16978e-16
5076.05	6.87235e-16
5077.51	6.74572e-16
5078.97	7.10482e-16
5080.43	6.85601e-16
5081.89	6.97211e-16
5083.35	7.01059e-16
5084.81	7.28077e-16
5086.27	7.3135e-16
5087.73	7.57395e-16
5089.19	6.94058e-16
5090.65	8.34997e-16
5092.11	7.54955e-16
5093.57	7.32755e-16
5095.02	7.54369e-16
5096.48	6.55441e-16
5097.94	7.55183e-16
5099.4	7.36993e-16
5100.86	7.52472e-16
5102.32	6.86582e-16
5103.78	7.61886e-16
5105.24	7.31916e-16
5106.7	7.34892e-16
5108.16	6.91401e-16
5109.62	7.25042e-16
5111.08	6.95479e-16
5112.54	7.78766e-16
5114	7.48876e-16
5115.46	6.92304e-16
5116.92	7.53555e-16
5118.38	7.21225e-16
5119.84	7.83221e-16
5121.3	7.77186e-16
5122.76	7.37316e-16
5124.22	6.91042e-16
5125.68	7.04542e-16
5127.14	7.83214e-16
5128.6	7.64117e-16
5130.06	7.42859e-16
5131.52	8.26815e-16
5132.98	8.77143e-16
5134.44	8.10217e-16
5135.9	7.69055e-16
5137.36	7.58919e-16
5138.82	7.88268e-16
5140.28	8.0466e-16
5141.74	7.91242e-16
5143.2	7.89221e-16
5144.66	8.56021e-16
5146.12	7.7725e-16
5147.58	8.23559e-16
5149.04	8.15323e-16
5150.5	7.91732e-16
5151.96	7.79702e-16
5153.42	7.22056e-16
5154.88	7.46016e-16
5156.34	8.87674e-16
5157.8	8.40261e-16
5159.26	8.24909e-16
5160.71	8.38706e-16
5162.17	8.416e-16
5163.63	8.32121e-16
5165.09	9.01775e-16
5166.55	8.95411e-16
5168.01	8.52001e-16
5169.47	8.89494e-16
5170.93	8.79784e-16
5172.39	8.27308e-16
5173.85	8.3316e-16
5175.31	8.63676e-16
5176.77	9.02452e-16
5178.23	1.00113e-15
5179.69	9.52981e-16
5181.15	9.08512e-16
5182.61	8.67278e-16
5184.07	9.33974e-16
5185.53	9.02572e-16
5186.99	9.00391e-16
5188.45	9.21817e-16
5189.91	8.08437e-16
5191.37	8.46128e-16
5192.83	9.08472e-16
5194.29	9.25563e-16
5195.75	9.70133e-16
5197.21	8.5606e-16
5198.67	8.07916e-16
5200.13	9.22188e-16
5201.59	9.04999e-16
5203.05	9.32554e-16
5204.51	8.92496e-16
5205.97	8.23346e-16
5207.43	9.06828e-16
5208.89	9.45404e-16
5210.35	9.05257e-16
5211.81	9.44053e-16
5213.27	8.6706e-16
5214.73	9.01622e-16
5216.19	8.8253e-16
5217.65	8.6248e-16
5219.11	9.08765e-16
5220.57	8.89521e-16
5222.03	9.30733e-16
5223.49	9.75645e-16
5224.95	9.36256e-16
5226.41	9.41192e-16
5227.86	9.44213e-16
5229.32	9.33915e-16
5230.78	9.0394e-16
5232.24	9.34446e-16
5233.7	9.48846e-16
5235.16	8.86451e-16
5236.62	9.2585e-16
5238.08	9.69542e-16
5239.54	9.92574e-16
5241	9.94504e-16
5242.46	1.01321e-15
5243.92	9.54402e-16
5245.38	9.53544e-16
5246.84	1.00863e-15
5248.3	9.72301e-16
5249.76	9.61699e-16
5251.22	1.01527e-15
5252.68	1.05221e-15
5254.14	9.83424e-16
5255.6	9.52257e-16
5257.06	9.93678e-16
5258.52	1.02268e-15
5259.98	1.00721e-15
5261.44	9.48874e-16
5262.9	1.03513e-15
5264.36	1.12206e-15
5265.82	1.09306e-15
5267.28	1.08488e-15
5268.74	1.04276e-15
5270.2	1.02435e-15
5271.66	1.01057e-15
5273.12	9.89129e-16
5274.58	1.03195e-15
5276.04	9.85186e-16
5277.5	9.77217e-16
5278.96	1.0348e-15
5280.42	1.02863e-15
5281.88	1.09898e-15
5283.34	1.15806e-15
5284.8	1.15103e-15
5286.26	1.06845e-15
5287.72	1.06282e-15
5289.18	1.14457e-15
5290.64	1.11818e-15
5292.1	1.02514e-15
5293.56	9.85324e-16
5295.01	1.06389e-15
5296.47	1.05776e-15
5297.93	1.08569e-15
5299.39	1.16325e-15
5300.85	1.09949e-15
5302.31	1.01502e-15
5303.77	1.01848e-15
5305.23	1.07276e-15
5306.69	1.07447e-15
5308.15	1.11407e-15
5309.61	1.05637e-15
5311.07	1.08709e-15
5312.53	1.12774e-15
5313.99	1.06009e-15
5315.45	1.07046e-15
5316.91	1.07283e-15
5318.37	1.05391e-15
5319.83	1.13852e-15
5321.29	1.17827e-15
5322.75	1.07796e-15
5324.21	1.13456e-15
5325.67	1.17778e-15
5327.13	1.03597e-15
5328.59	1.08773e-15
5330.05	1.11231e-15
5331.51	1.10446e-15
5332.97	1.1772e-15
5334.43	1.13673e-15
5335.89	1.12835e-15
5337.35	1.07547e-15
5338.81	1.05388e-15
5340.27	1.09104e-15
5341.73	1.11256e-15
5343.19	1.13726e-15
5344.65	1.16196e-15
5346.11	1.1492e-15
5347.57	1.13471e-15
5349.03	1.07777e-15
5350.49	1.13866e-15
5351.95	1.12086e-15
5353.41	1.16997e-15
5354.87	1.19462e-15
5356.33	1.21834e-15
5357.79	1.21605e-15
5359.25	1.17888e-15
5360.71	1.22167e-15
5362.17	1.12008e-15
5363.62	1.0843e-15
5365.08	1.06482e-15
5366.54	1.16769e-15
5368	1.21713e-15
5369.46	1.10177e-15
5370.92	1.07853e-15
5372.38	1.18656e-15
5373.84	1.055e-15
5375.3	1.07687e-15
5376.76	1.13666e-15
5378.22	1.18123e-15
5379.68	1.16857e-15
5381.14	1.07142e-15
5382.6	1.0993e-15
5384.06	1.07654e-15
5385.52	1.08215e-15
5386.98	1.14329e-15
5388.44	1.14125e-15
5389.9	1.17933e-15
5391.36	1.14993e-15
5392.82	1.17611e-15
5394.28	1.13954e-15
5395.74	1.14101e-15
5397.2	1.03201e-15
5398.66	1.14249e-15
5400.12	1.21101e-15
5401.58	1.13743e-15
5403.04	1.16712e-15
5404.5	1.17788e-15
5405.96	1.145e-15
5407.42	1.17779e-15
5408.88	1.2297e-15
5410.34	1.2797e-15
5411.8	1.32193e-15
5413.26	1.29016e-15
5414.72	1.20177e-15
5416.18	1.0842e-15
5417.64	1.24963e-15
5419.1	1.21583e-15
5420.56	1.19921e-15
5422.02	1.27926e-15
5423.48	1.24801e-15
5424.94	1.10981e-15
5426.4	1.2455e-15
5427.86	1.24821e-15
5429.31	1.24288e-15
5430.77	1.24849e-15
5432.23	1.1775e-15
5433.69	1.1926e-15
5435.15	1.27996e-15
5436.61	1.26536e-15
5438.07	1.20987e-15
5439.53	1.20668e-15
5440.99	1.15249e-15
5442.45	1.1186e-15
5443.91	1.17617e-15
5445.37	1.18292e-15
5446.83	1.21288e-15
5448.29	1.11005e-15
5449.75	1.13447e-15
5451.21	1.2082e-15
5452.67	1.20702e-15
5454.13	1.22965e-15
5455.59	1.19382e-15
5457.05	1.13243e-15
5458.51	1.1442e-15
5459.97	1.14656e-15
5461.43	1.1562e-15
5462.89	1.04676e-15
5464.35	1.08868e-15
5465.81	1.01094e-15
5467.27	1.09628e-15
5468.73	1.12157e-15
5470.19	1.05497e-15
5471.65	1.08288e-15
5473.11	1.09319e-15
5474.57	1.10506e-15
5476.03	1.07557e-15
5477.49	1.06137e-15
5478.95	1.01101e-15
5480.41	1.05068e-15
5481.87	1.14539e-15
5483.33	1.09597e-15
5484.79	1.19719e-15
5486.25	1.13878e-15
5487.71	1.01606e-15
5489.17	1.07104e-15
5490.63	1.02091e-15
5492.09	9.91543e-16
5493.55	1.03646e-15
5495.01	1.0455e-15
5496.46	1.0539e-15
5497.92	1.05474e-15
5499.38	1.09721e-15
5500.84	1.09507e-15
5502.3	1.08292e-15
5503.76	1.04996e-15
5505.22	1.01016e-15
5506.68	1.08707e-15
5508.14	1.0855e-15
5509.6	1.09317e-15
5511.06	1.15207e-15
5512.52	1.14314e-15
5513.98	1.07014e-15
5515.44	1.13102e-15
5516.9	1.09138e-15
5518.36	1.02834e-15
5519.82	1.08342e-15
5521.28	1.12379e-15
5522.74	1.10972e-15
5524.2	1.13076e-15
5525.66	1.13351e-15
5527.12	1.16473e-15
5528.58	1.12768e-15
5530.04	1.01258e-15
5531.5	1.07541e-15
5532.96	1.13164e-15
5534.42	1.08164e-15
5535.88	1.09601e-15
5537.34	1.24129e-15
5538.8	1.16931e-15
5540.26	1.06771e-15
5541.72	1.10333e-15
5543.18	1.07776e-15
5544.64	1.04825e-15
5546.1	1.05181e-15
5547.56	1.08691e-15
5549.02	1.05839e-15
5550.48	1.02943e-15
5551.94	1.11297e-15
5553.4	1.12897e-15
5554.86	1.05629e-15
5556.32	1.06618e-15
5557.78	1.10531e-15
5559.24	1.05512e-15
5560.7	1.02762e-15
5562.15	1.10917e-15
5563.61	1.10583e-15
5565.07	1.07431e-15
5566.53	1.11981e-15
5567.99	1.09999e-15
5569.45	1.10364e-15
5570.91	1.12881e-15
5572.37	1.06499e-15
5573.83	1.04154e-15
5575.29	1.04926e-15
5576.75	1.12424e-15
5578.21	1.15235e-15
5579.67	1.03498e-15
5581.13	1.07743e-15
5582.59	1.08399e-15
5584.05	9.69932e-16
5585.51	1.0367e-15
5586.97	1.0484e-15
5588.43	9.95774e-16
5589.89	1.05449e-15
5591.35	1.10249e-15
5592.81	9.42143e-16
5594.27	9.9436e-16
5595.73	1.0445e-15
5597.19	9.90036e-16
5598.65	1.01186e-15
5600.11	9.6156e-16
5601.57	9.6655e-16
5603.03	9.81401e-16
5604.49	9.94971e-16
5605.95	1.03029e-15
5607.41	9.86513e-16
5608.87	9.89232e-16
5610.33	1.01441e-15
5611.79	9.96945e-16
5613.25	1.07964e-15
5614.71	1.00403e-15
5616.17	9.72647e-16
5617.63	9.79379e-16
5619.09	1.02381e-15
5620.55	1.01478e-15
5622.01	1.02859e-15
5623.47	1.04598e-15
5624.93	1.01884e-15
5626.39	1.02291e-15
5627.85	1.0947e-15
5629.3	1.11781e-15
5630.76	1.03089e-15
5632.22	9.71284e-16
5633.68	1.07402e-15
5635.14	1.07487e-15
5636.6	1.03124e-15
5638.06	1.04194e-15
5639.52	9.70209e-16
5640.98	9.63086e-16
5642.44	1.00452e-15
5643.9	9.35858e-16
5645.36	9.74113e-16
5646.82	1.03431e-15
5648.28	1.10717e-15
5649.74	9.78655e-16
5651.2	1.05389e-15
5652.66	1.06296e-15
5654.12	9.94822e-16
5655.58	9.79042e-16
5657.04	9.73112e-16
5658.5	9.76769e-16
5659.96	9.53225e-16
5661.42	1.01042e-15
5662.88	9.96377e-16
5664.34	1.0117e-15
5665.8	1.04899e-15
5667.26	1.0561e-15
5668.72	1.07717e-15
5670.18	1.08298e-15
5671.64	1.06679e-15
5673.1	1.01956e-15
5674.56	1.03943e-15
5676.02	1.05566e-15
5677.48	1.04983e-15
5678.94	1.12146e-15
5680.4	1.05698e-15
5681.86	1.05966e-15
5683.32	1.11658e-15
5684.78	1.10662e-15
5686.24	1.11538e-15
5687.7	1.07735e-15
5689.16	1.09308e-15
5690.62	1.10006e-15
5692.08	1.12591e-15
5693.54	1.11753e-15
5694.99	1.10882e-15
5696.45	1.06275e-15
5697.91	1.07155e-15
5699.37	1.16164e-15
5700.83	1.14767e-15
5702.29	1.15694e-15
5703.75	1.11627e-15
5705.21	1.1551e-15
5706.67	1.11378e-15
5708.13	1.08787e-15
5709.59	1.19105e-15
5711.05	1.14722e-15
5712.51	1.16551e-15
5713.97	1.23293e-15
5715.43	1.24849e-15
5716.89	1.17966e-15
5718.35	1.23248e-15
5719.81	1.28545e-15
5721.27	1.23104e-15
5722.73	1.1948e-15
5724.19	1.23358e-15
5725.65	1.34522e-15
5727.11	1.28655e-15
5728.57	1.24195e-15
5730.03	1.21992e-15
5731.49	1.18949e-15
5732.95	1.18997e-15
5734.41	1.21233e-15
5735.87	1.22082e-15
5737.33	1.27584e-15
5738.79	1.36189e-15
5740.25	1.34526e-15
5741.71	1.30553e-15
5743.17	1.36423e-15
5744.63	1.33297e-15
5746.09	1.39078e-15
5747.55	1.37665e-15
5749.01	1.28192e-15
5750.47	1.34549e-15
5751.93	1.38652e-15
5753.39	1.29936e-15
5754.85	1.28772e-15
5756.31	1.34582e-15
5757.77	1.36551e-15
5759.23	1.44492e-15
5760.69	1.47689e-15
5762.14	1.40363e-15
5763.6	1.46354e-15
5765.06	1.42004e-15
5766.52	1.33862e-15
5767.98	1.45797e-15
5769.44	1.50082e-15
5770.9	1.5396e-15
5772.36	1.4955e-15
5773.82	1.38054e-15
5775.28	1.3492e-15
5776.74	1.38488e-15
5778.2	1.47504e-15
5779.66	1.48444e-15
5781.12	1.46319e-15
5782.58	1.49124e-15
5784.04	1.45726e-15
5785.5	1.43176e-15
5786.96	1.4672e-15
5788.42	1.41002e-15
5789.88	1.43005e-15
5791.34	1.45616e-15
5792.8	1.48749e-15
5794.26	1.53735e-15
5795.72	1.44539e-15
5797.18	1.42286e-15
5798.64	1.47896e-15
5800.1	1.45703e-15
5801.56	1.47181e-15
5803.02	1.55791e-15
5804.48	1.51072e-15
5805.94	1.50158e-15
5807.4	1.52019e-15
5808.86	1.4795e-15
5810.32	1.47619e-15
5811.78	1.50831e-15
5813.24	1.54693e-15
5814.7	1.5002e-15
5816.16	1.42931e-15
5817.62	1.44674e-15
5819.08	1.50016e-15
5820.54	1.49717e-15
5822	1.48425e-15
5823.46	1.53367e-15
5824.92	1.48935e-15
5826.38	1.50254e-15
5827.84	1.56365e-15
5829.3	1.48562e-15
5830.75	1.46168e-15
5832.21	1.44139e-15
5833.67	1.51002e-15
5835.13	1.5069e-15
5836.59	1.51948e-15
5838.05	1.55029e-15
5839.51	1.53073e-15
5840.97	1.53877e-15
5842.43	1.4748e-15
5843.89	1.45335e-15
5845.35	1.34687e-15
5846.81	1.4295e-15
5848.27	1.54325e-15
5849.73	1.39573e-15
5851.19	1.40615e-15
5852.65	1.46252e-15
5854.11	1.49324e-15
5855.57	1.42858e-15
5857.03	1.46901e-15
5858.49	1.5662e-15
5859.95	1.52162e-15
5861.41	1.42935e-15
5862.87	1.43946e-15
5864.33	1.55978e-15
5865.79	1.59285e-15
5867.25	1.57425e-15
5868.71	1.57523e-15
5870.17	1.64062e-15
5871.63	1.62168e-15
5873.09	1.50773e-15
5874.55	1.45292e-15
5876.01	1.51289e-15
5877.47	1.44821e-15
5878.93	1.37406e-15
5880.39	1.53397e-15
5881.85	1.51029e-15
5883.31	1.43619e-15
5884.77	1.45097e-15
5886.23	1.40087e-15
5887.69	1.45458e-15
5889.15	1.43333e-15
5890.61	1.37442e-15
5892.07	1.43338e-15
5893.53	1.42728e-15
5894.99	1.43229e-15
5896.45	1.46174e-15
5897.9	1.49651e-15
5899.36	1.49559e-15
5900.82	1.48932e-15
5902.28	1.47072e-15
5903.74	1.45937e-15
5905.2	1.38658e-15
5906.66	1.45815e-15
5908.12	1.46532e-15
5909.58	1.39894e-15
5911.04	1.5249e-15
5912.5	1.50033e-15
5913.96	1.46733e-15
5915.42	1.45848e-15
5916.88	1.42053e-15
5918.34	1.39264e-15
5919.8	1.37905e-15
5921.26	1.39211e-15
5922.72	1.4184e-15
5924.18	1.42761e-15
5925.64	1.41203e-15
5927.1	1.4064e-15
5928.56	1.35006e-15
5930.02	1.3966e-15
5931.48	1.35199e-15
5932.94	1.36205e-15
5934.4	1.36853e-15
5935.86	1.34541e-15
5937.32	1.3685e-15
5938.78	1.32998e-15
5940.24	1.30185e-15
5941.7	1.30841e-15
5943.16	1.33511e-15
5944.62	1.37546e-15
5946.08	1.31113e-15
5947.54	1.2872e-15
5949	1.31584e-15
5950.46	1.26585e-15
5951.92	1.26904e-15
5953.38	1.34138e-15
5954.84	1.32373e-15
5956.3	1.28109e-15
5957.76	1.29867e-15
5959.22	1.28448e-15
5960.68	1.24516e-15
5962.14	1.264e-15
5963.59	1.25574e-15
5965.05	1.24224e-15
5966.51	1.24588e-15
5967.97	1.22859e-15
5969.43	1.30034e-15
5970.89	1.31022e-15
5972.35	1.26358e-15
5973.81	1.23597e-15
5975.27	1.21924e-15
5976.73	1.25556e-15
5978.19	1.25553e-15
5979.65	1.28727e-15
5981.11	1.29462e-15
5982.57	1.25638e-15
5984.03	1.20962e-15
5985.49	1.22147e-15
5986.95	1.26465e-15
5988.41	1.22066e-15
5989.87	1.2076e-15
5991.33	1.1758e-15
5992.79	1.17101e-15
5994.25	1.19993e-15
5995.71	1.20828e-15
5997.17	1.13266e-15
5998.63	1.12639e-15
6000.09	1.1977e-15
6001.55	1.19917e-15
6003.01	1.2386e-15
6004.47	1.18424e-15
6005.93	1.16891e-15
6007.39	1.13504e-15
6008.85	1.1104e-15
6010.31	1.15392e-15
6011.77	1.21528e-15
6013.23	1.23162e-15
6014.69	1.17697e-15
6016.15	1.10335e-15
6017.61	1.07853e-15
6019.07	1.09463e-15
6020.53	1.12149e-15
6021.99	1.06022e-15
6023.45	1.11996e-15
6024.91	1.13269e-15
6026.37	1.12996e-15
6027.83	1.11315e-15
6029.29	1.08879e-15
6030.74	1.09288e-15
6032.2	1.14063e-15
6033.66	1.18335e-15
6035.12	1.14459e-15
6036.58	1.12622e-15
6038.04	1.14312e-15
6039.5	1.09636e-15
6040.96	1.08753e-15
6042.42	1.07079e-15
6043.88	1.08487e-15
6045.34	1.02939e-15
6046.8	1.06551e-15
6048.26	1.07323e-15
6049.72	1.12764e-15
6051.18	1.1099e-15
6052.64	1.10147e-15
6054.1	1.04598e-15
6055.56	1.09391e-15
6057.02	1.07111e-15
6058.48	1.13748e-15
6059.94	1.08005e-15
6061.4	1.0645e-15
6062.86	1.03236e-15
6064.32	1.05524e-15
6065.78	1.07735e-15
6067.24	1.13204e-15
6068.7	1.07249e-15
6070.16	9.98393e-16
6071.62	1.02407e-15
6073.08	1.03171e-15
6074.54	1.07432e-15
6076	1.06593e-15
6077.46	1.08179e-15
6078.92	1.02112e-15
6080.38	1.01187e-15
6081.84	9.52611e-16
6083.3	1.01054e-15
6084.76	9.61434e-16
6086.22	9.61911e-16
6087.68	1.01911e-15
6089.14	1.0112e-15
6090.6	9.58359e-16
6092.06	9.78102e-16
6093.52	9.44261e-16
6094.98	9.92192e-16
6096.43	9.54446e-16
6097.89	9.91572e-16
6099.35	9.95308e-16
6100.81	1.01485e-15
6102.27	9.90988e-16
6103.73	9.33984e-16
6105.19	1.02202e-15
6106.65	1.02761e-15
6108.11	9.60824e-16
6109.57	8.96517e-16
6111.03	8.6951e-16
6112.49	9.08156e-16
6113.95	9.54066e-16
6115.41	9.57161e-16
6116.87	9.28641e-16
6118.33	8.87027e-16
6119.79	8.8965e-16
6121.25	9.22197e-16
6122.71	8.70576e-16
6124.17	8.87753e-16
6125.63	9.46272e-16
6127.09	9.08341e-16
6128.55	8.7322e-16
6130.01	9.1154e-16
6131.47	9.55076e-16
6132.93	8.92132e-16
6134.39	8.96868e-16
6135.85	9.06933e-16
6137.31	8.84104e-16
6138.77	8.48176e-16
6140.23	8.61549e-16
6141.69	8.72371e-16
6143.15	8.46786e-16
6144.61	8.42202e-16
6146.07	8.68585e-16
6147.53	8.64979e-16
6148.99	7.9947e-16
6150.45	7.9857e-16
6151.91	7.71692e-16
6153.37	7.77972e-16
6154.83	8.20131e-16
6156.29	8.06961e-16
6157.75	7.94524e-16
6159.21	8.46014e-16
6160.67	8.45035e-16
6162.12	8.09987e-16
6163.58	8.29582e-16
6165.04	8.30077e-16
6166.5	8.58317e-16
6167.96	9.0072e-16
6169.42	8.6994e-16
6170.88	8.41141e-16
6172.34	8.45976e-16
6173.8	9.14358e-16
6175.26	9.36005e-16
6176.72	8.58513e-16
6178.18	8.45143e-16
6179.64	7.99519e-16
6181.1	7.67885e-16
6182.56	8.05591e-16
6184.02	8.31508e-16
6185.48	8.20097e-16
6186.94	8.50343e-16
6188.4	8.60617e-16
6189.86	8.41706e-16
6191.32	8.63805e-16
6192.78	9.14793e-16
6194.24	8.44023e-16
6195.7	7.89118e-16
6197.16	7.9103e-16
6198.62	7.44675e-16
6200.08	7.92087e-16
6201.54	8.36767e-16
6203	7.87774e-16
6204.46	7.97891e-16
6205.92	8.21917e-16
6207.38	8.40263e-16
6208.84	8.38856e-16
6210.3	8.489e-16
6211.76	8.0641e-16
6213.22	7.99209e-16
6214.68	8.10635e-16
6216.14	7.96907e-16
6217.6	7.77823e-16
6219.06	8.22957e-16
6220.52	8.80187e-16
6221.98	8.78891e-16
6223.44	8.12466e-16
6224.9	7.94069e-16
6226.36	7.99411e-16
6227.82	7.9321e-16
6229.27	8.00855e-16
6230.73	8.39588e-16
6232.19	7.79596e-16
6233.65	7.94474e-16
6235.11	8.47936e-16
6236.57	8.60504e-16
6238.03	8.00613e-16
6239.49	8.26404e-16
6240.95	7.93815e-16
6242.41	7.82575e-16
6243.87	8.16343e-16
6245.33	8.32503e-16
6246.79	8.22039e-16
6248.25	8.52054e-16
6249.71	7.98365e-16
6251.17	8.5219e-16
6252.63	8.26208e-16
6254.09	8.29296e-16
6255.55	8.16661e-16
6257.01	8.93585e-16
6258.47	8.45652e-16
6259.93	8.15327e-16
6261.39	8.57845e-16
6262.85	8.26142e-16
6264.31	7.86469e-16
6265.77	7.50853e-16
6267.23	7.99582e-16
6268.69	8.05321e-16
6270.15	7.85906e-16
6271.61	8.00559e-16
6273.07	8.04471e-16
6274.53	7.77628e-16
6275.99	7.65272e-16
6277.45	7.86174e-16
6278.91	8.08308e-16
6280.37	7.88552e-16
6281.83	8.12264e-16
6283.29	8.10831e-16
6284.75	8.64253e-16
6286.21	8.54927e-16
6287.67	8.44768e-16
6289.13	8.60573e-16
6290.59	8.06679e-16
6292.05	8.09972e-16
6293.51	8.26343e-16
6294.97	8.50943e-16
6296.43	8.67875e-16
6297.89	8.90568e-16
6299.34	7.97362e-16
6300.8	8.07587e-16
6302.26	8.60858e-16
6303.72	8.57454e-16
6305.18	8.81207e-16
6306.64	8.65794e-16
6308.1	8.28688e-16
6309.56	8.1061e-16
6311.02	7.49215e-16
6312.48	7.97914e-16
6313.94	8.33982e-16
6315.4	8.34452e-16
6316.86	8.31637e-16
6318.32	8.22273e-16
6319.78	8.74405e-16
6321.24	7.68258e-16
6322.7	7.74861e-16
6324.16	8.12294e-16
6325.62	7.73323e-16
6327.08	7.91871e-16
6328.54	8.39545e-16
6330	8.50421e-16
6331.46	8.64253e-16
6332.92	8.93483e-16
6334.38	7.95634e-16
6335.84	7.64678e-16
6337.3	7.94309e-16
6338.76	7.72338e-16
6340.22	8.05925e-16
6341.68	7.69537e-16
6343.14	7.65032e-16
6344.6	8.11031e-16
6346.06	8.32137e-16
6347.52	8.46383e-16
6348.98	8.37012e-16
6350.44	8.18902e-16
6351.9	8.07882e-16
6353.36	7.63352e-16
6354.82	7.50043e-16
6356.28	8.46262e-16
6357.74	8.55211e-16
6359.2	7.81843e-16
6360.66	7.94727e-16
6362.12	8.32162e-16
6363.58	8.52522e-16
6365.03	8.35824e-16
6366.49	8.20288e-16
6367.95	8.34012e-16
6369.41	8.11795e-16
6370.87	7.77512e-16
6372.33	8.00468e-16
6373.79	8.24749e-16
6375.25	8.07362e-16
6376.71	8.5976e-16
6378.17	8.4607e-16
6379.63	8.32723e-16
6381.09	8.12068e-16
6382.55	8.14442e-16
6384.01	8.47102e-16
6385.47	8.5801e-16
6386.93	8.81421e-16
6388.39	8.84009e-16
6389.85	8.46387e-16
6391.31	8.02919e-16
6392.77	8.23144e-16
6394.23	8.43661e-16
6395.69	8.2866e-16
6397.15	8.15624e-16
6398.61	8.05043e-16
6400.07	8.32732e-16
6401.53	8.53696e-16
6402.99	8.10004e-16
6404.45	8.61219e-16
6405.91	8.54818e-16
6407.37	7.94195e-16
6408.83	8.08783e-16
6410.29	8.2602e-16
6411.75	8.33897e-16
6413.21	8.90098e-16
6414.67	8.40017e-16
6416.13	8.3823e-16
6417.59	8.084e-16
6419.05	8.45454e-16
6420.51	9.06742e-16
6421.97	9.27228e-16
6423.43	9.43886e-16
6424.89	8.5965e-16
6426.35	7.9075e-16
6427.81	8.36196e-16
6429.27	8.72717e-16
6430.73	8.16502e-16
6432.18	8.3813e-16
6433.64	8.84123e-16
6435.1	8.57203e-16
6436.56	8.39505e-16
6438.02	8.78701e-16
6439.48	8.83892e-16
6440.94	8.30976e-16
6442.4	9.10173e-16
6443.86	9.14522e-16
6445.32	8.52942e-16
6446.78	8.44129e-16
6448.24	8.34924e-16
6449.7	8.25661e-16
6451.16	8.39398e-16
6452.62	8.27375e-16
6454.08	8.52254e-16
6455.54	9.18615e-16
6457	8.92607e-16
6458.46	8.98883e-16
6459.92	8.67703e-16
6461.38	8.7102e-16
6462.84	8.85241e-16
6464.3	9.10551e-16
6465.76	9.23264e-16
6467.22	9.86122e-16
6468.68	9.03781e-16
6470.14	9.50595e-16
6471.6	9.04584e-16
6473.06	9.16941e-16
6474.52	9.0664e-16
6475.98	9.64048e-16
6477.44	9.48381e-16
6478.9	9.3375e-16
6480.36	9.53304e-16
6481.82	9.42299e-16
6483.28	9.15164e-16
6484.74	9.25013e-16
6486.2	9.19762e-16
6487.66	9.00793e-16
6489.12	9.26482e-16
6490.58	9.61837e-16
6492.04	9.0142e-16
6493.5	9.22912e-16
6494.96	9.6329e-16
6496.42	9.26877e-16
6497.87	8.97465e-16
6499.33	9.32893e-16
6500.79	9.66532e-16
6502.25	9.66698e-16
6503.71	9.61763e-16
6505.17	8.95694e-16
6506.63	9.38677e-16
6508.09	9.92135e-16
6509.55	9.51625e-16
6511.01	9.58474e-16
6512.47	9.68809e-16
6513.93	9.92379e-16
6515.39	9.73627e-16
6516.85	9.48998e-16
6518.31	9.63959e-16
6519.77	9.89971e-16
6521.23	1.01744e-15
6522.69	9.86672e-16
6524.15	9.76778e-16
6525.61	9.83322e-16
6527.07	9.90907e-16
6528.53	9.75547e-16
6529.99	9.3517e-16
6531.45	9.38374e-16
6532.91	9.41575e-16
6534.37	9.44773e-16
6535.83	9.4797e-16
6537.29	9.51163e-16
6538.75	9.54355e-16
6540.21	9.57545e-16
6541.67	9.60731e-16
6543.13	9.63916e-16
6544.59	9.67098e-16
6546.05	9.70278e-16
6547.51	9.73455e-16
6548.97	9.76631e-16
6550.43	9.79803e-16
6551.89	9.82976e-16
6553.35	9.86145e-16
6554.81	9.8931e-16
6556.27	9.92475e-16
6557.73	9.95636e-16
6559.19	9.98795e-16
6560.65	1.00195e-15
6562.11	1.00511e-15
6563.56	1.00826e-15
6565.02	1.01141e-15
6566.48	1.01456e-15
6567.94	1.01677e-15
6569.4	1.01898e-15
6570.86	1.02119e-15
6572.32	1.0234e-15
6573.78	1.02561e-15
6575.24	1.02781e-15
6576.7	1.03002e-15
6578.16	1.03222e-15
6579.62	1.03442e-15
6581.08	1.03662e-15
6582.54	1.03882e-15
6584	1.04101e-15
6585.46	1.04321e-15
6586.92	1.0454e-15
6588.38	1.04759e-15
6589.84	1.04978e-15
6591.3	1.05197e-15
6592.76	1.05416e-15
6594.22	1.05635e-15
6595.68	1.05853e-15
6597.14	1.06071e-15
6598.6	1.06289e-15
6600.06	1.06507e-15
6601.52	1.06725e-15
6602.98	1.03468e-15
6604.44	1.0511e-15
6605.9	1.07768e-15
6607.36	1.04344e-15
6608.82	1.02711e-15
6610.28	1.01897e-15
6611.74	9.89794e-16
6613.2	9.94029e-16
6614.66	9.76743e-16
6616.12	1.01755e-15
6617.58	1.04521e-15
6619.04	1.04494e-15
6620.5	1.05426e-15
6621.96	1.04504e-15
6623.42	1.04351e-15
6624.88	1.03903e-15
6626.34	1.01021e-15
6627.8	9.79722e-16
6629.26	1.02412e-15
6630.71	1.03103e-15
6632.17	9.97963e-16
6633.63	9.649e-16
6635.09	1.0054e-15
6636.55	1.05178e-15
6638.01	1.02819e-15
6639.47	9.95268e-16
6640.93	1.0228e-15
6642.39	1.05178e-15
6643.85	1.06205e-15
6645.31	1.02548e-15
6646.77	1.01004e-15
6648.23	9.83932e-16
6649.69	9.92792e-16
6651.15	9.21083e-16
6652.61	9.41391e-16
6654.07	9.09332e-16
6655.53	9.27571e-16
6656.99	9.68784e-16
6658.45	9.61774e-16
6659.91	9.91499e-16
6661.37	9.73647e-16
6662.83	9.78767e-16
6664.29	9.68898e-16
6665.75	1.00107e-15
6667.21	9.74356e-16
6668.67	9.85363e-16
6670.13	9.84969e-16
6671.59	1.01032e-15
6673.05	9.65804e-16
6674.51	1.00746e-15
6675.97	9.69347e-16
6677.43	9.57312e-16
6678.89	1.02556e-15
6680.35	9.83835e-16
6681.81	9.5374e-16
6683.27	9.61879e-16
6684.73	9.57177e-16
6686.19	9.59873e-16
6687.65	9.48004e-16
6689.11	9.68555e-16
6690.57	1.02122e-15
6692.03	1.0058e-15
6693.49	9.44229e-16
6694.95	9.07286e-16
6696.4	9.64501e-16
6697.86	9.89552e-16
6699.32	9.87193e-16
6700.78	9.84838e-16
6702.24	9.82483e-16
6703.7	9.80131e-16
6705.16	9.7778e-16
6706.62	9.75431e-16
6708.08	9.73084e-16
6709.54	9.70739e-16
6711	9.68395e-16
6712.46	9.66052e-16
6713.92	9.6259e-16
6715.38	9.59129e-16
6716.84	9.55672e-16
6718.3	9.52216e-16
6719.76	9.48764e-16
6721.22	9.45314e-16
6722.68	9.41866e-16
6724.14	9.38421e-16
6725.6	9.34978e-16
6727.06	9.31539e-16
6728.52	9.28101e-16
6729.98	9.24667e-16
6731.44	9.21234e-16
6732.9	9.17804e-16
6734.36	9.14376e-16
6735.82	9.1095e-16
6737.28	9.07528e-16
6738.74	9.04108e-16
6740.2	9.00691e-16
6741.66	8.97276e-16
6743.12	8.93864e-16
6744.58	8.90453e-16
6746.04	8.87046e-16
6747.5	8.83641e-16
6748.96	8.80238e-16
6750.42	9.13641e-16
6751.88	8.85504e-16
6753.34	8.27936e-16
6754.8	8.39159e-16
6756.26	8.74183e-16
6757.72	8.77934e-16
6759.18	8.59557e-16
6760.64	8.29816e-16
6762.1	8.44814e-16
6763.56	8.57352e-16
6765.01	8.20942e-16
6766.47	8.11589e-16
6767.93	8.23029e-16
6769.39	8.56251e-16
6770.85	8.69343e-16
6772.31	8.79072e-16
6773.77	8.60641e-16
6775.23	8.10316e-16
6776.69	8.45589e-16
6778.15	8.95446e-16
6779.61	8.11337e-16
6781.07	7.75371e-16
6782.53	8.57245e-16
6783.99	8.48702e-16
6785.45	7.84442e-16
6786.91	8.0791e-16
6788.37	8.77801e-16
6789.83	8.49782e-16
6791.29	8.27077e-16
6792.75	8.26275e-16
6794.21	8.18286e-16
6795.67	8.14837e-16
6797.13	8.25903e-16
6798.59	8.31397e-16
6800.05	7.90678e-16
6801.51	7.87567e-16
6802.97	7.89059e-16
6804.43	7.88194e-16
6805.89	8.398e-16
6807.35	8.5434e-16
6808.81	8.27927e-16
6810.27	8.38649e-16
6811.73	7.86693e-16
6813.19	7.53459e-16
6814.65	7.89145e-16
6816.11	8.56334e-16
6817.57	8.8996e-16
6819.03	8.26239e-16
6820.49	8.00084e-16
6821.95	7.80564e-16
6823.41	8.03248e-16
6824.87	8.01826e-16
6826.33	7.66716e-16
6827.79	7.71462e-16
6829.25	8.14014e-16
6830.71	8.03817e-16
6832.17	8.08858e-16
6833.62	7.80521e-16
6835.08	7.92424e-16
6836.54	7.86104e-16
6838	7.94204e-16
6839.46	7.91536e-16
6840.92	8.31842e-16
6842.38	8.31937e-16
6843.84	8.05532e-16
6845.3	8.12939e-16
6846.76	8.07438e-16
6848.22	8.3021e-16
6849.68	8.21063e-16
6851.14	8.32932e-16
6852.6	8.23169e-16
6854.06	8.52489e-16
6855.52	8.71122e-16
6856.98	8.22038e-16
6858.44	7.58404e-16
6859.9	7.87114e-16
6861.36	8.62288e-16
6862.82	8.88872e-16
6864.28	8.34575e-16
6865.74	8.84435e-16
6867.2	8.57579e-16
6868.66	8.59991e-16
6870.12	8.41967e-16
6871.58	8.36117e-16
6873.04	8.47513e-16
6874.5	8.71179e-16
6875.96	8.74455e-16
6877.42	8.83095e-16
6878.88	9.06786e-16
6880.34	8.65631e-16
6881.8	7.90451e-16
6883.26	8.49139e-16
6884.72	8.73189e-16
6886.18	8.88956e-16
6887.64	8.76631e-16
6889.1	8.82113e-16
6890.56	9.21793e-16
6892.02	9.43022e-16
6893.48	8.98131e-16
6894.94	8.7079e-16
6896.4	9.0409e-16
6897.86	9.53401e-16
6899.31	9.59569e-16
6900.77	9.33702e-16
6902.23	9.42533e-16
6903.69	9.72366e-16
6905.15	9.05895e-16
6906.61	8.985e-16
6908.07	9.25034e-16
6909.53	9.31408e-16
6910.99	9.45649e-16
6912.45	9.59896e-16
6913.91	9.10018e-16
6915.37	9.40589e-16
6916.83	8.99205e-16
6918.29	9.08431e-16
6919.75	9.01957e-16
6921.21	9.06683e-16
6922.67	9.45698e-16
6924.13	9.43283e-16
6925.59	8.81507e-16
6927.05	9.52408e-16
6928.51	9.51226e-16
6929.97	9.10397e-16
6931.43	8.74218e-16
6932.89	9.66226e-16
6934.35	9.69012e-16
6935.81	9.43094e-16
6937.27	9.15617e-16
6938.73	9.42708e-16
6940.19	9.08734e-16
6941.65	9.2543e-16
6943.11	9.8127e-16
6944.57	9.74606e-16
6946.03	9.84583e-16
6947.49	9.13614e-16
6948.95	9.45083e-16
6950.41	9.31406e-16
6951.87	9.07558e-16
6953.33	9.41139e-16
6954.79	9.6905e-16
6956.25	9.22086e-16
6957.71	9.58086e-16
6959.17	9.5186e-16
6960.63	9.08967e-16
6962.09	9.39487e-16
6963.55	9.6232e-16
6965	1.00985e-15
6966.46	9.78086e-16
6967.92	9.05682e-16
6969.38	9.33278e-16
6970.84	9.34768e-16
6972.3	8.89209e-16
6973.76	9.24468e-16
6975.22	9.42944e-16
6976.68	9.27409e-16
6978.14	9.03327e-16
6979.6	8.64229e-16
6981.06	9.32133e-16
6982.52	9.39192e-16
6983.98	9.28439e-16
6985.44	9.38954e-16
6986.9	9.31803e-16
6988.36	9.23298e-16
6989.82	9.38272e-16
6991.28	8.96353e-16
6992.74	8.80061e-16
6994.2	9.21763e-16
6995.66	9.47198e-16
6997.12	8.67899e-16
6998.58	8.14691e-16
7000.04	8.76406e-16
7001.5	8.95266e-16
7002.96	8.83888e-16
7004.42	8.51246e-16
7005.88	8.81244e-16
7007.34	9.45722e-16
7008.8	8.98691e-16
7010.26	8.56353e-16
7011.72	8.69389e-16
7013.18	8.92912e-16
7014.64	8.80559e-16
7016.1	8.73625e-16
7017.56	8.6898e-16
7019.02	8.7178e-16
7020.48	8.80829e-16
7021.94	8.83992e-16
7023.4	8.94024e-16
7024.86	8.6653e-16
7026.32	8.67339e-16
7027.78	8.88229e-16
7029.24	9.21392e-16
7030.7	9.25386e-16
7032.15	8.93192e-16
7033.61	8.9272e-16
7035.07	8.94962e-16
7036.53	9.08532e-16
7037.99	9.16303e-16
7039.45	9.00139e-16
7040.91	9.02843e-16
7042.37	8.61677e-16
7043.83	8.28121e-16
7045.29	8.73447e-16
7046.75	9.05918e-16
7048.21	8.9986e-16
7049.67	8.63831e-16
7051.13	8.82537e-16
7052.59	9.5307e-16
7054.05	9.207e-16
7055.51	8.51156e-16
7056.97	9.15105e-16
7058.43	9.77218e-16
7059.89	9.28697e-16
7061.35	8.46023e-16
7062.81	8.51823e-16
7064.27	8.95652e-16
7065.73	8.39486e-16
7067.19	8.09944e-16
7068.65	8.27559e-16
7070.11	8.19947e-16
7071.57	8.44446e-16
7073.03	8.76397e-16
7074.49	8.79127e-16
7075.95	8.70711e-16
7077.41	8.74984e-16
7078.87	9.14559e-16
7080.33	9.0526e-16
7081.79	8.76281e-16
7083.25	9.01945e-16
7084.71	8.98367e-16
7086.17	9.20577e-16
7087.63	9.29214e-16
7089.09	8.60068e-16
7090.55	8.69513e-16
7092.01	8.95653e-16
7093.47	9.03411e-16
7094.93	8.55563e-16
7096.39	8.52257e-16
7097.84	9.21543e-16
7099.3	8.8538e-16
7100.76	8.44231e-16
7102.22	8.3801e-16
7103.68	8.55426e-16
7105.14	8.71144e-16
7106.6	8.88029e-16
7108.06	8.78207e-16
7109.52	8.14193e-16
7110.98	7.91246e-16
7112.44	8.54596e-16
7113.9	8.57043e-16
7115.36	8.64509e-16
7116.82	9.09248e-16
7118.28	9.06431e-16
7119.74	8.93712e-16
7121.2	8.80344e-16
7122.66	8.55374e-16
7124.12	8.50154e-16
7125.58	8.48936e-16
7127.04	8.73075e-16
7128.5	8.63964e-16
7129.96	9.19285e-16
7131.42	9.25231e-16
7132.88	8.84832e-16
7134.34	8.85243e-16
7135.8	8.94308e-16
7137.26	8.82331e-16
7138.72	8.61563e-16
7140.18	8.66683e-16
7141.64	8.70089e-16
7143.1	8.56651e-16
7144.56	8.83512e-16
7146.02	8.48567e-16
7147.48	8.08953e-16
7148.94	8.72316e-16
7150.4	8.55359e-16
7151.86	8.15103e-16
7153.32	8.52734e-16
7154.78	8.72215e-16
7156.24	8.32838e-16
7157.7	8.55297e-16
7159.16	8.89149e-16
7160.62	8.72857e-16
7162.08	8.101e-16
7163.54	7.92826e-16
7164.99	8.37413e-16
7166.45	8.70428e-16
7167.91	8.12823e-16
7169.37	7.84621e-16
7170.83	8.34642e-16
7172.29	8.21364e-16
7173.75	8.4476e-16
7175.21	8.21074e-16
7176.67	8.36747e-16
7178.13	8.8815e-16
7179.59	8.67136e-16
7181.05	8.27332e-16
7182.51	8.50481e-16
7183.97	8.5636e-16
7185.43	8.28591e-16
7186.89	8.09327e-16
7188.35	8.42081e-16
7189.81	8.97529e-16
7191.27	9.05763e-16
7192.73	8.34018e-16
7194.19	9.04816e-16
7195.65	9.13094e-16
7197.11	8.15639e-16
7198.57	8.28003e-16
7200.03	8.68485e-16
7201.49	8.56366e-16
7202.95	8.60013e-16
7204.41	8.65381e-16
7205.87	7.82152e-16
7207.33	8.04907e-16
7208.79	8.62083e-16
7210.25	8.26741e-16
7211.71	7.70158e-16
7213.17	7.85999e-16
7214.63	7.57592e-16
7216.09	7.61643e-16
7217.55	7.48624e-16
7219.01	7.80419e-16
7220.47	7.89763e-16
7221.93	7.705e-16
7223.39	7.49358e-16
7224.85	7.78859e-16
7226.31	7.97969e-16
7227.77	7.87839e-16
7229.23	7.94538e-16
7230.69	8.57389e-16
7232.14	8.48687e-16
7233.6	8.37818e-16
7235.06	8.17985e-16
7236.52	7.77789e-16
7237.98	7.3092e-16
7239.44	7.30777e-16
7240.9	7.80965e-16
7242.36	8.56636e-16
7243.82	7.89918e-16
7245.28	7.48014e-16
7246.74	7.3557e-16
7248.2	7.48693e-16
7249.66	7.15678e-16
7251.12	7.19123e-16
7252.58	7.52076e-16
7254.04	7.46219e-16
7255.5	7.4076e-16
7256.96	7.50228e-16
7258.42	7.51276e-16
7259.88	7.81878e-16
7261.34	8.13126e-16
7262.8	7.96212e-16
7264.26	7.52127e-16
7265.72	7.65932e-16
7267.18	7.87947e-16
7268.64	7.43945e-16
7270.1	7.70807e-16
7271.56	7.95891e-16
7273.02	7.52835e-16
7274.48	7.69768e-16
7275.94	7.82733e-16
7277.4	7.90046e-16
7278.86	7.53372e-16
7280.32	7.24519e-16
7281.78	7.47077e-16
7283.24	7.47591e-16
7284.7	7.40957e-16
7286.16	6.84574e-16
7287.62	6.87934e-16
7289.08	7.02031e-16
7290.54	6.53816e-16
7292	6.78221e-16
7293.46	7.27035e-16
7294.92	7.1443e-16
7296.38	7.15706e-16
7297.84	7.16809e-16
7299.3	6.60515e-16
7300.75	6.38256e-16
7302.21	7.13183e-16
7303.67	6.8102e-16
7305.13	6.55395e-16
7306.59	6.98951e-16
7308.05	7.25403e-16
7309.51	7.28568e-16
7310.97	7.09804e-16
7312.43	7.10626e-16
7313.89	7.5196e-16
7315.35	7.39014e-16
7316.81	7.7703e-16
7318.27	7.4307e-16
7319.73	6.59099e-16
7321.19	6.58115e-16
7322.65	6.68962e-16
7324.11	6.99338e-16
7325.57	7.16357e-16
7327.03	7.34347e-16
7328.49	7.07915e-16
7329.95	6.90047e-16
7331.41	7.017e-16
7332.87	6.90521e-16
7334.33	7.13509e-16
7335.79	7.20485e-16
7337.25	6.7042e-16
7338.71	6.73364e-16
7340.17	6.64399e-16
7341.63	6.17727e-16
7343.09	6.41643e-16
7344.55	6.95545e-16
7346.01	6.72538e-16
7347.47	6.38807e-16
7348.93	6.56936e-16
7350.39	7.35544e-16
7351.85	7.41029e-16
7353.31	7.21047e-16
7354.77	7.00908e-16
7356.23	6.5465e-16
7357.69	6.8732e-16
7359.15	6.27497e-16
7360.61	6.46153e-16
7362.07	6.52426e-16
7363.53	6.26035e-16
