3452.83	6.77956e-16
3454.29	7.37002e-16
3455.75	9.05299e-16
3457.21	9.82603e-16
3458.67	9.08731e-16
3460.13	8.97738e-16
3461.59	9.58387e-16
3463.05	9.38517e-16
3464.51	8.43474e-16
3465.97	7.94043e-16
3467.43	9.03383e-16
3468.89	1.03317e-15
3470.35	9.66777e-16
3471.81	8.33197e-16
3473.27	8.06062e-16
3474.73	8.43206e-16
3476.19	8.94493e-16
3477.65	9.07722e-16
3479.11	9.24225e-16
3480.57	8.93882e-16
3482.03	7.4476e-16
3483.49	6.81443e-16
3484.95	8.84498e-16
3486.41	9.77595e-16
3487.86	7.59321e-16
3489.32	7.13978e-16
3490.78	8.45228e-16
3492.24	7.97002e-16
3493.7	7.65302e-16
3495.16	7.52386e-16
3496.62	7.92127e-16
3498.08	9.676e-16
3499.54	9.55205e-16
3501	8.55042e-16
3502.46	7.95617e-16
3503.92	8.29394e-16
3505.38	8.34847e-16
3506.84	7.7265e-16
3508.3	8.09016e-16
3509.76	9.42042e-16
3511.22	9.33023e-16
3512.68	7.56144e-16
3514.14	8.08331e-16
3515.6	8.79828e-16
3517.06	8.57821e-16
3518.52	8.82397e-16
3519.98	1.02723e-15
3521.44	1.00927e-15
3522.9	8.59451e-16
3524.36	9.14887e-16
3525.82	9.28121e-16
3527.28	9.04308e-16
3528.74	9.53057e-16
3530.2	9.55029e-16
3531.66	8.9167e-16
3533.12	8.42668e-16
3534.58	8.40027e-16
3536.04	8.34857e-16
3537.5	8.35142e-16
3538.96	8.84516e-16
3540.42	9.44054e-16
3541.88	8.86503e-16
3543.34	9.04941e-16
3544.8	9.84167e-16
3546.26	9.56233e-16
3547.72	8.4583e-16
3549.18	7.65215e-16
3550.64	7.78666e-16
3552.1	7.82686e-16
3553.56	9.59255e-16
3555.01	1.13556e-15
3556.47	1.01677e-15
3557.93	9.908e-16
3559.39	9.97838e-16
3560.85	9.32058e-16
3562.31	9.93938e-16
3563.77	9.96313e-16
3565.23	8.80682e-16
3566.69	1.02593e-15
3568.15	1.10438e-15
3569.61	1.02854e-15
3571.07	1.02482e-15
3572.53	9.93555e-16
3573.99	9.88861e-16
3575.45	9.10754e-16
3576.91	8.92851e-16
3578.37	9.05571e-16
3579.83	9.32145e-16
3581.29	1.04334e-15
3582.75	1.07788e-15
3584.21	9.56383e-16
3585.67	8.83063e-16
3587.13	8.71335e-16
3588.59	8.71623e-16
3590.05	7.98116e-16
3591.51	8.67302e-16
3592.97	8.88724e-16
3594.43	9.7045e-16
3595.89	9.72861e-16
3597.35	8.37926e-16
3598.81	8.31448e-16
3600.27	8.75536e-16
3601.73	8.67832e-16
3603.19	8.43536e-16
3604.65	8.42028e-16
3606.11	8.41821e-16
3607.57	7.20291e-16
3609.03	8.03579e-16
3610.49	8.30898e-16
3611.95	6.90326e-16
3613.41	6.41318e-16
3614.87	7.66868e-16
3616.33	7.60234e-16
3617.79	6.85967e-16
3619.25	6.99237e-16
3620.71	7.92933e-16
3622.16	8.09729e-16
3623.62	7.51966e-16
3625.08	7.81644e-16
3626.54	7.32332e-16
3628	6.89928e-16
3629.46	8.0043e-16
3630.92	7.68328e-16
3632.38	6.7149e-16
3633.84	6.81083e-16
3635.3	6.84338e-16
3636.76	6.5727e-16
3638.22	5.99938e-16
3639.68	6.63986e-16
3641.14	6.27625e-16
3642.6	5.45409e-16
3644.06	6.055e-16
3645.52	6.35132e-16
3646.98	6.69572e-16
3648.44	5.8513e-16
3649.9	5.62526e-16
3651.36	6.49975e-16
3652.82	6.63428e-16
3654.28	5.97089e-16
3655.74	6.25486e-16
3657.2	6.93654e-16
3658.66	7.83776e-16
3660.12	7.31233e-16
3661.58	6.70116e-16
3663.04	6.98189e-16
3664.5	5.78426e-16
3665.96	5.39633e-16
3667.42	6.49838e-16
3668.88	7.57004e-16
3670.34	7.36977e-16
3671.8	5.72512e-16
3673.26	6.14601e-16
3674.72	6.32422e-16
3676.18	6.27198e-16
3677.64	6.38303e-16
3679.1	6.05137e-16
3680.56	6.2441e-16
3682.02	6.61478e-16
3683.48	6.74136e-16
3684.94	6.32487e-16
3686.4	5.82824e-16
3687.85	5.74215e-16
3689.31	5.02247e-16
3690.77	4.78859e-16
3692.23	5.14543e-16
3693.69	6.27022e-16
3695.15	6.9554e-16
3696.61	6.51803e-16
3698.07	6.07791e-16
3699.53	4.93677e-16
3700.99	4.69196e-16
3702.45	5.38945e-16
3703.91	5.32401e-16
3705.37	5.12007e-16
3706.83	4.64094e-16
3708.29	4.69769e-16
3709.75	4.75445e-16
3711.21	4.82963e-16
3712.67	4.90482e-16
3714.13	4.98003e-16
3715.59	5.05528e-16
3717.05	5.13054e-16
3718.51	5.20582e-16
3719.97	5.28112e-16
3721.43	5.35645e-16
3722.89	5.4318e-16
3724.35	5.50717e-16
3725.81	5.58256e-16
3727.27	5.65799e-16
3728.73	5.73343e-16
3730.19	5.80889e-16
3731.65	5.88439e-16
3733.11	5.95989e-16
3734.57	6.03542e-16
3736.03	6.11097e-16
3737.49	6.18655e-16
3738.95	6.26216e-16
3740.41	6.33779e-16
3741.87	6.41343e-16
3743.33	6.4891e-16
3744.79	6.56479e-16
3746.25	6.6405e-16
3747.71	6.71624e-16
3749.17	6.53529e-16
3750.63	7.57711e-16
3752.09	7.25882e-16
3753.55	7.47026e-16
3755	7.82309e-16
3756.46	7.30294e-16
3757.92	7.58466e-16
3759.38	8.36271e-16
3760.84	8.13779e-16
3762.3	8.18756e-16
3763.76	8.35946e-16
3765.22	8.12969e-16
3766.68	7.97672e-16
3768.14	8.03885e-16
3769.6	7.75236e-16
3771.06	8.0025e-16
3772.52	8.28252e-16
3773.98	8.65392e-16
3775.44	9.19493e-16
3776.9	9.81092e-16
3778.36	9.55942e-16
3779.82	9.4153e-16
3781.28	1.00641e-15
3782.74	1.01283e-15
3784.2	9.55601e-16
3785.66	8.69214e-16
3787.12	8.82105e-16
3788.58	1.03456e-15
3790.04	1.01126e-15
3791.5	9.74855e-16
3792.96	9.62431e-16
3794.42	9.5246e-16
3795.88	1.02947e-15
3797.34	1.06425e-15
3798.8	1.15717e-15
3800.26	1.16472e-15
3801.72	1.12599e-15
3803.18	1.17882e-15
3804.64	1.1852e-15
3806.1	1.19481e-15
3807.56	1.27614e-15
3809.02	1.36548e-15
3810.48	1.30906e-15
3811.94	1.23199e-15
3813.4	1.32881e-15
3814.86	1.36112e-15
3816.32	1.21978e-15
3817.78	1.16067e-15
3819.24	1.32978e-15
3820.7	1.33462e-15
3822.15	1.27067e-15
3823.61	1.36077e-15
3825.07	1.37945e-15
3826.53	1.42074e-15
3827.99	1.45651e-15
3829.45	1.38848e-15
3830.91	1.43389e-15
3832.37	1.52725e-15
3833.83	1.45761e-15
3835.29	1.40434e-15
3836.75	1.41435e-15
3838.21	1.38021e-15
3839.67	1.43247e-15
3841.13	1.45803e-15
3842.59	1.41871e-15
3844.05	1.42518e-15
3845.51	1.54146e-15
3846.97	1.48241e-15
3848.43	1.40471e-15
3849.89	1.39578e-15
3851.35	1.43497e-15
3852.81	1.44321e-15
3854.27	1.47556e-15
3855.73	1.43489e-15
3857.19	1.38115e-15
3858.65	1.41445e-15
3860.11	1.34028e-15
3861.57	1.31537e-15
3863.03	1.29651e-15
3864.49	1.29309e-15
3865.95	1.30853e-15
3867.41	1.32788e-15
3868.87	1.33873e-15
3870.33	1.39596e-15
3871.79	1.39145e-15
3873.25	1.304e-15
3874.71	1.21673e-15
3876.17	1.24025e-15
3877.63	1.27334e-15
3879.09	1.26906e-15
3880.55	1.23877e-15
3882.01	1.20833e-15
3883.47	1.26247e-15
3884.93	1.31133e-15
3886.39	1.28345e-15
3887.85	1.28344e-15
3889.3	1.20732e-15
3890.76	1.21184e-15
3892.22	1.28362e-15
3893.68	1.31179e-15
3895.14	1.39036e-15
3896.6	1.29173e-15
3898.06	1.21949e-15
3899.52	1.33781e-15
3900.98	1.28632e-15
3902.44	1.22682e-15
3903.9	1.2524e-15
3905.36	1.19663e-15
3906.82	1.18539e-15
3908.28	1.21722e-15
3909.74	1.25976e-15
3911.2	1.30641e-15
3912.66	1.35986e-15
3914.12	1.30673e-15
3915.58	1.26853e-15
3917.04	1.3737e-15
3918.5	1.37301e-15
3919.96	1.32358e-15
3921.42	1.32232e-15
3922.88	1.35479e-15
3924.34	1.30706e-15
3925.8	1.25125e-15
3927.26	1.26405e-15
3928.72	1.19731e-15
3930.18	1.18062e-15
3931.64	1.24236e-15
3933.1	1.24457e-15
3934.56	1.36017e-15
3936.02	1.40912e-15
3937.48	1.27293e-15
3938.94	1.29861e-15
3940.4	1.2665e-15
3941.86	1.19403e-15
3943.32	1.27818e-15
3944.78	1.28358e-15
3946.24	1.23945e-15
3947.7	1.29796e-15
3949.16	1.34473e-15
3950.62	1.31806e-15
3952.08	1.24053e-15
3953.54	1.28802e-15
3954.99	1.29077e-15
3956.45	1.29859e-15
3957.91	1.28757e-15
3959.37	1.19001e-15
3960.83	1.25506e-15
3962.29	1.32722e-15
3963.75	1.23529e-15
3965.21	1.18154e-15
3966.67	1.20633e-15
3968.13	1.26041e-15
3969.59	1.25561e-15
3971.05	1.2345e-15
3972.51	1.18176e-15
3973.97	1.14137e-15
3975.43	1.24896e-15
3976.89	1.34282e-15
3978.35	1.26771e-15
3979.81	1.20256e-15
3981.27	1.22245e-15
3982.73	1.22684e-15
3984.19	1.23615e-15
3985.65	1.22436e-15
3987.11	1.19472e-15
3988.57	1.18006e-15
3990.03	1.12731e-15
3991.49	1.0857e-15
3992.95	1.10683e-15
3994.41	1.12694e-15
3995.87	1.14889e-15
3997.33	1.13695e-15
3998.79	1.13078e-15
4000.25	1.15431e-15
4001.71	1.1886e-15
4003.17	1.19027e-15
4004.63	1.11752e-15
4006.09	1.06655e-15
4007.55	1.06224e-15
4009.01	1.06034e-15
4010.47	1.11844e-15
4011.93	1.14732e-15
4013.39	1.12891e-15
4014.85	1.0491e-15
4016.31	9.92348e-16
4017.77	1.00654e-15
4019.23	1.04844e-15
4020.69	1.10623e-15
4022.14	1.09027e-15
4023.6	1.05513e-15
4025.06	1.11006e-15
4026.52	1.14498e-15
4027.98	1.09562e-15
4029.44	1.02633e-15
4030.9	1.10951e-15
4032.36	1.15089e-15
4033.82	1.02355e-15
4035.28	1.01947e-15
4036.74	1.07901e-15
4038.2	1.08948e-15
4039.66	1.07936e-15
4041.12	1.06828e-15
4042.58	1.11682e-15
4044.04	1.20726e-15
4045.5	1.19674e-15
4046.96	1.22684e-15
4048.42	1.23896e-15
4049.88	1.20221e-15
4051.34	1.1473e-15
4052.8	1.11499e-15
4054.26	1.1339e-15
4055.72	1.16633e-15
4057.18	1.06383e-15
4058.64	1.02411e-15
4060.1	1.11618e-15
4061.56	1.22512e-15
4063.02	1.12621e-15
4064.48	1.07749e-15
4065.94	1.10842e-15
4067.4	1.15558e-15
4068.86	1.12501e-15
4070.32	1.11616e-15
4071.78	1.16699e-15
4073.24	1.11415e-15
4074.7	1.02168e-15
4076.16	1.09897e-15
4077.62	1.11703e-15
4079.08	1.12229e-15
4080.54	1.13073e-15
4082	1.13925e-15
4083.46	1.08983e-15
4084.92	1.01763e-15
4086.38	9.69545e-16
4087.84	1.02609e-15
4089.29	1.08005e-15
4090.75	1.03268e-15
4092.21	1.02273e-15
4093.67	1.12681e-15
4095.13	1.11449e-15
4096.59	1.06524e-15
4098.05	1.07743e-15
4099.51	1.05322e-15
4100.97	9.89425e-16
4102.43	1.02148e-15
4103.89	9.75717e-16
4105.35	9.03722e-16
4106.81	9.82321e-16
4108.27	1.06648e-15
4109.73	1.08012e-15
4111.19	1.0555e-15
4112.65	1.07189e-15
4114.11	1.10265e-15
4115.57	1.05534e-15
4117.03	1.05786e-15
4118.49	9.96367e-16
4119.95	9.30348e-16
4121.41	9.80322e-16
4122.87	9.56861e-16
4124.33	9.43877e-16
4125.79	9.99983e-16
4127.25	1.00442e-15
4128.71	1.0469e-15
4130.17	1.05808e-15
4131.63	9.92572e-16
4133.09	9.75639e-16
4134.55	9.79836e-16
4136.01	1.01488e-15
4137.47	9.43768e-16
4138.93	8.96799e-16
4140.39	9.97454e-16
4141.85	1.03754e-15
4143.31	9.59935e-16
4144.77	8.79693e-16
4146.23	9.08362e-16
4147.69	9.5916e-16
4149.15	9.86637e-16
4150.61	9.67681e-16
4152.07	9.13521e-16
4153.53	9.38578e-16
4154.98	1.01574e-15
4156.44	1.00654e-15
4157.9	9.38104e-16
4159.36	9.84769e-16
4160.82	9.84241e-16
4162.28	9.33782e-16
4163.74	9.46464e-16
4165.2	9.63517e-16
4166.66	9.36702e-16
4168.12	9.10312e-16
4169.58	8.90031e-16
4171.04	9.69411e-16
4172.5	1.00684e-15
4173.96	9.10359e-16
4175.42	9.46281e-16
4176.88	1.03883e-15
4178.34	9.74322e-16
4179.8	1.00457e-15
4181.26	1.07843e-15
4182.72	9.87911e-16
4184.18	9.18994e-16
4185.64	9.45886e-16
4187.1	9.49257e-16
4188.56	9.76029e-16
4190.02	9.5476e-16
4191.48	9.25083e-16
4192.94	9.32124e-16
4194.4	9.199e-16
4195.86	9.34923e-16
4197.32	9.50495e-16
4198.78	9.46392e-16
4200.24	9.28658e-16
4201.7	8.97901e-16
4203.16	9.11934e-16
4204.62	9.36474e-16
4206.08	8.54719e-16
4207.54	8.25457e-16
4209	8.59901e-16
4210.46	8.78988e-16
4211.92	8.72859e-16
4213.38	8.84606e-16
4214.84	9.16903e-16
4216.3	9.55361e-16
4217.76	9.07925e-16
4219.22	9.40444e-16
4220.68	8.68517e-16
4222.13	8.33722e-16
4223.6	8.56219e-16
4225.05	8.31544e-16
4226.51	8.23737e-16
4227.97	8.65478e-16
4229.43	8.46993e-16
4230.89	8.52821e-16
4232.35	8.81728e-16
4233.81	8.46944e-16
4235.27	8.30843e-16
4236.73	8.14263e-16
4238.19	7.9727e-16
4239.65	7.89234e-16
4241.11	7.95915e-16
4242.57	8.30585e-16
4244.03	7.82186e-16
4245.49	7.66483e-16
4246.95	8.64941e-16
4248.41	8.88775e-16
4249.87	7.82625e-16
4251.33	7.80461e-16
4252.79	7.86652e-16
4254.25	7.65386e-16
4255.71	7.65782e-16
4257.17	8.19799e-16
4258.63	8.64431e-16
4260.09	8.22863e-16
4261.55	7.77517e-16
4263.01	8.13145e-16
4264.47	8.70835e-16
4265.93	8.84897e-16
4267.39	8.42029e-16
4268.85	8.1383e-16
4270.31	8.7267e-16
4271.77	8.83008e-16
4273.23	8.59309e-16
4274.69	8.63402e-16
4276.15	8.11572e-16
4277.61	8.32571e-16
4279.07	8.82051e-16
4280.53	9.09846e-16
4281.99	9.07698e-16
4283.45	9.17282e-16
4284.91	9.34238e-16
4286.37	8.96966e-16
4287.83	8.37671e-16
4289.29	9.17862e-16
4290.74	1.00368e-15
4292.2	9.46324e-16
4293.66	9.27653e-16
4295.12	9.61184e-16
4296.58	9.19756e-16
4298.04	8.96639e-16
4299.5	9.47017e-16
4300.96	9.52865e-16
4302.42	8.99795e-16
4303.88	9.07346e-16
4305.34	9.56743e-16
4306.8	9.94687e-16
4308.26	9.98555e-16
4309.72	9.81971e-16
4311.18	9.73941e-16
4312.64	1.01382e-15
4314.1	1.07725e-15
4315.56	1.0485e-15
4317.02	1.03692e-15
4318.48	1.0557e-15
4319.94	9.98165e-16
4321.4	9.84177e-16
4322.86	9.65476e-16
4324.32	9.96714e-16
4325.78	1.02909e-15
4327.24	1.02239e-15
4328.7	1.03348e-15
4330.16	1.04388e-15
4331.62	1.11588e-15
4333.08	1.15484e-15
4334.54	1.15705e-15
4336	1.19596e-15
4337.46	1.19586e-15
4338.92	1.1931e-15
4340.38	1.20169e-15
4341.84	1.12704e-15
4343.3	1.10194e-15
4344.76	1.15877e-15
4346.22	1.16823e-15
4347.68	1.1777e-15
4349.14	1.18717e-15
4350.6	1.19664e-15
4352.06	1.20613e-15
4353.52	1.21561e-15
4354.98	1.2251e-15
4356.44	1.23459e-15
4357.89	1.24409e-15
4359.35	1.25359e-15
4360.81	1.26309e-15
4362.27	1.2726e-15
4363.73	1.28212e-15
4365.19	1.29164e-15
4366.65	1.30116e-15
4368.11	1.31068e-15
4369.57	1.32021e-15
4371.03	1.32975e-15
4372.49	1.33929e-15
4373.95	1.34883e-15
4375.41	1.35838e-15
4376.87	1.36793e-15
4378.33	1.37749e-15
4379.79	1.38705e-15
4381.25	1.39661e-15
4382.71	1.44921e-15
4384.17	1.50556e-15
4385.63	1.44349e-15
4387.09	1.46294e-15
4388.55	1.56615e-15
4390.01	1.54122e-15
4391.47	1.52344e-15
4392.93	1.61387e-15
4394.39	1.69058e-15
4395.85	1.67516e-15
4397.31	1.65279e-15
4398.77	1.67696e-15
4400.23	1.65689e-15
4401.69	1.68018e-15
4403.15	1.63399e-15
4404.61	1.57688e-15
4406.07	1.6261e-15
4407.53	1.61778e-15
4408.99	1.59824e-15
4410.45	1.68347e-15
4411.91	1.71243e-15
4413.37	1.67673e-15
4414.83	1.6778e-15
4416.29	1.64422e-15
4417.75	1.55056e-15
4419.21	1.52673e-15
4420.67	1.58251e-15
4422.13	1.50634e-15
4423.58	1.43963e-15
4425.04	1.55555e-15
4426.5	1.63797e-15
4427.96	1.59847e-15
4429.42	1.55114e-15
4430.88	1.60541e-15
4432.34	1.5704e-15
4433.8	1.58463e-15
4435.26	1.64557e-15
4436.72	1.64815e-15
4438.18	1.67776e-15
4439.64	1.65398e-15
4441.1	1.60721e-15
4442.56	1.59471e-15
4444.02	1.61118e-15
4445.48	1.75785e-15
4446.94	1.77757e-15
4448.4	1.61456e-15
4449.86	1.61713e-15
4451.32	1.74091e-15
4452.78	1.69972e-15
4454.24	1.57089e-15
4455.7	1.59948e-15
4457.16	1.67598e-15
4458.62	1.63877e-15
4460.08	1.64335e-15
4461.54	1.63989e-15
4463	1.66379e-15
4464.46	1.6803e-15
4465.92	1.61901e-15
4467.38	1.64739e-15
4468.84	1.63428e-15
4470.3	1.61375e-15
4471.76	1.58828e-15
4473.22	1.59133e-15
4474.68	1.54216e-15
4476.14	1.52709e-15
4477.6	1.56633e-15
4479.06	1.53443e-15
4480.52	1.55152e-15
4481.98	1.53788e-15
4483.44	1.49792e-15
4484.9	1.4967e-15
4486.36	1.42066e-15
4487.82	1.48027e-15
4489.28	1.45975e-15
4490.73	1.38587e-15
4492.19	1.46538e-15
4493.65	1.43669e-15
4495.11	1.44165e-15
4496.57	1.46714e-15
4498.03	1.38905e-15
4499.49	1.3465e-15
4500.95	1.42212e-15
4502.41	1.41475e-15
4503.87	1.4009e-15
4505.33	1.38877e-15
4506.79	1.43494e-15
4508.25	1.42181e-15
4509.71	1.30705e-15
4511.17	1.2893e-15
4512.63	1.3767e-15
4514.09	1.38169e-15
4515.55	1.27526e-15
4517.01	1.25182e-15
4518.47	1.30568e-15
4519.93	1.32832e-15
4521.39	1.34499e-15
4522.85	1.34184e-15
4524.31	1.28401e-15
4525.77	1.31048e-15
4527.23	1.37426e-15
4528.69	1.34986e-15
4530.15	1.27859e-15
4531.61	1.24007e-15
4533.07	1.31797e-15
4534.53	1.34367e-15
4535.99	1.35236e-15
4537.45	1.31377e-15
4538.91	1.29937e-15
4540.37	1.32623e-15
4541.83	1.30158e-15
4543.29	1.35788e-15
4544.75	1.39637e-15
4546.21	1.41545e-15
4547.67	1.37673e-15
4549.13	1.35072e-15
4550.59	1.34278e-15
4552.05	1.32341e-15
4553.51	1.36682e-15
4554.97	1.36072e-15
4556.42	1.3591e-15
4557.88	1.38204e-15
4559.34	1.35452e-15
4560.8	1.34264e-15
4562.26	1.35692e-15
4563.72	1.37662e-15
4565.18	1.38683e-15
4566.64	1.38842e-15
4568.1	1.36096e-15
4569.56	1.38101e-15
4571.02	1.4033e-15
4572.48	1.34577e-15
4573.94	1.27671e-15
4575.4	1.26422e-15
4576.86	1.28476e-15
4578.32	1.35576e-15
4579.78	1.34089e-15
4581.24	1.29842e-15
4582.7	1.3158e-15
4584.16	1.30239e-15
4585.62	1.28335e-15
4587.08	1.3183e-15
4588.54	1.30603e-15
4590	1.2244e-15
4591.46	1.23308e-15
4592.92	1.25443e-15
4594.38	1.25443e-15
4595.84	1.2825e-15
4597.3	1.32125e-15
4598.76	1.29013e-15
4600.22	1.30823e-15
4601.68	1.27862e-15
4603.14	1.26918e-15
4604.6	1.28325e-15
4606.06	1.29446e-15
4607.52	1.32724e-15
4608.98	1.34768e-15
4610.44	1.35062e-15
4611.9	1.37502e-15
4613.36	1.33222e-15
4614.82	1.34422e-15
4616.28	1.326e-15
4617.74	1.28231e-15
4619.2	1.38939e-15
4620.66	1.43347e-15
4622.12	1.41465e-15
4623.57	1.44655e-15
4625.03	1.38876e-15
4626.49	1.39833e-15
4627.95	1.40313e-15
4629.41	1.35142e-15
4630.87	1.38502e-15
4632.33	1.35358e-15
4633.79	1.34918e-15
4635.25	1.36829e-15
4636.71	1.3293e-15
4638.17	1.3394e-15
4639.63	1.26364e-15
4641.09	1.26631e-15
4642.55	1.26563e-15
4644.01	1.2884e-15
4645.47	1.36403e-15
4646.93	1.38215e-15
4648.39	1.31165e-15
4649.85	1.27501e-15
4651.31	1.23149e-15
4652.77	1.21054e-15
4654.23	1.21706e-15
4655.69	1.14995e-15
4657.15	1.15025e-15
4658.61	1.13123e-15
4660.07	1.08478e-15
4661.53	1.09334e-15
4662.99	1.11637e-15
4664.45	1.0521e-15
4665.91	9.78639e-16
4667.37	1.03152e-15
4668.83	1.08535e-15
4670.29	1.04824e-15
4671.75	1.05752e-15
4673.21	1.02053e-15
4674.67	1.04128e-15
4676.13	1.04978e-15
4677.59	9.96516e-16
4679.05	9.79207e-16
4680.51	1.01029e-15
4681.97	1.02415e-15
4683.43	1.05428e-15
4684.89	1.0325e-15
4686.35	1.04597e-15
4687.81	1.09953e-15
4689.26	1.11771e-15
4690.73	1.07289e-15
4692.18	1.09575e-15
4693.64	1.10801e-15
4695.1	1.12971e-15
4696.56	1.14847e-15
4698.02	1.12215e-15
4699.48	1.14542e-15
4700.94	1.17077e-15
4702.4	1.16347e-15
4703.86	1.19744e-15
4705.32	1.21293e-15
4706.78	1.17179e-15
4708.24	1.09504e-15
4709.7	1.10218e-15
4711.16	1.15619e-15
4712.62	1.17204e-15
4714.08	1.14882e-15
4715.54	1.13998e-15
4717	1.17908e-15
4718.46	1.2036e-15
4719.92	1.21815e-15
4721.38	1.2324e-15
4722.84	1.2315e-15
4724.3	1.23294e-15
4725.76	1.20856e-15
4727.22	1.21669e-15
4728.68	1.25996e-15
4730.14	1.28259e-15
4731.6	1.25743e-15
4733.06	1.2401e-15
4734.52	1.22532e-15
4735.98	1.21317e-15
4737.44	1.20007e-15
4738.9	1.18114e-15
4740.36	1.19961e-15
4741.82	1.25193e-15
4743.28	1.29715e-15
4744.74	1.27981e-15
4746.2	1.23762e-15
4747.66	1.2385e-15
4749.12	1.25708e-15
4750.58	1.26629e-15
4752.04	1.25516e-15
4753.5	1.24356e-15
4754.96	1.20976e-15
4756.42	1.18356e-15
4757.88	1.20776e-15
4759.33	1.20305e-15
4760.79	1.17094e-15
4762.25	1.23866e-15
4763.71	1.20251e-15
4765.17	1.10647e-15
4766.63	1.1801e-15
4768.09	1.20893e-15
4769.55	1.19534e-15
4771.01	1.17195e-15
4772.47	1.15038e-15
4773.93	1.24404e-15
4775.39	1.24292e-15
4776.85	1.15325e-15
4778.31	1.16227e-15
4779.77	1.16712e-15
4781.23	1.14075e-15
4782.69	1.1518e-15
4784.15	1.12826e-15
4785.61	1.15822e-15
4787.07	1.16193e-15
4788.53	1.13547e-15
4789.99	1.15563e-15
4791.45	1.15148e-15
4792.91	1.14659e-15
4794.37	1.16836e-15
4795.83	1.13566e-15
4797.29	1.12397e-15
4798.75	1.0771e-15
4800.21	1.041e-15
4801.67	1.08423e-15
4803.13	1.11116e-15
4804.59	1.05731e-15
4806.05	1.05353e-15
4807.51	1.08661e-15
4808.97	1.08063e-15
4810.43	1.03736e-15
4811.89	1.03264e-15
4813.35	1.04993e-15
4814.81	1.02839e-15
4816.27	1.02392e-15
4817.73	1.03683e-15
4819.19	9.87077e-16
4820.65	9.01898e-16
4822.11	9.27072e-16
4823.57	9.66913e-16
4825.02	1.00329e-15
4826.48	1.05192e-15
4827.94	9.87666e-16
4829.4	9.66854e-16
4830.86	1.01016e-15
4832.32	1.01562e-15
4833.78	1.05421e-15
4835.24	1.07304e-15
4836.7	1.02645e-15
4838.16	9.93293e-16
4839.62	1.02542e-15
4841.08	1.03343e-15
4842.54	1.02506e-15
4844	1.02886e-15
4845.46	1.03265e-15
4846.92	1.03646e-15
4848.38	1.04026e-15
4849.84	1.04406e-15
4851.3	1.04786e-15
4852.76	1.05166e-15
4854.22	1.05546e-15
4855.68	1.05927e-15
4857.14	1.06307e-15
4858.6	1.06688e-15
4860.06	1.07068e-15
4861.52	1.07449e-15
4862.98	1.07829e-15
4864.44	1.0821e-15
4865.9	1.08591e-15
4867.36	1.08971e-15
4868.82	1.09352e-15
4870.28	1.09733e-15
4871.74	1.10114e-15
4873.2	1.10495e-15
4874.66	1.10876e-15
4876.12	1.11257e-15
4877.58	1.11638e-15
4879.04	1.12019e-15
4880.5	1.124e-15
4881.96	1.13038e-15
4883.42	1.13671e-15
4884.88	1.13663e-15
4886.34	1.08945e-15
4887.8	1.09894e-15
4889.26	1.12172e-15
4890.72	1.1013e-15
4892.17	1.10747e-15
4893.63	1.10357e-15
4895.09	1.14779e-15
4896.55	1.13752e-15
4898.01	1.15276e-15
4899.47	1.18709e-15
4900.93	1.18726e-15
4902.39	1.18403e-15
4903.85	1.15659e-15
4905.31	1.18238e-15
4906.77	1.23846e-15
4908.23	1.22012e-15
4909.69	1.194e-15
4911.15	1.18116e-15
4912.61	1.18981e-15
4914.07	1.2183e-15
4915.53	1.24281e-15
4916.99	1.24969e-15
4918.45	1.24051e-15
4919.91	1.22515e-15
4921.37	1.2179e-15
4922.83	1.2546e-15
4924.29	1.24001e-15
4925.75	1.16e-15
4927.21	1.15645e-15
4928.67	1.23265e-15
4930.13	1.21003e-15
4931.59	1.22397e-15
4933.05	1.2339e-15
4934.51	1.17821e-15
4935.97	1.16979e-15
4937.43	1.18145e-15
4938.89	1.2024e-15
4940.35	1.18618e-15
4941.81	1.19119e-15
4943.27	1.1962e-15
4944.73	1.20121e-15
4946.19	1.20622e-15
4947.65	1.21123e-15
4949.11	1.21625e-15
4950.57	1.22126e-15
4952.03	1.22627e-15
4953.49	1.23129e-15
4954.95	1.2363e-15
4956.41	1.24132e-15
4957.86	1.24633e-15
4959.32	1.25134e-15
4960.78	1.25636e-15
4962.24	1.26138e-15
4963.7	1.26639e-15
4965.16	1.27141e-15
4966.62	1.27642e-15
4968.08	1.28144e-15
4969.54	1.28646e-15
4971	1.29147e-15
4972.46	1.29649e-15
4973.92	1.30151e-15
4975.38	1.30652e-15
4976.84	1.31154e-15
4978.3	1.31656e-15
4979.76	1.29572e-15
4981.22	1.3459e-15
4982.68	1.40722e-15
4984.14	1.34944e-15
4985.6	1.35005e-15
4987.06	1.35974e-15
4988.52	1.37424e-15
4989.98	1.37989e-15
4991.44	1.38553e-15
4992.9	1.39118e-15
4994.36	1.39683e-15
4995.82	1.40247e-15
4997.28	1.40812e-15
4998.74	1.41377e-15
5000.2	1.41941e-15
5001.66	1.42506e-15
5003.12	1.43071e-15
5004.58	1.43635e-15
5006.04	1.442e-15
5007.5	1.44765e-15
5008.96	1.4533e-15
5010.42	1.45894e-15
5011.88	1.46459e-15
5013.34	1.47024e-15
5014.8	1.47588e-15
5016.26	1.48153e-15
5017.72	1.48717e-15
5019.18	1.49282e-15
5020.64	1.49846e-15
5022.1	1.50411e-15
5023.56	1.50976e-15
5025.01	1.5154e-15
5026.47	1.5099e-15
5027.93	1.54017e-15
5029.39	1.58277e-15
5030.85	1.61384e-15
5032.31	1.57131e-15
5033.77	1.5339e-15
5035.23	1.53945e-15
5036.69	1.5843e-15
5038.15	1.61307e-15
5039.61	1.58437e-15
5041.07	1.5475e-15
5042.53	1.61577e-15
5043.99	1.58974e-15
5045.45	1.53019e-15
5046.91	1.5936e-15
5048.37	1.65357e-15
5049.83	1.62968e-15
5051.29	1.60031e-15
5052.75	1.61719e-15
5054.21	1.64509e-15
5055.67	1.74665e-15
5057.13	1.68463e-15
5058.59	1.67688e-15
5060.05	1.76603e-15
5061.51	1.70406e-15
5062.97	1.68585e-15
5064.43	1.69834e-15
5065.89	1.73753e-15
5067.35	1.6915e-15
5068.81	1.68123e-15
5070.27	1.75164e-15
5071.73	1.76392e-15
5073.19	1.74912e-15
5074.65	1.79605e-15
5076.11	1.75615e-15
5077.57	1.78369e-15
5079.03	1.75916e-15
5080.49	1.77831e-15
5081.95	1.80344e-15
5083.41	1.79921e-15
5084.87	1.70277e-15
5086.33	1.70728e-15
5087.79	1.69317e-15
5089.25	1.72546e-15
5090.7	1.72387e-15
5092.16	1.73893e-15
5093.62	1.75787e-15
5095.08	1.8022e-15
5096.54	1.77116e-15
5098	1.72668e-15
5099.46	1.70963e-15
5100.92	1.70422e-15
5102.38	1.72216e-15
5103.84	1.73818e-15
5105.3	1.76869e-15
5106.76	1.79474e-15
5108.22	1.76951e-15
5109.68	1.69184e-15
5111.14	1.68858e-15
5112.6	1.77555e-15
5114.06	1.73471e-15
5115.52	1.67393e-15
5116.98	1.6957e-15
5118.44	1.67453e-15
5119.9	1.71108e-15
5121.36	1.70108e-15
5122.82	1.65076e-15
5124.28	1.61643e-15
5125.74	1.69453e-15
5127.2	1.6954e-15
5128.66	1.68363e-15
5130.12	1.69059e-15
5131.58	1.68634e-15
5133.04	1.75403e-15
5134.5	1.75069e-15
5135.96	1.71748e-15
5137.42	1.67741e-15
5138.88	1.68568e-15
5140.34	1.69701e-15
5141.8	1.67757e-15
5143.26	1.72891e-15
5144.72	1.66283e-15
5146.18	1.65962e-15
5147.64	1.67924e-15
5149.1	1.73215e-15
5150.56	1.75933e-15
5152.02	1.78363e-15
5153.48	1.74597e-15
5154.94	1.67157e-15
5156.4	1.72909e-15
5157.86	1.86615e-15
5159.31	1.84387e-15
5160.77	1.79273e-15
5162.23	1.80513e-15
5163.69	1.83581e-15
5165.15	1.7879e-15
5166.61	1.8191e-15
5168.07	1.81315e-15
5169.53	1.79414e-15
5170.99	1.85798e-15
5172.45	1.83095e-15
5173.91	1.79738e-15
5175.37	1.86167e-15
5176.83	1.88159e-15
5178.29	1.87556e-15
5179.75	1.82981e-15
5181.21	1.77599e-15
5182.67	1.81207e-15
5184.13	1.86888e-15
5185.59	1.78958e-15
5187.05	1.78542e-15
5188.51	1.8721e-15
5189.97	1.86782e-15
5191.43	1.76602e-15
5192.89	1.83661e-15
5194.35	1.88625e-15
5195.81	1.8676e-15
5197.27	1.88377e-15
5198.73	1.84545e-15
5200.19	1.8534e-15
5201.65	1.83798e-15
5203.11	1.7775e-15
5204.57	1.80236e-15
5206.03	1.80925e-15
5207.49	1.86725e-15
5208.95	1.87632e-15
5210.41	1.86711e-15
5211.87	1.92876e-15
5213.33	1.91187e-15
5214.79	1.87099e-15
5216.25	1.86504e-15
5217.71	1.86354e-15
5219.17	1.87316e-15
5220.63	1.88787e-15
5222.09	1.8512e-15
5223.55	1.88328e-15
5225.01	1.92337e-15
5226.46	1.90734e-15
5227.92	1.87025e-15
5229.38	1.87227e-15
5230.84	1.87334e-15
5232.3	1.84069e-15
5233.76	1.84937e-15
5235.22	1.83035e-15
5236.68	1.81017e-15
5238.14	1.81377e-15
5239.6	1.807e-15
5241.06	1.79668e-15
5242.52	1.85854e-15
5243.98	1.87024e-15
5245.44	1.83437e-15
5246.9	1.79719e-15
5248.36	1.74912e-15
5249.82	1.75766e-15
5251.28	1.80141e-15
5252.74	1.81472e-15
5254.2	1.78251e-15
5255.66	1.79753e-15
5257.12	1.78469e-15
5258.58	1.79648e-15
5260.04	1.78076e-15
5261.5	1.7729e-15
5262.96	1.82028e-15
5264.42	1.85951e-15
5265.88	1.8701e-15
5267.34	1.85219e-15
5268.8	1.82793e-15
5270.26	1.81293e-15
5271.72	1.82371e-15
5273.18	1.73881e-15
5274.64	1.69454e-15
5276.1	1.68786e-15
5277.56	1.70373e-15
5279.02	1.72589e-15
5280.48	1.74541e-15
5281.94	1.80541e-15
5283.4	1.76613e-15
5284.86	1.72901e-15
5286.32	1.72808e-15
5287.78	1.68997e-15
5289.24	1.7211e-15
5290.7	1.76829e-15
5292.16	1.73206e-15
5293.61	1.71447e-15
5295.07	1.76836e-15
5296.53	1.7865e-15
5297.99	1.79682e-15
5299.45	1.73786e-15
5300.91	1.71655e-15
5302.37	1.71008e-15
5303.83	1.66175e-15
5305.29	1.72892e-15
5306.75	1.76379e-15
5308.21	1.72482e-15
5309.67	1.70246e-15
5311.13	1.66458e-15
5312.59	1.69895e-15
5314.05	1.77874e-15
5315.51	1.78216e-15
5316.97	1.7293e-15
5318.43	1.70213e-15
5319.89	1.72861e-15
5321.35	1.73882e-15
5322.81	1.75262e-15
5324.27	1.77617e-15
5325.73	1.77078e-15
5327.19	1.77291e-15
5328.65	1.74954e-15
5330.11	1.72987e-15
5331.57	1.74098e-15
5333.03	1.76963e-15
5334.49	1.82013e-15
5335.95	1.8279e-15
5337.41	1.77284e-15
5338.87	1.72536e-15
5340.33	1.74353e-15
5341.79	1.71901e-15
5343.25	1.73308e-15
5344.71	1.71548e-15
5346.17	1.69986e-15
5347.63	1.76381e-15
5349.09	1.78125e-15
5350.55	1.77108e-15
5352.01	1.70951e-15
5353.47	1.6794e-15
5354.93	1.69679e-15
5356.39	1.62649e-15
5357.85	1.63185e-15
5359.3	1.64798e-15
5360.76	1.62892e-15
5362.22	1.7026e-15
5363.68	1.72535e-15
5365.14	1.66531e-15
5366.6	1.6018e-15
5368.06	1.63164e-15
5369.52	1.6239e-15
5370.98	1.596e-15
5372.44	1.57233e-15
5373.9	1.57111e-15
5375.36	1.59147e-15
5376.82	1.59963e-15
5378.28	1.5905e-15
5379.74	1.64769e-15
5381.2	1.6782e-15
5382.66	1.56109e-15
5384.12	1.58212e-15
5385.58	1.60692e-15
5387.04	1.58617e-15
5388.5	1.62627e-15
5389.96	1.61618e-15
5391.42	1.57817e-15
5392.88	1.49969e-15
5394.34	1.5449e-15
5395.8	1.54578e-15
5397.26	1.55489e-15
5398.72	1.53196e-15
5400.18	1.54939e-15
5401.64	1.54612e-15
5403.1	1.52327e-15
5404.56	1.50032e-15
5406.02	1.54731e-15
5407.48	1.50747e-15
5408.94	1.49551e-15
5410.4	1.46656e-15
5411.86	1.43944e-15
5413.32	1.44503e-15
5414.78	1.42691e-15
5416.24	1.456e-15
5417.7	1.45006e-15
5419.16	1.44172e-15
5420.62	1.42256e-15
5422.08	1.45512e-15
5423.54	1.43757e-15
5425	1.40989e-15
5426.45	1.35841e-15
5427.91	1.31947e-15
5429.37	1.31994e-15
5430.83	1.30771e-15
5432.29	1.21365e-15
5433.75	1.20195e-15
5435.21	1.18715e-15
5436.67	1.19508e-15
5438.13	1.16922e-15
5439.59	1.14967e-15
5441.05	1.14343e-15
5442.51	1.15956e-15
5443.97	1.19533e-15
5445.43	1.18739e-15
5446.89	1.17336e-15
5448.35	1.18785e-15
5449.81	1.21045e-15
5451.27	1.18146e-15
5452.73	1.17126e-15
5454.19	1.17554e-15
5455.65	1.17379e-15
5457.11	1.23933e-15
5458.57	1.21246e-15
5460.03	1.20564e-15
5461.49	1.17515e-15
5462.95	1.19945e-15
5464.41	1.19132e-15
5465.87	1.16969e-15
5467.33	1.19083e-15
5468.79	1.24981e-15
5470.25	1.25869e-15
5471.71	1.20773e-15
5473.17	1.21783e-15
5474.63	1.24386e-15
5476.09	1.18525e-15
5477.55	1.18581e-15
5479.01	1.20203e-15
5480.47	1.21098e-15
5481.93	1.21033e-15
5483.39	1.17584e-15
5484.85	1.16336e-15
5486.31	1.15079e-15
5487.77	1.15665e-15
5489.23	1.20176e-15
5490.69	1.19223e-15
5492.14	1.15606e-15
5493.6	1.11302e-15
5495.06	1.10495e-15
5496.52	1.17647e-15
5497.98	1.23216e-15
5499.44	1.19188e-15
5500.9	1.17552e-15
5502.36	1.17227e-15
5503.82	1.18625e-15
5505.28	1.1568e-15
5506.74	1.20814e-15
5508.2	1.19864e-15
5509.66	1.16677e-15
5511.12	1.13565e-15
5512.58	1.13809e-15
5514.04	1.14632e-15
5515.5	1.14775e-15
5516.96	1.14455e-15
5518.42	1.13911e-15
5519.88	1.13888e-15
5521.34	1.13227e-15
5522.8	1.16101e-15
5524.26	1.1874e-15
5525.72	1.17909e-15
5527.18	1.17595e-15
5528.64	1.17055e-15
5530.1	1.14853e-15
5531.56	1.13173e-15
5533.02	1.17817e-15
5534.48	1.14934e-15
5535.94	1.07437e-15
5537.4	1.04245e-15
5538.86	1.09746e-15
5540.32	1.16806e-15
5541.78	1.17412e-15
5543.24	1.19517e-15
5544.7	1.15605e-15
5546.16	1.17353e-15
5547.62	1.24168e-15
5549.08	1.21776e-15
5550.54	1.18074e-15
5552	1.17359e-15
5553.46	1.22032e-15
5554.92	1.22355e-15
5556.38	1.18196e-15
5557.84	1.1601e-15
5559.29	1.19257e-15
5560.75	1.20152e-15
5562.21	1.20857e-15
5563.67	1.21224e-15
5565.13	1.21463e-15
5566.59	1.22125e-15
5568.05	1.21265e-15
5569.51	1.18254e-15
5570.97	1.23189e-15
5572.43	1.22658e-15
5573.89	1.19038e-15
5575.35	1.24466e-15
5576.81	1.23313e-15
5578.27	1.2032e-15
5579.73	1.24665e-15
5581.19	1.23886e-15
5582.65	1.239e-15
5584.11	1.24866e-15
5585.57	1.23383e-15
5587.03	1.24818e-15
5588.49	1.23806e-15
5589.95	1.20651e-15
5591.41	1.20208e-15
5592.87	1.20638e-15
5594.33	1.1666e-15
5595.79	1.17037e-15
5597.25	1.18382e-15
5598.71	1.18789e-15
5600.17	1.21699e-15
5601.63	1.18914e-15
5603.09	1.15669e-15
5604.55	1.14131e-15
5606.01	1.19132e-15
5607.47	1.22977e-15
5608.93	1.18707e-15
5610.39	1.18047e-15
5611.85	1.19433e-15
5613.31	1.20051e-15
5614.77	1.18525e-15
5616.23	1.18121e-15
5617.69	1.23758e-15
5619.15	1.24752e-15
5620.61	1.18352e-15
5622.07	1.20911e-15
5623.53	1.28747e-15
5624.99	1.25097e-15
5626.44	1.23174e-15
5627.9	1.26531e-15
5629.36	1.2593e-15
5630.82	1.27932e-15
5632.28	1.31487e-15
5633.74	1.31601e-15
5635.2	1.3166e-15
5636.66	1.29655e-15
5638.12	1.30351e-15
5639.58	1.30133e-15
5641.04	1.31136e-15
5642.5	1.31885e-15
5643.96	1.29282e-15
5645.42	1.25998e-15
5646.88	1.26833e-15
5648.34	1.25794e-15
5649.8	1.28375e-15
5651.26	1.32037e-15
5652.72	1.33948e-15
5654.18	1.31926e-15
5655.64	1.31492e-15
5657.1	1.31066e-15
5658.56	1.32435e-15
5660.02	1.34322e-15
5661.48	1.34308e-15
5662.94	1.32158e-15
5664.4	1.33728e-15
5665.86	1.34157e-15
5667.32	1.3649e-15
5668.78	1.35352e-15
5670.24	1.36192e-15
5671.7	1.38879e-15
5673.16	1.36923e-15
5674.62	1.37934e-15
5676.08	1.38594e-15
5677.54	1.41985e-15
5679	1.38751e-15
5680.46	1.38342e-15
5681.92	1.43161e-15
5683.38	1.45947e-15
5684.84	1.41835e-15
5686.3	1.39777e-15
5687.76	1.43962e-15
5689.22	1.43485e-15
5690.68	1.42381e-15
5692.14	1.42992e-15
5693.6	1.42688e-15
5695.05	1.41628e-15
5696.51	1.38433e-15
5697.97	1.41108e-15
5699.43	1.42044e-15
5700.89	1.38776e-15
5702.35	1.39334e-15
5703.81	1.44416e-15
5705.27	1.42725e-15
5706.73	1.41775e-15
5708.19	1.43633e-15
5709.65	1.42873e-15
5711.11	1.43166e-15
5712.57	1.41614e-15
5714.03	1.40182e-15
5715.49	1.4085e-15
5716.95	1.4353e-15
5718.41	1.45074e-15
5719.87	1.43941e-15
5721.33	1.44255e-15
5722.79	1.46308e-15
5724.25	1.44691e-15
5725.71	1.44147e-15
5727.17	1.46241e-15
5728.63	1.49097e-15
5730.09	1.4541e-15
5731.55	1.44732e-15
5733.01	1.46066e-15
5734.47	1.46004e-15
5735.93	1.47464e-15
5737.39	1.43716e-15
5738.85	1.5012e-15
5740.31	1.49416e-15
5741.77	1.42696e-15
5743.23	1.40541e-15
5744.69	1.37785e-15
5746.15	1.36975e-15
5747.61	1.38078e-15
5749.07	1.41102e-15
5750.53	1.40047e-15
5751.99	1.40581e-15
5753.45	1.4227e-15
5754.91	1.4339e-15
5756.37	1.44507e-15
5757.83	1.44167e-15
5759.29	1.38335e-15
5760.74	1.36475e-15
5762.2	1.41822e-15
5763.66	1.46289e-15
5765.12	1.47906e-15
5766.58	1.49829e-15
5768.04	1.45026e-15
5769.5	1.4494e-15
5770.96	1.44667e-15
5772.42	1.4524e-15
5773.88	1.42721e-15
5775.34	1.3755e-15
5776.8	1.36568e-15
5778.26	1.38076e-15
5779.72	1.39366e-15
5781.18	1.41298e-15
5782.64	1.4047e-15
5784.1	1.39852e-15
5785.56	1.42475e-15
5787.02	1.38348e-15
5788.48	1.35815e-15
5789.94	1.39736e-15
5791.4	1.38296e-15
5792.86	1.36124e-15
5794.32	1.36993e-15
5795.78	1.39449e-15
5797.24	1.42461e-15
5798.7	1.41997e-15
5800.16	1.40563e-15
5801.62	1.37107e-15
5803.08	1.30537e-15
5804.54	1.30148e-15
5806	1.35716e-15
5807.46	1.30789e-15
5808.92	1.28528e-15
5810.38	1.34306e-15
5811.84	1.32285e-15
5813.3	1.28469e-15
5814.76	1.29885e-15
5816.22	1.30341e-15
5817.68	1.34108e-15
5819.14	1.38553e-15
5820.6	1.37325e-15
5822.06	1.37215e-15
5823.52	1.29618e-15
5824.98	1.23638e-15
5826.44	1.2727e-15
5827.89	1.27536e-15
5829.35	1.27603e-15
5830.81	1.27389e-15
5832.27	1.28097e-15
5833.73	1.28886e-15
5835.19	1.2925e-15
5836.65	1.27019e-15
5838.11	1.258e-15
5839.57	1.31092e-15
5841.03	1.28457e-15
5842.49	1.28017e-15
5843.95	1.29565e-15
5845.41	1.28307e-15
5846.87	1.26544e-15
5848.33	1.25743e-15
5849.79	1.24261e-15
5851.25	1.19366e-15
5852.71	1.22381e-15
5854.17	1.25578e-15
5855.63	1.23254e-15
5857.09	1.22561e-15
5858.55	1.21132e-15
5860.01	1.23473e-15
5861.47	1.27215e-15
5862.93	1.32287e-15
5864.39	1.27943e-15
5865.85	1.24604e-15
5867.31	1.27089e-15
5868.77	1.30495e-15
5870.23	1.30124e-15
5871.69	1.33104e-15
5873.15	1.34256e-15
5874.61	1.31989e-15
5876.07	1.29934e-15
5877.53	1.24762e-15
5878.99	1.28305e-15
5880.45	1.28187e-15
5881.91	1.26677e-15
5883.37	1.23261e-15
5884.83	1.1986e-15
5886.29	1.21656e-15
5887.75	1.23768e-15
5889.21	1.27292e-15
5890.67	1.2157e-15
5892.13	1.20342e-15
5893.58	1.23625e-15
5895.04	1.26574e-15
5896.5	1.26313e-15
5897.96	1.24879e-15
5899.42	1.23784e-15
5900.88	1.20963e-15
5902.34	1.15035e-15
5903.8	1.19336e-15
5905.26	1.19865e-15
5906.72	1.089e-15
5908.18	1.10096e-15
5909.64	1.10993e-15
5911.1	1.10596e-15
5912.56	1.0659e-15
5914.02	1.06766e-15
5915.48	1.06758e-15
5916.94	1.02903e-15
5918.4	1.00876e-15
5919.86	1.00208e-15
5921.32	9.86896e-16
5922.78	9.76323e-16
5924.24	9.80196e-16
5925.7	9.88336e-16
5927.16	9.92824e-16
5928.62	9.31063e-16
5930.08	9.45308e-16
5931.54	9.65088e-16
5933	9.47477e-16
5934.46	9.24965e-16
5935.92	8.83991e-16
5937.38	8.48573e-16
5938.84	8.91858e-16
5940.3	8.78092e-16
5941.76	8.27844e-16
5943.22	8.44264e-16
5944.68	8.65584e-16
5946.14	8.48759e-16
5947.6	8.38174e-16
5949.06	8.44098e-16
5950.52	8.06987e-16
5951.98	7.94637e-16
5953.44	8.60545e-16
5954.9	8.53164e-16
5956.36	8.12983e-16
5957.82	8.13101e-16
5959.28	7.86081e-16
5960.73	7.72223e-16
5962.19	8.02428e-16
5963.65	7.8864e-16
5965.11	7.83223e-16
5966.57	7.72101e-16
5968.03	7.95581e-16
5969.49	8.1836e-16
5970.95	8.10385e-16
5972.41	7.95406e-16
5973.87	7.8115e-16
5975.33	8.06606e-16
5976.79	8.27594e-16
5978.25	7.78229e-16
5979.71	8.03675e-16
5981.17	8.03578e-16
5982.63	7.67188e-16
5984.09	8.00558e-16
5985.55	8.00825e-16
5987.01	7.83466e-16
5988.47	7.74795e-16
5989.93	7.44482e-16
5991.39	7.59208e-16
5992.85	8.06318e-16
5994.31	7.75864e-16
5995.77	7.89266e-16
5997.23	8.01695e-16
5998.69	7.84468e-16
6000.15	7.65762e-16
6001.61	7.6801e-16
6003.07	7.80077e-16
6004.53	7.95422e-16
6005.99	7.8567e-16
6007.45	7.95148e-16
6008.91	7.83243e-16
6010.37	7.7188e-16
6011.83	7.83562e-16
6013.29	7.64926e-16
6014.75	7.57312e-16
6016.21	7.64086e-16
6017.67	7.53808e-16
6019.13	7.48367e-16
6020.59	7.74069e-16
6022.05	7.60376e-16
6023.51	7.26653e-16
6024.97	7.6042e-16
6026.42	7.78845e-16
6027.88	7.67713e-16
6029.34	7.56908e-16
6030.8	7.4721e-16
6032.26	7.4637e-16
6033.72	7.38643e-16
6035.18	7.28307e-16
6036.64	7.2639e-16
6038.1	7.50447e-16
6039.56	7.51184e-16
6041.02	7.53902e-16
6042.48	8.03565e-16
6043.94	7.90191e-16
6045.4	7.72135e-16
6046.86	7.89587e-16
6048.32	7.67882e-16
6049.78	7.9804e-16
6051.24	8.10944e-16
6052.7	8.12514e-16
6054.16	7.90799e-16
6055.62	7.67014e-16
6057.08	8.01504e-16
6058.54	8.06438e-16
6060	8.2773e-16
6061.46	8.48035e-16
6062.92	8.11362e-16
6064.38	7.9667e-16
6065.84	7.90357e-16
6067.3	8.42331e-16
6068.76	8.6099e-16
6070.22	8.66136e-16
6071.68	8.63211e-16
6073.14	8.24828e-16
6074.6	8.46709e-16
6076.06	9.00049e-16
6077.52	8.96475e-16
6078.98	9.02099e-16
6080.44	9.01174e-16
6081.9	8.82103e-16
6083.36	8.35935e-16
6084.82	8.72055e-16
6086.28	9.32597e-16
6087.74	9.42933e-16
6089.2	8.85991e-16
6090.66	8.78614e-16
6092.11	8.8223e-16
6093.57	8.97339e-16
6095.03	8.91664e-16
6096.49	9.45264e-16
6097.95	9.5554e-16
6099.41	9.18161e-16
6100.87	9.1529e-16
6102.33	9.58651e-16
6103.79	9.80562e-16
6105.25	9.41826e-16
6106.71	9.59188e-16
6108.17	9.8836e-16
6109.63	9.56289e-16
6111.09	9.66389e-16
6112.55	9.95957e-16
6114.01	9.68794e-16
6115.47	9.59572e-16
6116.93	1.00509e-15
6118.39	9.5976e-16
6119.85	9.50065e-16
6121.31	1.02104e-15
6122.77	1.00555e-15
6124.23	9.48381e-16
6125.69	1.01287e-15
6127.15	1.01904e-15
6128.61	1.01454e-15
6130.07	9.87062e-16
6131.53	1.02588e-15
6132.99	1.03026e-15
6134.45	1.01965e-15
6135.91	1.01229e-15
6137.37	1.02651e-15
6138.83	1.02026e-15
6140.29	9.82707e-16
6141.75	1.02131e-15
6143.21	1.03492e-15
6144.67	1.03796e-15
6146.13	1.0304e-15
6147.59	9.99751e-16
6149.05	1.00598e-15
6150.51	1.03091e-15
6151.97	1.04425e-15
6153.43	1.0047e-15
6154.89	9.94423e-16
6156.35	1.03486e-15
6157.81	1.03387e-15
6159.27	1.01111e-15
6160.73	1.00921e-15
6162.18	1.04859e-15
6163.64	1.03151e-15
6165.1	1.03184e-15
6166.56	9.93792e-16
6168.02	1.0464e-15
6169.48	1.00785e-15
6170.94	9.97373e-16
6172.4	1.00781e-15
6173.86	9.74496e-16
6175.32	9.63501e-16
6176.78	9.54751e-16
6178.24	9.13862e-16
6179.7	9.11198e-16
6181.16	9.5966e-16
6182.62	9.62461e-16
6184.08	9.33641e-16
6185.54	9.57398e-16
6187	9.89164e-16
6188.46	1.00095e-15
6189.92	9.9242e-16
6191.38	9.9509e-16
6192.84	9.792e-16
6194.3	9.66342e-16
6195.76	9.68296e-16
6197.22	9.80976e-16
6198.68	9.98085e-16
6200.14	9.49881e-16
6201.6	9.26906e-16
6203.06	9.59378e-16
6204.52	9.82266e-16
6205.98	9.77316e-16
6207.44	9.56456e-16
6208.9	9.67224e-16
6210.36	9.77133e-16
6211.82	9.98138e-16
6213.28	9.78575e-16
6214.74	9.70918e-16
6216.2	1.00835e-15
6217.66	1.00079e-15
6219.12	9.64364e-16
6220.58	9.41356e-16
6222.04	9.45387e-16
6223.5	9.78662e-16
6224.96	9.65828e-16
6226.42	9.70449e-16
6227.88	1.00177e-15
6229.33	1.00986e-15
6230.79	1.00989e-15
6232.25	9.92022e-16
6233.71	9.89168e-16
6235.17	1.00489e-15
6236.63	1.01179e-15
6238.09	9.99438e-16
6239.55	9.95019e-16
6241.01	9.92582e-16
6242.47	9.87661e-16
6243.93	1.01034e-15
6245.39	1.04993e-15
6246.85	1.03226e-15
6248.31	9.64161e-16
6249.77	9.63733e-16
6251.23	1.00899e-15
6252.69	1.03673e-15
6254.15	1.00458e-15
6255.61	9.33496e-16
6257.07	9.85577e-16
6258.53	1.00723e-15
6259.99	9.67865e-16
6261.45	9.76249e-16
6262.91	9.87289e-16
6264.37	9.80337e-16
6265.83	9.69165e-16
6267.29	9.84525e-16
6268.75	9.98505e-16
6270.21	9.79868e-16
6271.67	9.99691e-16
6273.13	1.01186e-15
6274.59	9.88973e-16
6276.05	9.93086e-16
6277.51	1.0365e-15
6278.97	1.00779e-15
6280.43	9.68864e-16
6281.89	1.00712e-15
6283.35	9.91987e-16
6284.81	9.54326e-16
6286.27	9.70804e-16
6287.73	1.0047e-15
6289.19	9.86063e-16
6290.65	9.7223e-16
6292.11	9.85607e-16
6293.57	1.02086e-15
6295.02	1.00889e-15
6296.48	9.94191e-16
6297.94	9.86873e-16
6299.4	9.85389e-16
6300.86	9.5281e-16
6302.32	9.51637e-16
6303.78	9.9977e-16
6305.24	9.8259e-16
6306.7	9.43114e-16
6308.16	9.99711e-16
6309.62	1.01034e-15
6311.08	9.47689e-16
6312.54	9.23892e-16
6314	9.23518e-16
6315.46	9.81397e-16
6316.92	9.63061e-16
6318.38	9.40977e-16
6319.84	9.48247e-16
6321.3	9.6442e-16
6322.76	9.60535e-16
6324.22	9.57322e-16
6325.68	9.42066e-16
6327.14	9.15251e-16
6328.6	9.4688e-16
6330.06	9.62665e-16
6331.52	9.48845e-16
6332.98	9.38876e-16
6334.44	9.62826e-16
6335.9	9.69459e-16
6337.36	9.71736e-16
6338.82	9.53796e-16
6340.28	9.56473e-16
6341.74	9.83122e-16
6343.2	9.67648e-16
6344.66	9.13689e-16
6346.12	9.38488e-16
6347.58	9.48943e-16
6349.04	9.03189e-16
6350.5	9.32577e-16
6351.96	9.40064e-16
6353.42	9.46634e-16
6354.88	9.42e-16
6356.34	9.21994e-16
6357.8	9.3027e-16
6359.26	9.31085e-16
6360.72	8.99705e-16
6362.17	9.05952e-16
6363.63	9.22078e-16
6365.09	9.51693e-16
6366.55	9.79487e-16
6368.01	9.64235e-16
6369.47	9.25251e-16
6370.93	9.55977e-16
6372.39	9.53969e-16
6373.85	9.20092e-16
6375.31	9.34933e-16
6376.77	9.9146e-16
6378.23	9.60824e-16
6379.69	9.18543e-16
6381.15	9.67831e-16
6382.61	9.55147e-16
6384.07	9.61368e-16
6385.53	9.3528e-16
6386.99	9.35545e-16
6388.45	9.27911e-16
6389.91	9.25529e-16
6391.37	9.65449e-16
6392.83	9.94322e-16
6394.29	9.47287e-16
6395.75	9.45194e-16
6397.21	9.64246e-16
6398.67	1.00031e-15
6400.13	1.02411e-15
6401.59	1.04179e-15
6403.05	9.90693e-16
6404.51	9.32161e-16
6405.97	9.59874e-16
6407.43	9.9285e-16
6408.89	9.8473e-16
6410.35	9.68403e-16
6411.81	9.60725e-16
6413.27	9.77804e-16
6414.73	9.29091e-16
6416.19	9.14654e-16
6417.65	9.64892e-16
6419.11	9.62105e-16
6420.57	9.53121e-16
6422.03	9.82223e-16
6423.49	1.01477e-15
6424.95	1.01182e-15
6426.41	9.86549e-16
6427.86	9.97295e-16
6429.32	9.82494e-16
6430.78	9.79374e-16
6432.24	1.01456e-15
6433.7	9.80473e-16
6435.16	9.48686e-16
6436.62	9.82996e-16
6438.08	9.84019e-16
6439.54	9.54284e-16
6441	9.86886e-16
6442.46	1.02036e-15
6443.92	1.00937e-15
6445.38	9.87764e-16
6446.84	9.35729e-16
6448.3	9.25134e-16
6449.76	9.69343e-16
6451.22	9.83599e-16
6452.68	9.87573e-16
6454.14	9.58653e-16
6455.6	9.23624e-16
6457.06	9.6366e-16
6458.52	1.01222e-15
6459.98	1.00395e-15
6461.44	9.90958e-16
6462.9	9.97319e-16
6464.36	1.01264e-15
6465.82	1.00094e-15
6467.28	9.77982e-16
6468.74	9.9651e-16
6470.2	1.01245e-15
6471.66	9.8742e-16
6473.12	9.49856e-16
6474.58	9.61126e-16
6476.04	9.65096e-16
6477.5	9.67165e-16
6478.96	9.76685e-16
6480.42	9.65285e-16
6481.88	9.61959e-16
6483.34	1.00323e-15
6484.8	1.01771e-15
6486.26	9.62461e-16
6487.72	9.68385e-16
6489.18	9.80612e-16
6490.64	9.76605e-16
6492.1	9.55939e-16
6493.55	9.33424e-16
6495.01	9.62871e-16
6496.47	9.5753e-16
6497.93	9.81034e-16
6499.39	9.25305e-16
6500.85	9.1986e-16
6502.31	9.7062e-16
6503.77	9.58706e-16
6505.23	9.11966e-16
6506.69	9.19357e-16
6508.15	9.04347e-16
6509.61	9.42495e-16
6511.07	9.11043e-16
6512.53	9.10955e-16
6513.99	9.41583e-16
6515.45	9.35794e-16
6516.91	9.11365e-16
6518.37	9.18495e-16
6519.83	9.17697e-16
6521.29	8.86049e-16
6522.75	9.13768e-16
6524.21	9.80105e-16
6525.67	9.27004e-16
6527.13	8.81751e-16
6528.59	8.67321e-16
6530.05	8.67395e-16
6531.51	8.6747e-16
6532.97	8.67545e-16
6534.43	8.67619e-16
6535.89	8.67693e-16
6537.35	8.67768e-16
6538.81	8.67842e-16
6540.27	8.67916e-16
6541.73	8.6799e-16
6543.19	8.68064e-16
6544.65	8.68138e-16
6546.11	8.68211e-16
6547.57	8.68285e-16
6549.03	8.68359e-16
6550.49	8.68432e-16
6551.95	8.68506e-16
6553.41	8.68579e-16
6554.87	8.68652e-16
6556.33	8.68726e-16
6557.79	8.68799e-16
6559.25	8.68872e-16
6560.7	8.68945e-16
6562.16	8.69017e-16
6563.62	8.6909e-16
6565.08	8.69163e-16
6566.54	8.69235e-16
6568	8.68448e-16
6569.46	8.67662e-16
6570.92	8.66877e-16
6572.38	8.66092e-16
6573.84	8.65308e-16
6575.3	8.64524e-16
6576.76	8.63741e-16
6578.22	8.62959e-16
6579.68	8.62177e-16
6581.14	8.61397e-16
6582.6	8.60616e-16
6584.06	8.59837e-16
6585.52	8.59058e-16
6586.98	8.5828e-16
6588.44	8.57502e-16
6589.9	8.56725e-16
6591.36	8.55948e-16
6592.82	8.55173e-16
6594.28	8.54398e-16
6595.74	8.53623e-16
6597.2	8.52849e-16
6598.66	8.52076e-16
6600.12	8.51304e-16
6601.58	8.50532e-16
6603.04	8.52409e-16
6604.5	8.41941e-16
6605.96	8.41924e-16
6607.42	8.86959e-16
6608.88	8.56963e-16
6610.34	8.29331e-16
6611.8	8.6731e-16
6613.26	8.50301e-16
6614.72	8.57635e-16
6616.18	8.67569e-16
6617.64	8.43602e-16
6619.1	8.49076e-16
6620.56	8.30172e-16
6622.02	8.03547e-16
6623.48	8.1924e-16
6624.94	8.2566e-16
6626.4	8.16039e-16
6627.86	8.06497e-16
6629.31	7.99688e-16
6630.77	8.338e-16
6632.23	8.75198e-16
6633.69	8.30192e-16
6635.15	8.07036e-16
6636.61	8.59247e-16
6638.07	8.49388e-16
6639.53	8.17901e-16
6640.99	8.10274e-16
6642.45	8.151e-16
6643.91	8.2193e-16
6645.37	8.25511e-16
6646.83	8.07497e-16
6648.29	8.02006e-16
6649.75	8.19551e-16
6651.21	8.25602e-16
6652.67	8.39825e-16
6654.13	8.33241e-16
6655.59	7.86226e-16
6657.05	7.88405e-16
6658.51	8.07767e-16
6659.97	7.90291e-16
6661.43	8.04038e-16
6662.89	8.08177e-16
6664.35	8.07552e-16
6665.81	7.73183e-16
6667.27	7.72845e-16
6668.73	8.14465e-16
6670.19	7.83448e-16
6671.65	7.61982e-16
6673.11	7.89023e-16
6674.57	8.05071e-16
6676.03	8.065e-16
6677.49	7.7946e-16
6678.95	7.75126e-16
6680.41	7.9981e-16
6681.87	7.83318e-16
6683.33	7.69124e-16
6684.79	7.4582e-16
6686.25	7.3607e-16
6687.71	7.7365e-16
6689.17	7.5925e-16
6690.63	7.16551e-16
6692.09	7.40265e-16
6693.55	7.55252e-16
6695.01	7.13787e-16
6696.46	7.29798e-16
6697.92	7.14629e-16
6699.38	7.16655e-16
6700.84	7.18679e-16
6702.3	7.20702e-16
6703.76	7.22722e-16
6705.22	7.24741e-16
6706.68	7.26758e-16
6708.14	7.28774e-16
6709.6	7.30788e-16
6711.06	7.328e-16
6712.52	7.3481e-16
6713.98	7.35258e-16
6715.44	7.35705e-16
6716.9	7.36152e-16
6718.36	7.36598e-16
6719.82	7.37044e-16
6721.28	7.3749e-16
6722.74	7.37935e-16
6724.2	7.38379e-16
6725.66	7.38824e-16
6727.12	7.39268e-16
6728.58	7.39711e-16
6730.04	7.40154e-16
6731.5	7.40597e-16
6732.96	7.41039e-16
6734.42	7.41481e-16
6735.88	7.41923e-16
6737.34	7.42364e-16
6738.8	7.42804e-16
6740.26	7.43245e-16
6741.72	7.43684e-16
6743.18	7.44124e-16
6744.64	7.44563e-16
6746.1	7.45001e-16
6747.56	7.4544e-16
6749.02	7.45877e-16
6750.48	7.56527e-16
6751.94	7.71803e-16
6753.4	7.88678e-16
6754.86	7.34448e-16
6756.32	7.37816e-16
6757.78	7.35548e-16
6759.24	7.55883e-16
6760.7	7.70988e-16
6762.16	7.44991e-16
6763.61	7.52361e-16
6765.07	7.61281e-16
6766.53	7.66503e-16
6767.99	7.67552e-16
6769.45	7.52899e-16
6770.91	7.28397e-16
6772.37	7.7131e-16
6773.83	7.59766e-16
6775.29	7.3919e-16
6776.75	7.66678e-16
6778.21	7.78482e-16
6779.67	7.32013e-16
6781.13	7.61135e-16
6782.59	7.85398e-16
6784.05	8.04653e-16
6785.51	7.9571e-16
6786.97	7.72577e-16
6788.43	7.23906e-16
6789.89	7.77846e-16
6791.35	7.7049e-16
6792.81	7.71704e-16
6794.27	7.7584e-16
6795.73	7.67454e-16
6797.19	7.59655e-16
6798.65	7.58632e-16
6800.11	7.43733e-16
6801.57	7.50653e-16
6803.03	7.4592e-16
6804.49	7.67094e-16
6805.95	7.84853e-16
6807.41	7.37426e-16
6808.87	7.63877e-16
6810.33	7.96472e-16
6811.79	7.8153e-16
6813.25	7.95576e-16
6814.71	7.93217e-16
6816.17	7.34154e-16
6817.63	7.49151e-16
6819.09	7.70107e-16
6820.55	7.69775e-16
6822.01	7.79127e-16
6823.47	7.59901e-16
6824.93	7.42672e-16
6826.39	7.40711e-16
6827.85	7.65158e-16
6829.3	7.50161e-16
6830.76	7.50491e-16
6832.22	7.60664e-16
6833.68	7.81376e-16
6835.14	7.82485e-16
6836.6	7.60487e-16
6838.06	7.75966e-16
6839.52	7.82124e-16
6840.98	7.77874e-16
6842.44	7.57458e-16
6843.9	7.63447e-16
6845.36	7.96063e-16
6846.82	8.05578e-16
6848.28	7.8214e-16
6849.74	7.55492e-16
6851.2	7.68176e-16
6852.66	7.55183e-16
6854.12	7.49181e-16
6855.58	7.53553e-16
6857.04	7.67891e-16
6858.5	7.95059e-16
6859.96	7.7055e-16
6861.42	7.58977e-16
6862.88	7.75532e-16
6864.34	7.91923e-16
6865.8	7.8693e-16
6867.26	7.7331e-16
6868.72	7.81657e-16
6870.18	7.90947e-16
6871.64	7.97964e-16
6873.1	7.8749e-16
6874.56	7.93128e-16
6876.02	7.84493e-16
6877.48	7.65297e-16
6878.94	7.84844e-16
6880.4	8.02973e-16
6881.86	7.9179e-16
6883.32	7.75958e-16
6884.78	7.55479e-16
6886.24	7.56443e-16
6887.7	7.81867e-16
6889.16	8.04979e-16
6890.62	8.27558e-16
6892.08	8.03258e-16
6893.54	7.7425e-16
6894.99	7.66627e-16
6896.45	7.71241e-16
6897.91	7.79983e-16
6899.37	7.81431e-16
6900.83	7.69044e-16
6902.29	7.75188e-16
6903.75	8.03194e-16
6905.21	7.8616e-16
6906.67	7.589e-16
6908.13	7.51044e-16
6909.59	7.77933e-16
6911.05	7.85974e-16
6912.51	7.90637e-16
6913.97	7.84504e-16
6915.43	7.49946e-16
6916.89	7.38674e-16
6918.35	7.5983e-16
6919.81	7.59572e-16
6921.27	7.55878e-16
6922.73	7.4495e-16
6924.19	7.67466e-16
6925.65	7.57782e-16
6927.11	7.47486e-16
6928.57	7.67133e-16
6930.03	7.47252e-16
6931.49	7.42786e-16
6932.95	7.32469e-16
6934.41	7.28351e-16
6935.87	7.37348e-16
6937.33	7.56015e-16
6938.79	7.47069e-16
6940.25	7.7535e-16
6941.71	7.90622e-16
6943.17	7.74621e-16
6944.63	7.36029e-16
6946.09	6.96255e-16
6947.55	7.13654e-16
6949.01	7.20673e-16
6950.47	7.27791e-16
6951.93	7.63018e-16
6953.39	7.36729e-16
6954.85	7.27266e-16
6956.31	7.00119e-16
6957.77	7.02782e-16
6959.23	7.05442e-16
6960.69	7.081e-16
6962.14	7.10756e-16
6963.6	7.1341e-16
6965.06	7.16061e-16
6966.52	7.15771e-16
6967.98	6.90157e-16
6969.44	6.99708e-16
6970.9	7.38566e-16
6972.36	7.09618e-16
6973.82	7.19227e-16
6975.28	7.49383e-16
6976.74	7.57468e-16
6978.2	7.5291e-16
6979.66	7.58817e-16
6981.12	7.34482e-16
6982.58	7.17078e-16
6984.04	7.22878e-16
6985.5	7.06733e-16
6986.96	6.94082e-16
6988.42	6.90744e-16
6989.88	6.64412e-16
6991.34	6.75287e-16
6992.8	6.94854e-16
6994.26	7.04253e-16
6995.72	6.95835e-16
6997.18	7.05658e-16
6998.64	7.26919e-16
7000.1	7.55486e-16
7001.56	7.44793e-16
7003.02	7.01805e-16
7004.48	7.00751e-16
7005.94	6.95193e-16
7007.4	7.20767e-16
7008.86	7.0017e-16
7010.32	6.75875e-16
7011.78	7.08989e-16
7013.24	7.06601e-16
7014.7	6.87989e-16
7016.16	6.81878e-16
7017.62	6.82087e-16
7019.08	7.09015e-16
7020.54	7.14825e-16
7022	7.27913e-16
7023.46	7.00257e-16
7024.92	6.56499e-16
7026.38	6.72743e-16
7027.83	6.8332e-16
7029.29	7.01785e-16
7030.75	7.08877e-16
7032.21	6.86506e-16
7033.67	6.87009e-16
7035.13	6.96617e-16
7036.59	6.99339e-16
7038.05	6.93292e-16
7039.51	7.21259e-16
7040.97	6.53086e-16
7042.43	6.59683e-16
7043.89	6.63403e-16
7045.35	6.77681e-16
7046.81	6.67742e-16
7048.27	6.91142e-16
7049.73	6.71969e-16
7051.19	6.69671e-16
7052.65	7.0848e-16
7054.11	7.02608e-16
7055.57	6.84935e-16
7057.03	6.87467e-16
7058.49	7.0186e-16
7059.95	6.96195e-16
7061.41	6.85342e-16
7062.87	6.85572e-16
7064.33	7.17813e-16
7065.79	6.96553e-16
7067.25	6.924e-16
7068.71	6.80234e-16
7070.17	6.86643e-16
7071.63	6.82605e-16
7073.09	6.91528e-16
7074.55	7.12065e-16
7076.01	7.0614e-16
7077.47	6.9103e-16
7078.93	6.90507e-16
7080.39	6.86535e-16
7081.85	6.94448e-16
7083.31	6.68716e-16
7084.77	6.88129e-16
7086.23	6.98915e-16
7087.69	7.26076e-16
7089.15	7.32249e-16
7090.61	7.16153e-16
7092.07	6.98475e-16
7093.53	6.42612e-16
7094.99	6.67007e-16
7096.44	7.00067e-16
7097.9	6.83209e-16
7099.36	6.72186e-16
7100.82	6.8949e-16
7102.28	7.00705e-16
7103.74	6.99021e-16
7105.2	7.17376e-16
7106.66	6.96782e-16
7108.12	6.66796e-16
7109.58	6.67075e-16
7111.04	6.62168e-16
7112.5	6.73657e-16
7113.96	6.92914e-16
7115.42	6.92813e-16
7116.88	6.96139e-16
7118.34	7.05704e-16
7119.8	7.02898e-16
7121.26	7.05235e-16
7122.72	6.95611e-16
7124.18	6.76239e-16
7125.64	7.01856e-16
7127.1	7.214e-16
7128.56	7.32627e-16
7130.02	7.03805e-16
7131.48	6.98812e-16
7132.94	6.98069e-16
7134.4	6.98751e-16
7135.86	6.87388e-16
7137.32	6.82557e-16
7138.78	6.88261e-16
7140.24	6.89913e-16
7141.7	6.87682e-16
7143.16	6.66468e-16
7144.62	6.4579e-16
7146.08	6.73516e-16
7147.54	6.94337e-16
7149	6.84738e-16
7150.46	6.87132e-16
7151.92	7.08522e-16
7153.38	6.93662e-16
7154.84	6.69918e-16
7156.3	6.86398e-16
7157.76	6.94938e-16
7159.22	6.7666e-16
7160.68	6.52471e-16
7162.14	6.60015e-16
7163.6	6.80261e-16
7165.05	6.63946e-16
7166.51	6.35314e-16
7167.97	6.39773e-16
7169.43	6.61225e-16
7170.89	6.69851e-16
7172.35	6.8898e-16
7173.81	6.60425e-16
7175.27	6.36001e-16
7176.73	6.68991e-16
7178.19	6.84796e-16
7179.65	6.64952e-16
7181.11	6.68436e-16
7182.57	6.87166e-16
7184.03	6.67619e-16
7185.49	6.68176e-16
7186.95	6.70717e-16
7188.41	6.69481e-16
7189.87	6.49923e-16
7191.33	6.37052e-16
7192.79	6.57314e-16
7194.25	6.32635e-16
7195.71	6.1853e-16
7197.17	6.10278e-16
7198.63	6.28433e-16
7200.09	6.49526e-16
7201.55	6.40014e-16
7203.01	6.30868e-16
7204.47	6.34603e-16
7205.93	6.17645e-16
7207.39	6.01786e-16
7208.85	5.99781e-16
7210.31	6.06367e-16
7211.77	6.23342e-16
7213.23	6.10116e-16
7214.69	6.00817e-16
7216.15	5.60336e-16
7217.61	5.65888e-16
7219.07	5.70468e-16
7220.53	5.82052e-16
7221.99	5.99909e-16
7223.45	6.2907e-16
7224.91	6.37533e-16
7226.37	6.34713e-16
7227.83	5.77953e-16
7229.29	5.46201e-16
7230.74	5.71355e-16
7232.2	5.6864e-16
7233.66	5.85398e-16
7235.12	5.6061e-16
7236.58	5.51204e-16
7238.04	5.70716e-16
7239.5	5.83107e-16
7240.96	5.6725e-16
7242.42	5.6278e-16
7243.88	5.62521e-16
7245.34	5.38618e-16
7246.8	5.37247e-16
7248.26	5.57012e-16
7249.72	5.64914e-16
7251.18	5.40612e-16
7252.64	5.30577e-16
7254.1	5.23707e-16
7255.56	5.29947e-16
7257.02	4.88449e-16
7258.48	4.91574e-16
7259.94	5.09722e-16
7261.4	4.9739e-16
7262.86	5.2249e-16
7264.32	5.25351e-16
7265.78	5.05171e-16
7267.24	5.00191e-16
7268.7	4.93733e-16
7270.16	4.95882e-16
7271.62	5.16072e-16
7273.08	5.44614e-16
7274.54	5.31722e-16
7276	5.21952e-16
7277.46	5.11713e-16
7278.92	5.03883e-16
7280.38	4.96365e-16
7281.84	5.04748e-16
7283.3	4.99618e-16
7284.76	4.83304e-16
7286.22	4.88552e-16
7287.68	4.86936e-16
7289.14	4.95131e-16
7290.6	5.03624e-16
7292.06	4.83811e-16
7293.52	4.76124e-16
7294.98	4.45558e-16
7296.43	4.56494e-16
7297.89	4.67404e-16
7299.35	4.87955e-16
7300.81	4.62699e-16
7302.27	4.29387e-16
7303.73	4.66448e-16
7305.19	5.07095e-16
7306.65	4.79268e-16
7308.11	4.75809e-16
7309.57	4.97676e-16
7311.03	4.9391e-16
7312.49	5.01966e-16
7313.95	4.91144e-16
7315.41	4.76651e-16
7316.87	4.68709e-16
7318.33	4.99245e-16
7319.79	4.93939e-16
7321.25	4.86408e-16
7322.71	4.66475e-16
7324.17	4.65717e-16
7325.63	4.49808e-16
7327.09	4.49168e-16
7328.55	4.49423e-16
7330.01	4.56304e-16
7331.47	4.62176e-16
7332.93	4.41057e-16
7334.39	4.79885e-16
7335.85	4.81033e-16
7337.31	4.93835e-16
7338.77	4.93923e-16
7340.23	4.36512e-16
7341.69	4.41302e-16
7343.15	4.95245e-16
7344.61	4.63201e-16
7346.07	4.63194e-16
7347.53	4.76882e-16
7348.99	4.50913e-16
7350.45	4.36616e-16
7351.91	4.64102e-16
7353.37	4.70015e-16
7354.83	4.42062e-16
7356.29	4.91667e-16
7357.75	4.61957e-16
7359.21	4.46665e-16
7360.67	4.12409e-16
7362.13	4.20123e-16
7363.58	4.29448e-16
7365.04	4.5165e-16
7366.5	4.31083e-16
