3450.84	-6.07891e-17
3452.3	-4.31639e-17
3453.76	9.68231e-17
3455.22	-5.16593e-18
3456.68	4.34117e-18
3458.14	4.70807e-18
3459.6	-2.95942e-17
3461.06	-4.28257e-17
3462.52	1.02587e-17
3463.98	2.23646e-17
3465.44	3.00298e-17
3466.9	2.11668e-17
3468.36	4.64479e-17
3469.82	1.62117e-16
3471.28	3.31201e-17
3472.74	-4.03953e-17
3474.2	-5.22786e-17
3475.66	4.06584e-17
3477.12	9.16982e-17
3478.58	-3.24211e-17
3480.04	-3.9603e-17
3481.5	-2.43805e-17
3482.96	-2.53625e-17
3484.42	1.22611e-16
3485.88	1.96528e-16
3487.34	1.18506e-16
3488.8	1.16975e-16
3490.26	1.71993e-16
3491.72	8.69311e-17
3493.18	-6.88688e-18
3494.64	7.44981e-17
3496.1	2.98478e-19
3497.56	-3.67061e-17
3499.02	-4.47679e-17
3500.48	3.34258e-17
3501.94	1.19028e-16
3503.4	1.31932e-16
3504.86	1.62585e-16
3506.32	2.68947e-17
3507.78	5.20156e-17
3509.24	4.04338e-17
3510.7	7.19143e-18
3512.15	9.35203e-17
3513.61	1.17531e-16
3515.07	5.12939e-17
3516.53	-6.0873e-17
3517.99	-4.06477e-18
3519.45	-4.37672e-17
3520.91	-2.42838e-17
3522.37	-1.77713e-17
3523.83	6.04605e-18
3525.29	1.95755e-17
3526.75	-8.34471e-17
3528.21	-1.99846e-16
3529.67	2.7244e-17
3531.13	6.27841e-17
3532.59	-2.42174e-17
3534.05	6.00645e-17
3535.51	7.19983e-18
3536.97	2.55749e-17
3538.43	7.88978e-18
3539.89	1.75707e-17
3541.35	1.0853e-16
3542.81	3.11711e-17
3544.27	-7.34664e-17
3545.73	3.6733e-17
3547.19	1.19867e-16
3548.65	1.98176e-17
3550.11	7.15282e-17
3551.57	1.49401e-16
3553.03	-1.1544e-17
3554.49	6.67642e-17
3555.95	1.74673e-16
3557.41	2.02803e-16
3558.87	2.50725e-16
3560.33	8.45643e-17
3561.79	2.80239e-17
3563.25	-2.50182e-18
3564.71	-7.80085e-19
3566.17	-3.85666e-17
3567.63	7.72056e-17
3569.09	5.93141e-17
3570.55	-4.87941e-17
3572.01	1.90868e-18
3573.47	6.62683e-17
3574.93	8.10305e-17
3576.39	1.11774e-16
3577.84	6.46342e-17
3579.3	1.28631e-16
3580.76	1.3384e-16
3582.22	2.27281e-17
3583.68	5.67641e-17
3585.14	1.71437e-16
3586.6	1.18264e-16
3588.06	1.26415e-16
3589.52	5.3666e-17
3590.98	-3.69205e-17
3592.44	7.93528e-17
3593.9	1.27335e-16
3595.36	1.8847e-16
3596.82	1.37627e-16
3598.28	1.46959e-16
3599.74	1.08455e-16
3601.2	-2.64029e-17
3602.66	6.44612e-17
3604.12	8.93342e-17
3605.58	-2.94404e-17
3607.04	2.72129e-17
3608.5	1.36537e-16
3609.96	1.70448e-16
3611.42	1.33716e-16
3612.88	1.08291e-16
3614.34	4.95216e-17
3615.8	-6.06299e-17
3617.26	6.60464e-17
3618.72	1.85933e-16
3620.18	1.4364e-16
3621.64	7.29711e-17
3623.1	6.37652e-17
3624.56	1.00723e-16
3626.02	8.69294e-17
3627.48	7.07754e-17
3628.94	9.55182e-18
3630.4	7.91727e-17
3631.86	7.496e-17
3633.32	4.02538e-17
3634.78	2.32958e-17
3636.24	9.32551e-17
3637.7	1.68898e-16
3639.16	6.97699e-17
3640.62	6.90629e-17
3642.08	4.89449e-17
3643.54	1.07595e-16
3645	1.06168e-16
3646.45	4.42863e-17
3647.91	-4.57618e-18
3649.37	9.06226e-17
3650.83	3.77342e-17
3652.29	6.97704e-17
3653.75	9.16572e-17
3655.21	1.6413e-16
3656.67	2.51579e-17
3658.13	1.32241e-18
3659.59	1.22261e-16
3661.05	1.44871e-17
3662.51	1.66374e-17
3663.97	-6.73734e-17
3665.43	3.64657e-17
3666.89	1.12625e-16
3668.35	6.4128e-17
3669.81	2.92278e-17
3671.27	6.77339e-17
3672.73	1.12187e-16
3674.19	4.95627e-17
3675.65	2.67738e-17
3677.11	1.53791e-17
3678.57	-1.10494e-17
3680.03	5.78829e-17
3681.49	7.59036e-17
3682.95	5.22221e-17
3684.41	6.80298e-17
3685.87	1.18973e-16
3687.33	4.07624e-17
3688.79	1.53871e-17
3690.25	8.16158e-17
3691.71	3.47607e-17
3693.17	-5.12853e-17
3694.63	-5.28949e-17
3696.09	6.82001e-17
3697.55	5.52299e-17
3699.01	-8.78241e-18
3700.47	-1.04265e-18
3701.93	8.4175e-17
3703.39	1.42985e-16
3704.85	8.91521e-17
3706.31	-4.57468e-17
3707.77	-4.72933e-17
3709.23	-4.70057e-17
3710.69	-4.67174e-17
3712.14	-4.47672e-17
3713.6	-4.28119e-17
3715.06	-4.08523e-17
3716.52	-3.88879e-17
3717.98	-3.69187e-17
3719.44	-3.49445e-17
3720.9	-3.29658e-17
3722.36	-3.09824e-17
3723.82	-2.89942e-17
3725.28	-2.7001e-17
3726.74	-2.50033e-17
3728.2	-2.30008e-17
3729.66	-2.09933e-17
3731.12	-1.89813e-17
3732.58	-1.69645e-17
3734.04	-1.4943e-17
3735.5	-1.29167e-17
3736.96	-1.08853e-17
3738.42	-8.84938e-18
3739.88	-6.80838e-18
3741.34	-4.76293e-18
3742.8	-2.71268e-18
3744.26	-6.57646e-19
3745.72	1.40219e-18
3747.18	3.46682e-18
3748.64	2.72758e-17
3750.1	7.23479e-17
3751.56	4.65149e-18
3753.02	1.16942e-16
3754.48	1.15015e-16
3755.94	4.82607e-17
3757.4	7.63068e-17
3758.86	6.39558e-17
3760.32	9.57081e-17
3761.78	7.35206e-17
3763.24	9.15214e-17
3764.7	6.86689e-17
3766.16	9.20912e-17
3767.62	4.62875e-17
3769.08	8.68599e-17
3770.54	2.67347e-17
3772	3.63031e-17
3773.46	3.87485e-17
3774.92	2.70496e-17
3776.38	1.33918e-16
3777.84	1.474e-16
3779.29	4.19655e-17
3780.75	-1.5454e-17
3782.21	8.09179e-17
3783.67	1.32247e-16
3785.13	4.7454e-17
3786.59	-2.3177e-17
3788.05	1.36901e-18
3789.51	3.52841e-18
3790.97	6.81292e-17
3792.43	4.1782e-17
3793.89	9.03279e-17
3795.35	1.28663e-16
3796.81	4.19964e-17
3798.27	2.82842e-17
3799.73	6.66805e-18
3801.19	5.27069e-17
3802.65	3.35226e-17
3804.11	7.67384e-17
3805.57	8.55609e-17
3807.03	7.01351e-17
3808.49	7.36113e-17
3809.95	8.34929e-17
3811.41	7.8373e-17
3812.87	1.41063e-16
3814.33	1.88482e-16
3815.79	8.67074e-17
3817.25	9.54367e-17
3818.71	8.02743e-17
3820.17	2.87972e-17
3821.63	5.8871e-17
3823.09	5.37235e-17
3824.55	2.22986e-17
3826.01	5.35653e-17
3827.47	1.11114e-16
3828.93	1.15635e-16
3830.39	9.65747e-17
3831.85	9.55327e-17
3833.31	9.56218e-17
3834.77	3.0742e-17
3836.23	1.14554e-16
3837.69	7.53579e-17
3839.15	7.93017e-17
3840.61	7.91477e-17
3842.07	8.28114e-17
3843.53	4.24756e-17
3844.99	5.20907e-17
3846.44	1.14011e-16
3847.9	8.66643e-17
3849.36	1.0155e-16
3850.82	1.18045e-16
3852.28	6.61902e-17
3853.74	1.34907e-16
3855.2	1.20828e-16
3856.66	8.07842e-17
3858.12	8.17131e-17
3859.58	4.77678e-17
3861.04	9.65356e-17
3862.5	1.36007e-16
3863.96	1.42672e-16
3865.42	1.38744e-16
3866.88	1.15645e-16
3868.34	1.23114e-16
3869.8	9.42536e-17
3871.26	1.21637e-16
3872.72	1.2595e-16
3874.18	1.27119e-16
3875.64	9.64243e-17
3877.1	7.68571e-17
3878.56	1.22211e-16
3880.02	9.74151e-17
3881.48	1.36052e-16
3882.94	8.40213e-17
3884.4	4.1056e-17
3885.86	8.64489e-17
3887.32	4.49434e-17
3888.78	7.49569e-17
3890.24	8.23159e-17
3891.7	1.17539e-16
3893.16	1.29581e-16
3894.62	1.2562e-16
3896.08	1.31055e-16
3897.54	6.51528e-17
3899	6.19428e-17
3900.46	1.63103e-16
3901.92	1.32914e-16
3903.38	8.80075e-17
3904.84	9.51962e-17
3906.3	1.3413e-16
3907.76	6.98035e-17
3909.22	7.01448e-17
3910.68	1.14455e-16
3912.14	1.18415e-16
3913.59	1.46415e-16
3915.05	1.05238e-16
3916.51	1.32895e-16
3917.97	1.25219e-16
3919.43	9.27199e-17
3920.89	8.86364e-17
3922.35	7.39062e-17
3923.81	5.67404e-17
3925.27	1.06122e-16
3926.73	6.77388e-17
3928.19	5.83481e-17
3929.65	1.1096e-16
3931.11	1.46582e-16
3932.57	1.32832e-16
3934.03	1.00921e-16
3935.49	1.26355e-16
3936.95	1.04748e-16
3938.41	1.08669e-16
3939.87	1.40179e-16
3941.33	8.77761e-17
3942.79	9.78211e-17
3944.25	1.34617e-16
3945.71	1.57224e-16
3947.17	1.0963e-16
3948.63	6.08017e-17
3950.09	1.05851e-16
3951.55	6.37178e-17
3953.01	5.83748e-17
3954.47	6.48908e-17
3955.93	1.43091e-16
3957.39	1.11454e-16
3958.85	8.13513e-17
3960.31	1.22326e-16
3961.77	1.10804e-16
3963.23	5.49739e-17
3964.69	2.99859e-17
3966.15	1.37056e-16
3967.61	7.9567e-17
3969.07	1.13455e-16
3970.53	1.07221e-16
3971.99	9.30068e-17
3973.45	1.31548e-16
3974.91	8.45648e-17
3976.37	5.1925e-17
3977.83	1.22043e-16
3979.28	1.15521e-16
3980.74	1.23452e-16
3982.2	1.0299e-16
3983.66	9.3029e-17
3985.12	1.14474e-16
3986.58	1.5073e-16
3988.04	1.08769e-16
3989.5	1.04341e-16
3990.96	1.0316e-16
3992.42	8.51181e-17
3993.88	1.09799e-16
3995.34	1.50227e-16
3996.8	1.19623e-16
3998.26	7.03126e-17
3999.72	1.16482e-16
4001.18	9.47485e-17
4002.64	1.06722e-16
4004.1	1.34133e-16
4005.56	8.57751e-17
4007.02	1.12741e-16
4008.48	6.62077e-17
4009.94	9.17678e-17
4011.4	1.60701e-16
4012.86	1.35728e-16
4014.32	9.71512e-17
4015.78	1.02289e-16
4017.24	1.22242e-16
4018.7	1.46476e-16
4020.16	9.73548e-17
4021.62	5.73273e-17
4023.08	1.2742e-16
4024.54	1.24252e-16
4026	1.55632e-16
4027.46	1.41825e-16
4028.92	1.00212e-16
4030.38	1.10096e-16
4031.84	1.24569e-16
4033.3	1.42042e-16
4034.76	9.74886e-17
4036.22	5.67143e-17
4037.68	8.59792e-17
4039.14	5.22156e-17
4040.6	1.05053e-16
4042.06	8.4842e-17
4043.52	1.04244e-16
4044.98	1.35228e-16
4046.43	7.30691e-17
4047.89	1.02955e-16
4049.35	8.88856e-17
4050.81	8.80061e-17
4052.27	1.07903e-16
4053.73	1.20859e-16
4055.19	1.81465e-16
4056.65	1.049e-16
4058.11	6.44453e-17
4059.57	1.21723e-16
4061.03	9.7168e-17
4062.49	1.07965e-16
4063.95	1.32929e-16
4065.41	1.19476e-16
4066.87	1.17151e-16
4068.33	1.11911e-16
4069.79	1.2694e-16
4071.25	7.32527e-17
4072.71	9.73339e-17
4074.17	1.21423e-16
4075.63	1.17483e-16
4077.09	1.07512e-16
4078.55	9.59348e-17
4080.01	1.06475e-16
4081.47	7.56664e-17
4082.93	8.33305e-17
4084.39	1.37314e-16
4085.85	1.02797e-16
4087.31	8.40764e-17
4088.77	8.92384e-17
4090.23	9.18738e-17
4091.69	7.27015e-17
4093.15	7.80409e-17
4094.61	1.3741e-16
4096.07	1.63391e-16
4097.53	1.09349e-16
4098.99	1.00515e-16
4100.45	9.09831e-17
4101.91	7.56154e-17
4103.37	1.01117e-16
4104.83	8.2362e-17
4106.29	7.38494e-17
4107.75	7.33207e-17
4109.21	8.82345e-17
4110.67	3.40467e-17
4112.13	1.13383e-17
4113.58	4.83581e-17
4115.04	1.06552e-16
4116.5	9.53064e-17
4117.96	6.81486e-17
4119.42	5.96111e-17
4120.88	1.06666e-16
4122.34	8.80125e-17
4123.8	1.04587e-16
4125.26	8.40784e-17
4126.72	5.5383e-17
4128.18	1.10055e-16
4129.64	4.83556e-17
4131.1	8.33599e-17
4132.56	1.03185e-16
4134.02	6.87789e-17
4135.48	8.92748e-17
4136.94	1.30149e-16
4138.4	1.22248e-16
4139.86	9.57071e-17
4141.32	1.36629e-16
4142.78	1.15343e-16
4144.24	1.07531e-16
4145.7	6.70193e-17
4147.16	8.35547e-17
4148.62	5.86357e-17
4150.08	3.72636e-17
4151.54	1.05825e-16
4153	6.94688e-17
4154.46	7.42587e-17
4155.92	6.85765e-17
4157.38	3.96872e-17
4158.84	4.88782e-17
4160.3	6.84706e-17
4161.76	1.26159e-16
4163.22	1.23575e-16
4164.68	1.02758e-16
4166.14	8.35078e-17
4167.6	7.52178e-17
4169.06	1.21113e-16
4170.52	9.28339e-17
4171.98	7.68722e-17
4173.44	1.01108e-16
4174.9	1.21389e-16
4176.36	1.09006e-16
4177.82	9.62496e-17
4179.27	1.12254e-16
4180.73	9.49696e-17
4182.19	9.43243e-17
4183.65	1.07861e-16
4185.11	1.15754e-16
4186.57	9.70234e-17
4188.03	7.74348e-17
4189.49	1.02823e-16
4190.95	8.39521e-17
4192.41	8.78037e-17
4193.87	1.09144e-16
4195.33	1.24339e-16
4196.79	1.33838e-16
4198.25	1.02683e-16
4199.71	8.69544e-17
4201.17	8.24709e-17
4202.63	8.82766e-17
4204.09	1.17266e-16
4205.55	1.20153e-16
4207.01	6.34642e-17
4208.47	1.15091e-16
4209.93	1.20577e-16
4211.39	7.72511e-17
4212.85	1.19273e-16
4214.31	1.27562e-16
4215.77	9.05103e-17
4217.23	6.36478e-17
4218.69	6.67069e-17
4220.15	9.66923e-17
4221.61	8.83677e-17
4223.07	8.95382e-17
4224.53	9.30141e-17
4225.99	1.36203e-16
4227.45	1.12098e-16
4228.91	6.83718e-17
4230.37	6.19271e-17
4231.83	1.15182e-16
4233.29	9.50959e-17
4234.75	7.52497e-17
4236.21	9.64979e-17
4237.67	7.54121e-17
4239.13	7.13314e-17
4240.59	1.15451e-16
4242.05	1.19317e-16
4243.51	6.06893e-17
4244.97	8.89132e-17
4246.42	1.32004e-16
4247.88	1.26122e-16
4249.34	1.10017e-16
4250.8	8.74718e-17
4252.26	7.45615e-17
4253.72	9.69501e-17
4255.18	9.02886e-17
4256.64	9.41775e-17
4258.1	1.00978e-16
4259.56	9.32167e-17
4261.02	1.00326e-16
4262.48	9.92127e-17
4263.94	1.03592e-16
4265.4	9.73965e-17
4266.86	1.0204e-16
4268.32	1.13976e-16
4269.78	1.11885e-16
4271.24	7.34602e-17
4272.7	1.00042e-16
4274.16	1.20292e-16
4275.62	1.44599e-16
4277.08	1.21731e-16
4278.54	6.78494e-17
4280	9.88529e-17
4281.46	9.41305e-17
4282.92	1.17733e-16
4284.38	8.81636e-17
4285.84	7.34751e-17
4287.3	6.6205e-17
4288.76	1.21972e-16
4290.22	1.40871e-16
4291.68	1.22969e-16
4293.14	9.93655e-17
4294.6	1.43331e-16
4296.06	1.28973e-16
4297.52	1.36303e-16
4298.98	6.91178e-17
4300.44	7.80894e-17
4301.9	1.04784e-16
4303.36	1.2952e-16
4304.82	1.10998e-16
4306.28	8.33479e-17
4307.74	1.10579e-16
4309.2	1.29542e-16
4310.66	1.31448e-16
4312.11	9.09138e-17
4313.57	1.15095e-16
4315.03	1.51097e-16
4316.49	1.24981e-16
4317.95	7.79906e-17
4319.41	1.03089e-16
4320.87	1.15233e-16
4322.33	1.25816e-16
4323.79	9.32767e-17
4325.25	6.47066e-17
4326.71	1.06544e-16
4328.17	1.06538e-16
4329.63	1.06926e-16
4331.09	1.19535e-16
4332.55	1.78415e-16
4334.01	2.29842e-16
4335.47	1.89212e-16
4336.93	1.64547e-16
4338.39	1.55906e-16
4339.85	1.13566e-16
4341.31	1.26117e-16
4342.77	1.128e-16
4344.23	8.09145e-17
4345.69	8.16099e-17
4347.15	8.2307e-17
4348.61	8.30049e-17
4350.07	8.37042e-17
4351.53	8.44048e-17
4352.99	8.51063e-17
4354.45	8.58092e-17
4355.91	8.65132e-17
4357.37	8.72185e-17
4358.83	8.79249e-17
4360.29	8.86327e-17
4361.75	8.93414e-17
4363.21	9.00517e-17
4364.67	9.07631e-17
4366.13	9.14755e-17
4367.59	9.21895e-17
4369.05	9.29043e-17
4370.51	9.36206e-17
4371.97	9.43378e-17
4373.43	9.50565e-17
4374.89	9.57762e-17
4376.35	9.64973e-17
4377.81	9.72196e-17
4379.27	9.79429e-17
4380.73	9.86676e-17
4382.18	9.93933e-17
4383.64	1.23978e-16
4385.1	1.73065e-16
4386.56	1.43503e-16
4388.02	8.70764e-17
4389.48	1.44858e-16
4390.94	1.20176e-16
4392.4	1.09972e-16
4393.86	1.75068e-16
4395.32	1.76852e-16
4396.78	1.37564e-16
4398.24	1.6043e-16
4399.7	1.29068e-16
4401.16	9.91322e-17
4402.62	1.56178e-16
4404.08	1.74594e-16
4405.54	1.56584e-16
4407	1.26471e-16
4408.46	9.85316e-17
4409.92	1.28263e-16
4411.38	1.48379e-16
4412.84	1.39444e-16
4414.3	1.80648e-16
4415.76	1.66145e-16
4417.22	1.04782e-16
4418.68	1.31022e-16
4420.14	1.18485e-16
4421.6	1.68173e-16
4423.06	2.01076e-16
4424.52	1.91136e-16
4425.98	1.80456e-16
4427.44	1.52087e-16
4428.9	1.38625e-16
4430.36	1.62535e-16
4431.82	1.63264e-16
4433.28	1.43213e-16
4434.74	1.03141e-16
4436.2	1.02157e-16
4437.66	1.1534e-16
4439.12	1.2112e-16
4440.58	1.92273e-16
4442.04	1.91908e-16
4443.5	1.44058e-16
4444.96	1.58245e-16
4446.42	1.79531e-16
4447.87	1.89673e-16
4449.33	1.92423e-16
4450.79	1.43149e-16
4452.25	1.81173e-16
4453.71	1.91816e-16
4455.17	1.44532e-16
4456.63	1.50106e-16
4458.09	1.89468e-16
4459.55	1.91422e-16
4461.01	1.44574e-16
4462.47	9.5469e-17
4463.93	1.28555e-16
4465.39	1.76367e-16
4466.85	1.74435e-16
4468.31	1.43839e-16
4469.77	1.60993e-16
4471.23	1.97819e-16
4472.69	2.60313e-16
4474.15	2.48241e-16
4475.61	1.50153e-16
4477.07	2.01893e-16
4478.53	1.58076e-16
4479.99	1.33258e-16
4481.45	1.58345e-16
4482.91	1.77846e-16
4484.37	2.34722e-16
4485.83	2.23646e-16
4487.29	1.59535e-16
4488.75	1.28949e-16
4490.21	2.01943e-16
4491.67	1.83972e-16
4493.13	2.23988e-16
4494.59	2.01227e-16
4496.05	1.6504e-16
4497.51	1.99285e-16
4498.97	2.25738e-16
4500.43	2.39405e-16
4501.89	1.59418e-16
4503.35	1.395e-16
4504.81	2.44775e-16
4506.27	2.58432e-16
4507.73	2.08323e-16
4509.19	2.13306e-16
4510.65	1.82682e-16
4512.11	1.99755e-16
4513.57	1.39372e-16
4515.02	1.82508e-16
4516.48	1.68451e-16
4517.94	1.69219e-16
4519.4	2.14859e-16
4520.86	1.31151e-16
4522.32	1.64302e-16
4523.78	1.32456e-16
4525.24	1.56877e-16
4526.7	1.74997e-16
4528.16	3.16416e-16
4529.62	2.71545e-16
4531.08	1.9563e-16
4532.54	1.69521e-16
4534	1.92613e-16
4535.46	1.5241e-16
4536.92	2.22502e-16
4538.38	1.80242e-16
4539.84	1.87959e-16
4541.3	1.63514e-16
4542.76	1.82213e-16
4544.22	2.11963e-16
4545.68	2.48888e-16
4547.14	2.15453e-16
4548.6	2.24746e-16
4550.06	2.26613e-16
4551.52	2.89736e-16
4552.98	2.64118e-16
4554.44	3.04726e-16
4555.9	2.29261e-16
4557.36	2.32448e-16
4558.82	2.57164e-16
4560.28	2.99838e-16
4561.74	2.04875e-16
4563.2	1.98415e-16
4564.66	2.42167e-16
4566.12	2.63231e-16
4567.58	1.81324e-16
4569.04	1.98787e-16
4570.5	2.92822e-16
4571.96	2.85659e-16
4573.42	2.29768e-16
4574.88	1.82597e-16
4576.34	2.43502e-16
4577.8	1.82426e-16
4579.26	1.8751e-16
4580.71	1.80084e-16
4582.17	2.19305e-16
4583.63	2.6231e-16
4585.09	2.68088e-16
4586.55	2.8358e-16
4588.01	2.33276e-16
4589.47	2.35872e-16
4590.93	2.45934e-16
4592.39	1.91912e-16
4593.85	1.56933e-16
4595.31	2.3584e-16
4596.77	2.9136e-16
4598.23	2.11099e-16
4599.69	1.90597e-16
4601.15	2.12229e-16
4602.61	1.70238e-16
4604.07	2.08372e-16
4605.53	1.94484e-16
4606.99	1.71913e-16
4608.45	2.276e-16
4609.91	1.71316e-16
4611.37	2.11444e-16
4612.83	2.13681e-16
4614.29	1.91816e-16
4615.75	2.38189e-16
4617.21	2.73755e-16
4618.67	2.26797e-16
4620.13	2.75745e-16
4621.59	2.24922e-16
4623.05	2.20646e-16
4624.51	1.90803e-16
4625.97	2.17489e-16
4627.43	2.3798e-16
4628.89	2.28515e-16
4630.35	1.88e-16
4631.81	1.57943e-16
4633.27	2.04359e-16
4634.73	2.33375e-16
4636.19	1.9385e-16
4637.65	2.02907e-16
4639.11	1.84593e-16
4640.57	1.92225e-16
4642.03	1.53373e-16
4643.49	2.11398e-16
4644.95	2.49521e-16
4646.41	2.34969e-16
4647.86	2.13416e-16
4649.32	1.99207e-16
4650.78	1.80948e-16
4652.24	1.85718e-16
4653.7	2.06776e-16
4655.16	2.61036e-16
4656.62	2.73519e-16
4658.08	2.62049e-16
4659.54	2.39174e-16
4661	2.26955e-16
4662.46	2.67081e-16
4663.92	2.38415e-16
4665.38	2.05869e-16
4666.84	1.95611e-16
4668.3	2.02224e-16
4669.76	1.95487e-16
4671.22	2.02306e-16
4672.68	2.6621e-16
4674.14	2.53335e-16
4675.6	2.13879e-16
4677.06	2.32067e-16
4678.52	1.84327e-16
4679.98	1.21441e-16
4681.44	1.74088e-16
4682.9	2.16312e-16
4684.36	1.83115e-16
4685.82	2.05697e-16
4687.28	2.01658e-16
4688.74	1.84802e-16
4690.2	1.86486e-16
4691.66	1.97136e-16
4693.12	2.10083e-16
4694.58	1.84068e-16
4696.04	1.67628e-16
4697.5	1.84271e-16
4698.96	1.88211e-16
4700.42	1.83244e-16
4701.88	1.68806e-16
4703.34	1.93665e-16
4704.8	1.98911e-16
4706.26	2.12158e-16
4707.72	1.98204e-16
4709.18	1.88592e-16
4710.64	2.0616e-16
4712.1	2.37891e-16
4713.55	1.76513e-16
4715.01	2.15296e-16
4716.47	2.37288e-16
4717.93	1.6863e-16
4719.39	1.1082e-16
4720.85	2.34759e-16
4722.31	2.89382e-16
4723.77	2.05491e-16
4725.23	2.11089e-16
4726.69	1.93965e-16
4728.15	1.74662e-16
4729.61	1.89918e-16
4731.07	2.27019e-16
4732.53	1.89967e-16
4733.99	1.5051e-16
4735.45	1.85637e-16
4736.91	2.03037e-16
4738.37	2.20798e-16
4739.83	1.68685e-16
4741.29	1.56677e-16
4742.75	2.03103e-16
4744.21	1.83539e-16
4745.67	1.64013e-16
4747.13	1.57061e-16
4748.59	2.40197e-16
4750.05	2.35774e-16
4751.51	1.87934e-16
4752.97	1.79192e-16
4754.43	1.65097e-16
4755.89	1.54211e-16
4757.35	1.85367e-16
4758.81	1.75071e-16
4760.27	1.84279e-16
4761.73	1.95805e-16
4763.19	1.90362e-16
4764.65	1.70668e-16
4766.11	1.77434e-16
4767.57	1.2933e-16
4769.03	1.57655e-16
4770.49	2.18567e-16
4771.95	2.17385e-16
4773.41	2.14991e-16
4774.87	1.79099e-16
4776.33	1.68411e-16
4777.79	1.92522e-16
4779.25	2.3478e-16
4780.7	1.95149e-16
4782.16	1.59795e-16
4783.62	2.01928e-16
4785.08	1.65019e-16
4786.54	1.47995e-16
4788	1.61849e-16
4789.46	1.34194e-16
4790.92	1.97669e-16
4792.38	2.15876e-16
4793.84	1.80138e-16
4795.3	1.8476e-16
4796.76	2.26344e-16
4798.22	2.57988e-16
4799.68	2.15082e-16
4801.14	2.61731e-16
4802.6	2.40233e-16
4804.06	2.213e-16
4805.52	2.17481e-16
4806.98	1.65553e-16
4808.44	1.57559e-16
4809.9	1.51667e-16
4811.36	1.68416e-16
4812.82	1.38298e-16
4814.28	1.64806e-16
4815.74	1.58682e-16
4817.2	1.62739e-16
4818.66	1.70335e-16
4820.12	1.43433e-16
4821.58	1.57519e-16
4823.04	2.12514e-16
4824.5	2.2334e-16
4825.96	1.75612e-16
4827.42	1.90415e-16
4828.88	1.8126e-16
4830.34	2.1431e-16
4831.8	2.11008e-16
4833.26	2.06384e-16
4834.72	2.05763e-16
4836.18	1.99418e-16
4837.64	2.1441e-16
4839.1	2.20596e-16
4840.56	2.13663e-16
4842.02	1.70534e-16
4843.48	1.70729e-16
4844.94	1.70923e-16
4846.4	1.71118e-16
4847.86	1.71312e-16
4849.31	1.71506e-16
4850.77	1.71701e-16
4852.23	1.71895e-16
4853.69	1.72089e-16
4855.15	1.72283e-16
4856.61	1.72477e-16
4858.07	1.72671e-16
4859.53	1.72865e-16
4860.99	1.73059e-16
4862.45	1.73253e-16
4863.91	1.73447e-16
4865.37	1.7364e-16
4866.83	1.73834e-16
4868.29	1.74028e-16
4869.75	1.74221e-16
4871.21	1.74415e-16
4872.67	1.74608e-16
4874.13	1.74801e-16
4875.59	1.74995e-16
4877.05	1.75188e-16
4878.51	1.75381e-16
4879.97	1.75574e-16
4881.43	2.13454e-16
4882.89	2.59386e-16
4884.35	2.54117e-16
4885.81	2.63459e-16
4887.27	2.44788e-16
4888.73	2.08594e-16
4890.19	2.0826e-16
4891.65	2.3408e-16
4893.11	2.18005e-16
4894.57	1.74871e-16
4896.03	2.36471e-16
4897.49	2.29204e-16
4898.95	2.21955e-16
4900.41	2.54856e-16
4901.87	2.26577e-16
4903.33	2.16808e-16
4904.79	2.29929e-16
4906.25	1.72271e-16
4907.71	1.95884e-16
4909.17	2.46746e-16
4910.63	2.42218e-16
4912.09	2.08892e-16
4913.55	2.46451e-16
4915.01	2.49139e-16
4916.46	2.27744e-16
4917.92	1.86961e-16
4919.38	1.91317e-16
4920.84	2.08031e-16
4922.3	2.0952e-16
4923.76	2.36304e-16
4925.22	2.39214e-16
4926.68	2.03779e-16
4928.14	2.11617e-16
4929.6	2.05149e-16
4931.06	2.20905e-16
4932.52	2.45316e-16
4933.98	2.73547e-16
4935.44	2.61211e-16
4936.9	2.25274e-16
4938.36	2.43011e-16
4939.82	2.41956e-16
4941.28	2.42848e-16
4942.74	2.43741e-16
4944.2	2.44635e-16
4945.66	2.45529e-16
4947.12	2.46423e-16
4948.58	2.47318e-16
4950.04	2.48214e-16
4951.5	2.4911e-16
4952.96	2.50006e-16
4954.42	2.50904e-16
4955.88	2.51801e-16
4957.34	2.52699e-16
4958.8	2.53597e-16
4960.26	2.54496e-16
4961.72	2.55396e-16
4963.18	2.56296e-16
4964.64	2.57196e-16
4966.1	2.58097e-16
4967.56	2.58998e-16
4969.02	2.599e-16
4970.48	2.60803e-16
4971.94	2.61705e-16
4973.4	2.62608e-16
4974.86	2.63512e-16
4976.32	2.64416e-16
4977.78	2.6532e-16
4979.24	2.38593e-16
4980.7	2.28599e-16
4982.15	2.68681e-16
4983.61	2.81337e-16
4985.07	2.02754e-16
4986.53	2.11196e-16
4987.99	2.05137e-16
4989.45	2.0652e-16
4990.91	2.07903e-16
4992.37	2.09288e-16
4993.83	2.10673e-16
4995.29	2.12059e-16
4996.75	2.13447e-16
4998.21	2.14835e-16
4999.67	2.16224e-16
5001.13	2.17614e-16
5002.59	2.19005e-16
5004.05	2.20397e-16
5005.51	2.2179e-16
5006.97	2.23184e-16
5008.43	2.24578e-16
5009.89	2.25974e-16
5011.35	2.27371e-16
5012.81	2.28768e-16
5014.27	2.30166e-16
5015.73	2.31565e-16
5017.19	2.32965e-16
5018.65	2.34365e-16
5020.11	2.35767e-16
5021.57	2.3717e-16
5023.03	2.38573e-16
5024.49	2.39977e-16
5025.95	2.41381e-16
5027.41	2.34879e-16
5028.87	1.82599e-16
5030.33	2.24046e-16
5031.79	2.6791e-16
5033.25	2.96073e-16
5034.71	2.54733e-16
5036.17	2.29463e-16
5037.63	2.1659e-16
5039.09	2.39383e-16
5040.55	2.81446e-16
5042.01	2.80894e-16
5043.47	2.56391e-16
5044.93	1.90575e-16
5046.39	2.27099e-16
5047.85	2.66263e-16
5049.3	2.87919e-16
5050.76	2.84481e-16
5052.22	2.46821e-16
5053.68	2.01263e-16
5055.14	2.68136e-16
5056.6	2.37053e-16
5058.06	2.65056e-16
5059.52	2.85043e-16
5060.98	2.48507e-16
5062.44	2.33512e-16
5063.9	2.32094e-16
5065.36	2.52457e-16
5066.82	2.86382e-16
5068.28	2.56447e-16
5069.74	2.35249e-16
5071.2	2.43012e-16
5072.66	2.46569e-16
5074.12	2.56807e-16
5075.58	2.51034e-16
5077.04	2.27372e-16
5078.5	2.5159e-16
5079.96	1.82916e-16
5081.42	1.42386e-16
5082.88	2.06092e-16
5084.34	1.79376e-16
5085.8	2.30737e-16
5087.26	3.12305e-16
5088.72	2.60631e-16
5090.18	2.6562e-16
5091.64	2.7972e-16
5093.1	2.58851e-16
5094.56	2.6921e-16
5096.02	2.71188e-16
5097.48	2.48911e-16
5098.94	2.44679e-16
5100.4	2.74885e-16
5101.86	2.51776e-16
5103.32	2.00686e-16
5104.78	2.24549e-16
5106.24	1.97093e-16
5107.7	2.24289e-16
5109.16	2.34783e-16
5110.62	2.78664e-16
5112.08	2.69331e-16
5113.54	2.58597e-16
5114.99	2.18886e-16
5116.45	2.57777e-16
5117.91	2.5315e-16
5119.37	2.64051e-16
5120.83	2.45464e-16
5122.29	3.12082e-16
5123.75	3.64384e-16
5125.21	2.61526e-16
5126.67	2.34558e-16
5128.13	1.85181e-16
5129.59	2.30216e-16
5131.05	2.8986e-16
5132.51	2.37661e-16
5133.97	2.12102e-16
5135.43	2.70214e-16
5136.89	2.67635e-16
5138.35	2.63376e-16
5139.81	2.4445e-16
5141.27	2.57364e-16
5142.73	2.78807e-16
5144.19	2.61319e-16
5145.65	2.65817e-16
5147.11	2.89097e-16
5148.57	2.70419e-16
5150.03	2.24026e-16
5151.49	1.88409e-16
5152.95	2.38681e-16
5154.41	2.80241e-16
5155.87	2.24411e-16
5157.33	2.24977e-16
5158.79	2.43775e-16
5160.25	2.63188e-16
5161.71	2.72638e-16
5163.17	2.56181e-16
5164.63	2.53359e-16
5166.09	2.42499e-16
5167.55	2.6369e-16
5169.01	2.50953e-16
5170.47	2.77268e-16
5171.93	2.3718e-16
5173.39	1.76188e-16
5174.85	2.30409e-16
5176.31	2.65699e-16
5177.77	2.45925e-16
5179.23	2.51389e-16
5180.69	2.58349e-16
5182.14	2.53688e-16
5183.6	2.16306e-16
5185.06	2.55437e-16
5186.52	2.73999e-16
5187.98	2.42793e-16
5189.44	2.66084e-16
5190.9	2.64971e-16
5192.36	2.2657e-16
5193.82	2.87425e-16
5195.28	2.76762e-16
5196.74	2.52276e-16
5198.2	2.47506e-16
5199.66	2.44432e-16
5201.12	2.26589e-16
5202.58	2.50408e-16
5204.04	2.6365e-16
5205.5	2.51338e-16
5206.96	2.66694e-16
5208.42	2.78154e-16
5209.88	2.95347e-16
5211.34	2.4463e-16
5212.8	2.41846e-16
5214.26	2.4881e-16
5215.72	2.74762e-16
5217.18	2.71383e-16
5218.64	2.44311e-16
5220.1	2.21337e-16
5221.56	2.48504e-16
5223.02	2.56401e-16
5224.48	2.46692e-16
5225.94	2.92059e-16
5227.4	3.00045e-16
5228.86	2.7616e-16
5230.32	2.62214e-16
5231.78	2.46209e-16
5233.24	2.67329e-16
5234.7	2.94447e-16
5236.16	3.11537e-16
5237.62	2.78579e-16
5239.08	2.74415e-16
5240.54	2.65342e-16
5242	2.65628e-16
5243.46	2.67454e-16
5244.92	2.77174e-16
5246.38	2.34519e-16
5247.83	2.41378e-16
5249.29	2.94401e-16
5250.75	2.99905e-16
5252.21	2.68226e-16
5253.67	3.17535e-16
5255.13	3.45727e-16
5256.59	3.42057e-16
5258.05	3.49812e-16
5259.51	3.56913e-16
5260.97	3.53639e-16
5262.43	3.46054e-16
5263.89	3.19411e-16
5265.35	2.47352e-16
5266.81	2.7247e-16
5268.27	3.4563e-16
5269.73	3.2844e-16
5271.19	3.12838e-16
5272.65	3.21582e-16
5274.11	3.12813e-16
5275.57	3.21811e-16
5277.03	3.02273e-16
5278.49	2.78452e-16
5279.95	2.93939e-16
5281.41	3.27877e-16
5282.87	3.13186e-16
5284.33	3.01131e-16
5285.79	3.34434e-16
5287.25	3.35577e-16
5288.71	2.94665e-16
5290.17	3.04962e-16
5291.63	3.24849e-16
5293.09	3.13908e-16
5294.55	2.66825e-16
5296.01	2.2685e-16
5297.47	2.94957e-16
5298.93	3.38337e-16
5300.39	3.20305e-16
5301.85	3.47499e-16
5303.31	3.62556e-16
5304.77	3.67205e-16
5306.23	3.91718e-16
5307.69	3.85651e-16
5309.15	3.60549e-16
5310.61	3.14969e-16
5312.07	3.21314e-16
5313.53	3.58474e-16
5314.99	3.27e-16
5316.45	3.28208e-16
5317.9	3.32427e-16
5319.36	3.38104e-16
5320.82	3.68456e-16
5322.28	3.64729e-16
5323.74	3.48524e-16
5325.2	3.09296e-16
5326.66	3.08001e-16
5328.12	3.52278e-16
5329.58	3.77085e-16
5331.04	3.53779e-16
5332.5	3.28714e-16
5333.96	3.22672e-16
5335.42	3.04559e-16
5336.88	3.10219e-16
5338.34	3.44232e-16
5339.8	3.62777e-16
5341.26	3.72872e-16
5342.72	3.52474e-16
5344.18	2.99496e-16
5345.64	3.00972e-16
5347.1	3.44891e-16
5348.56	3.65356e-16
5350.02	3.57189e-16
5351.48	3.10983e-16
5352.94	3.00548e-16
5354.4	3.14085e-16
5355.86	3.3158e-16
5357.32	3.18903e-16
5358.78	3.36939e-16
5360.24	3.33464e-16
5361.7	3.26396e-16
5363.16	3.50615e-16
5364.62	4.27364e-16
5366.08	3.77552e-16
5367.54	3.0407e-16
5369	3.2135e-16
5370.46	3.89699e-16
5371.92	4.00661e-16
5373.38	3.41057e-16
5374.84	3.72169e-16
5376.3	3.75446e-16
5377.76	3.46142e-16
5379.22	2.93264e-16
5380.68	3.16093e-16
5382.14	3.27663e-16
5383.59	3.51976e-16
5385.05	3.43583e-16
5386.51	2.93425e-16
5387.97	3.5662e-16
5389.43	3.61748e-16
5390.89	2.80797e-16
5392.35	2.70302e-16
5393.81	3.45585e-16
5395.27	3.60614e-16
5396.73	3.2176e-16
5398.19	3.13532e-16
5399.65	3.17308e-16
5401.11	3.29083e-16
5402.57	3.18681e-16
5404.03	3.36786e-16
5405.49	3.57932e-16
5406.95	2.98445e-16
5408.41	3.51735e-16
5409.87	3.81746e-16
5411.33	3.52558e-16
5412.79	3.66078e-16
5414.25	3.5658e-16
5415.71	4.03478e-16
5417.17	4.05941e-16
5418.63	4.24499e-16
5420.09	4.26321e-16
5421.55	3.82579e-16
5423.01	3.30115e-16
5424.47	3.54778e-16
5425.93	3.78339e-16
5427.39	3.46392e-16
5428.85	3.20565e-16
5430.31	3.65471e-16
5431.77	4.03711e-16
5433.23	3.37142e-16
5434.69	3.06525e-16
5436.15	3.48e-16
5437.61	3.74227e-16
5439.07	3.99562e-16
5440.53	4.04048e-16
5441.99	3.64643e-16
5443.45	4.14988e-16
5444.91	4.22513e-16
5446.37	3.8436e-16
5447.83	3.21466e-16
5449.29	3.40593e-16
5450.74	4.31442e-16
5452.2	4.21167e-16
5453.66	3.90229e-16
5455.12	4.41314e-16
5456.58	4.54141e-16
5458.04	4.04755e-16
5459.5	3.66261e-16
5460.96	4.00724e-16
5462.42	4.15289e-16
5463.88	3.90741e-16
5465.34	3.87189e-16
5466.8	4.09829e-16
5468.26	4.49433e-16
5469.72	4.40473e-16
5471.18	4.22153e-16
5472.64	4.17271e-16
5474.1	3.90483e-16
5475.56	4.14992e-16
5477.02	4.43297e-16
5478.48	3.70946e-16
5479.94	3.32282e-16
5481.4	3.78696e-16
5482.86	4.22847e-16
5484.32	4.33114e-16
5485.78	4.33728e-16
5487.24	4.07138e-16
5488.7	4.14529e-16
5490.16	3.64236e-16
5491.62	3.58244e-16
5493.08	3.40691e-16
5494.54	3.72837e-16
5496	3.94068e-16
5497.46	3.68315e-16
5498.92	3.41147e-16
5500.38	3.689e-16
5501.84	4.2775e-16
5503.3	3.78669e-16
5504.76	3.9752e-16
5506.22	3.59463e-16
5507.68	3.46535e-16
5509.14	3.31236e-16
5510.6	3.87168e-16
5512.06	3.79146e-16
5513.52	3.36942e-16
5514.98	3.49419e-16
5516.43	3.68224e-16
5517.89	3.51472e-16
5519.35	3.41832e-16
5520.81	3.85315e-16
5522.27	3.72622e-16
5523.73	3.80735e-16
5525.19	3.87114e-16
5526.65	3.52175e-16
5528.11	3.3346e-16
5529.57	3.36043e-16
5531.03	3.38626e-16
5532.49	3.41207e-16
5533.95	3.43787e-16
5535.41	3.46367e-16
5536.87	3.48946e-16
5538.33	3.51524e-16
5539.79	3.54101e-16
5541.25	3.56677e-16
5542.71	3.59252e-16
5544.17	3.61827e-16
5545.63	3.644e-16
5547.09	3.66973e-16
5548.55	3.69544e-16
5550.01	3.72115e-16
5551.47	3.74685e-16
5552.93	3.74647e-16
5554.39	3.51024e-16
5555.85	3.31658e-16
5557.31	3.68349e-16
5558.77	3.59451e-16
5560.23	3.60346e-16
5561.69	3.36318e-16
5563.15	3.18445e-16
5564.61	3.33251e-16
5566.07	3.26675e-16
5567.53	3.47412e-16
5568.99	3.41237e-16
5570.45	3.37319e-16
5571.91	3.56029e-16
5573.37	3.40076e-16
5574.83	3.35635e-16
5576.29	3.13766e-16
5577.75	2.98758e-16
5579.21	3.21672e-16
5580.67	2.70514e-16
5582.13	2.3807e-16
5583.58	2.97196e-16
5585.04	2.81153e-16
5586.5	2.19437e-16
5587.96	2.65706e-16
5589.42	2.95009e-16
5590.88	2.64836e-16
5592.34	2.99457e-16
5593.8	3.15801e-16
5595.26	3.13871e-16
5596.72	2.98643e-16
5598.18	2.5384e-16
5599.64	2.69184e-16
5601.1	2.91248e-16
5602.56	2.88689e-16
5604.02	2.72744e-16
5605.48	2.45109e-16
5606.94	2.61173e-16
5608.4	3.01722e-16
5609.86	3.01764e-16
5611.32	2.72891e-16
5612.78	2.78248e-16
5614.24	3.03161e-16
5615.7	2.9745e-16
5617.16	3.05782e-16
5618.62	3.17168e-16
5620.08	2.81985e-16
5621.54	2.34422e-16
5623	2.20453e-16
5624.46	2.43482e-16
5625.92	2.54188e-16
5627.38	2.59677e-16
5628.84	2.66972e-16
5630.3	2.71375e-16
5631.76	2.73991e-16
5633.22	2.95226e-16
5634.68	2.51517e-16
5636.14	2.10295e-16
5637.6	3.02213e-16
5639.06	2.96275e-16
5640.52	2.34916e-16
5641.98	2.63062e-16
5643.44	2.58724e-16
5644.9	2.36102e-16
5646.36	2.16855e-16
5647.82	2.34674e-16
5649.27	2.83916e-16
5650.73	2.45621e-16
5652.19	2.48003e-16
5653.65	2.41931e-16
5655.11	2.21909e-16
5656.57	2.51409e-16
5658.03	3.06875e-16
5659.49	2.73301e-16
5660.95	2.03958e-16
5662.41	2.394e-16
5663.87	2.91991e-16
5665.33	2.56625e-16
5666.79	2.29133e-16
5668.25	3.00052e-16
5669.71	2.78438e-16
5671.17	2.45654e-16
5672.63	2.65899e-16
5674.09	2.64174e-16
5675.55	2.86775e-16
5677.01	3.20187e-16
5678.47	2.67778e-16
5679.93	2.23088e-16
5681.39	2.36279e-16
5682.85	2.52575e-16
5684.31	2.75923e-16
5685.77	2.61494e-16
5687.23	2.439e-16
5688.69	2.20028e-16
5690.15	2.38536e-16
5691.61	2.70547e-16
5693.07	2.64034e-16
5694.53	3.01832e-16
5695.99	2.90651e-16
5697.45	2.46694e-16
5698.91	2.61611e-16
5700.37	2.34662e-16
5701.83	2.28454e-16
5703.29	2.37009e-16
5704.75	2.74525e-16
5706.21	3.03593e-16
5707.67	3.14302e-16
5709.13	2.94551e-16
5710.59	2.94848e-16
5712.05	3.14976e-16
5713.51	2.69159e-16
5714.97	2.56179e-16
5716.42	2.81971e-16
5717.89	2.76413e-16
5719.34	2.7756e-16
5720.8	3.21709e-16
5722.26	3.00521e-16
5723.72	2.67659e-16
5725.18	2.94106e-16
5726.64	2.79786e-16
5728.1	2.71508e-16
5729.56	2.9255e-16
5731.02	2.64343e-16
5732.48	2.55089e-16
5733.94	3.03397e-16
5735.4	3.04485e-16
5736.86	2.97261e-16
5738.32	3.1004e-16
5739.78	2.71026e-16
5741.24	2.41601e-16
5742.7	2.8792e-16
5744.16	3.23315e-16
5745.62	2.82082e-16
5747.08	2.5368e-16
5748.54	2.76278e-16
5750	3.08349e-16
5751.46	3.44725e-16
5752.92	3.39773e-16
5754.38	3.07792e-16
5755.84	3.16021e-16
5757.3	3.34409e-16
5758.76	3.29648e-16
5760.22	2.61701e-16
5761.68	2.24388e-16
5763.14	2.77809e-16
5764.6	3.02005e-16
5766.06	2.91704e-16
5767.52	2.8654e-16
5768.98	3.07136e-16
5770.44	3.24529e-16
5771.9	3.20844e-16
5773.36	3.38981e-16
5774.82	3.53512e-16
5776.28	3.453e-16
5777.74	3.23902e-16
5779.2	3.34931e-16
5780.66	3.41043e-16
5782.11	3.53138e-16
5783.58	3.72436e-16
5785.03	3.67455e-16
5786.49	3.06945e-16
5787.95	3.28878e-16
5789.41	4.04577e-16
5790.87	3.90991e-16
5792.33	3.46773e-16
5793.79	3.66896e-16
5795.25	3.91858e-16
5796.71	3.68606e-16
5798.17	3.75849e-16
5799.63	3.95693e-16
5801.09	3.47504e-16
5802.55	3.06121e-16
5804.01	3.75738e-16
5805.47	4.40477e-16
5806.93	4.04899e-16
5808.39	3.71574e-16
5809.85	3.44579e-16
5811.31	3.42768e-16
5812.77	3.72824e-16
5814.23	3.86399e-16
5815.69	4.17961e-16
5817.15	3.93853e-16
5818.61	3.64995e-16
5820.07	3.76621e-16
5821.53	3.55353e-16
5822.99	3.8229e-16
5824.45	4.32652e-16
5825.91	3.59736e-16
5827.37	3.05193e-16
5828.83	4.17625e-16
5830.29	4.37855e-16
5831.75	3.56752e-16
5833.21	3.55738e-16
5834.67	4.00932e-16
5836.13	4.07168e-16
5837.59	3.91819e-16
5839.05	4.03478e-16
5840.51	4.01117e-16
5841.97	4.10629e-16
5843.43	3.86386e-16
5844.89	3.8089e-16
5846.35	3.74821e-16
5847.81	3.85832e-16
5849.27	4.17347e-16
5850.73	3.74658e-16
5852.18	3.9158e-16
5853.64	4.34875e-16
5855.1	4.02037e-16
5856.56	3.9314e-16
5858.02	4.04797e-16
5859.48	4.4993e-16
5860.94	4.6486e-16
5862.4	4.2662e-16
5863.86	4.32042e-16
5865.32	4.56456e-16
5866.78	4.24381e-16
5868.24	4.70316e-16
5869.7	4.87888e-16
5871.16	4.62597e-16
5872.62	4.75949e-16
5874.08	4.77205e-16
5875.54	4.50679e-16
5877	4.04721e-16
5878.46	4.12389e-16
5879.92	4.09281e-16
5881.38	4.02514e-16
5882.84	4.35106e-16
5884.3	4.34381e-16
5885.76	4.31236e-16
5887.22	4.1984e-16
5888.68	4.36829e-16
5890.14	4.45936e-16
5891.6	4.43978e-16
5893.06	4.42606e-16
5894.52	4.34868e-16
5895.98	4.45063e-16
5897.44	4.62495e-16
5898.9	4.42674e-16
5900.36	4.44481e-16
5901.82	4.83246e-16
5903.28	4.57956e-16
5904.74	4.47059e-16
5906.2	4.7975e-16
5907.66	4.66062e-16
5909.12	3.75008e-16
5910.58	3.97623e-16
5912.04	4.47203e-16
5913.5	4.07127e-16
5914.96	4.4111e-16
5916.42	4.59285e-16
5917.87	4.6116e-16
5919.33	4.35348e-16
5920.79	4.12094e-16
5922.25	4.19261e-16
5923.71	4.49731e-16
5925.17	4.23489e-16
5926.63	4.06285e-16
5928.09	4.21602e-16
5929.55	4.27425e-16
5931.01	3.84129e-16
5932.47	3.7965e-16
5933.93	4.32403e-16
5935.39	4.22268e-16
5936.85	4.23348e-16
5938.31	4.48768e-16
5939.77	4.11902e-16
5941.23	3.82724e-16
5942.69	3.93945e-16
5944.15	4.26112e-16
5945.61	4.25523e-16
5947.07	3.93468e-16
5948.53	4.44897e-16
5949.99	4.61776e-16
5951.45	3.88472e-16
5952.91	3.73246e-16
5954.37	4.15868e-16
5955.83	3.51348e-16
5957.29	3.12134e-16
5958.75	3.47012e-16
5960.21	3.30223e-16
5961.67	3.081e-16
5963.13	3.54472e-16
5964.59	3.75964e-16
5966.05	3.75962e-16
5967.51	4.06324e-16
5968.97	3.77768e-16
5970.43	3.32511e-16
5971.89	3.77681e-16
5973.35	3.45685e-16
5974.81	2.88341e-16
5976.27	3.27983e-16
5977.73	3.61239e-16
5979.19	3.88331e-16
5980.65	3.96776e-16
5982.11	3.68592e-16
5983.57	3.42401e-16
5985.02	3.59995e-16
5986.48	4.02217e-16
5987.94	3.87596e-16
5989.4	3.2441e-16
5990.86	2.98461e-16
5992.32	3.24921e-16
5993.78	3.74281e-16
5995.24	3.43162e-16
5996.7	2.82315e-16
5998.16	3.03087e-16
5999.62	3.37979e-16
6001.08	3.43587e-16
6002.54	3.34701e-16
6004	3.24565e-16
6005.46	2.81457e-16
6006.92	2.58749e-16
6008.38	3.02921e-16
6009.84	3.54234e-16
6011.3	3.40741e-16
6012.76	3.13653e-16
6014.22	3.28697e-16
6015.68	3.4403e-16
6017.14	3.54927e-16
6018.6	3.24233e-16
6020.06	2.97482e-16
6021.52	3.24102e-16
6022.98	3.26947e-16
6024.44	2.90041e-16
6025.9	2.74295e-16
6027.36	2.89194e-16
6028.82	2.715e-16
6030.28	2.72009e-16
6031.74	3.24274e-16
6033.2	3.43094e-16
6034.66	3.17519e-16
6036.12	3.17828e-16
6037.58	3.42293e-16
6039.04	3.10446e-16
6040.5	3.04516e-16
6041.96	3.4689e-16
6043.42	3.36332e-16
6044.88	3.02446e-16
6046.34	3.30411e-16
6047.8	3.14496e-16
6049.26	2.63593e-16
6050.71	2.52561e-16
6052.17	2.25651e-16
6053.63	2.55109e-16
6055.09	3.3037e-16
6056.55	3.14577e-16
6058.01	2.91525e-16
6059.47	3.50515e-16
6060.93	3.2251e-16
6062.39	2.78809e-16
6063.85	2.84642e-16
6065.31	3.09717e-16
6066.77	3.05332e-16
6068.23	2.98163e-16
6069.69	2.83566e-16
6071.15	2.52786e-16
6072.61	2.51636e-16
6074.07	2.77203e-16
6075.53	2.85994e-16
6076.99	2.61641e-16
6078.45	2.5862e-16
6079.91	2.82179e-16
6081.37	2.93184e-16
6082.83	2.53199e-16
6084.29	2.7128e-16
6085.75	3.04834e-16
6087.21	3.00512e-16
6088.67	2.64078e-16
6090.13	2.35585e-16
6091.59	2.95625e-16
6093.05	2.96904e-16
6094.51	2.5523e-16
6095.97	2.62757e-16
6097.43	2.86048e-16
6098.89	3.05357e-16
6100.35	2.48685e-16
6101.81	2.67641e-16
6103.27	3.16611e-16
6104.73	2.84357e-16
6106.19	2.84947e-16
6107.65	3.29419e-16
6109.11	3.7396e-16
6110.57	2.94638e-16
6112.03	2.56027e-16
6113.49	2.90348e-16
6114.95	3.24112e-16
6116.41	3.5297e-16
6117.86	3.46916e-16
6119.32	3.08524e-16
6120.78	2.87535e-16
6122.24	3.03186e-16
6123.7	2.94921e-16
6125.16	2.79737e-16
6126.62	3.04412e-16
6128.08	3.24626e-16
6129.54	2.5423e-16
6131	2.55152e-16
6132.46	3.06085e-16
6133.92	3.18402e-16
6135.38	3.11474e-16
6136.84	2.9386e-16
6138.3	2.84163e-16
6139.76	2.93651e-16
6141.22	3.14393e-16
6142.68	3.22534e-16
6144.14	3.32204e-16
6145.6	3.44013e-16
6147.06	3.06361e-16
6148.52	2.94553e-16
6149.98	3.30345e-16
6151.44	3.43209e-16
6152.9	3.59547e-16
6154.36	3.72606e-16
6155.82	3.58253e-16
6157.28	3.0414e-16
6158.74	3.08725e-16
6160.2	3.64359e-16
6161.66	3.72621e-16
6163.12	3.23782e-16
6164.58	3.17992e-16
6166.04	3.13411e-16
6167.5	2.98859e-16
6168.96	3.2398e-16
6170.42	3.24518e-16
6171.88	2.90623e-16
6173.34	2.99441e-16
6174.8	3.20387e-16
6176.26	3.06796e-16
6177.72	3.08516e-16
6179.18	3.27293e-16
6180.64	3.30556e-16
6182.1	3.18362e-16
6183.55	3.31735e-16
6185.01	3.21905e-16
6186.47	3.10273e-16
6187.93	3.35839e-16
6189.39	3.3345e-16
6190.85	2.86965e-16
6192.31	2.4365e-16
6193.77	2.63801e-16
6195.23	3.15878e-16
6196.69	3.03816e-16
6198.15	2.9291e-16
6199.61	3.15301e-16
6201.07	2.83043e-16
6202.53	2.71198e-16
6203.99	3.10804e-16
6205.45	3.3819e-16
6206.91	3.14278e-16
6208.37	2.81952e-16
6209.83	2.91663e-16
6211.29	3.07146e-16
6212.75	3.21422e-16
6214.21	3.18052e-16
6215.67	3.03052e-16
6217.13	2.91572e-16
6218.59	2.9235e-16
6220.05	3.10613e-16
6221.51	3.26235e-16
6222.97	3.33018e-16
6224.43	3.15814e-16
6225.89	3.1269e-16
6227.35	3.13386e-16
6228.81	2.67264e-16
6230.27	2.4379e-16
6231.73	3.01611e-16
6233.19	3.47187e-16
6234.65	3.00881e-16
6236.11	2.77323e-16
6237.57	2.93424e-16
6239.03	2.92717e-16
6240.49	2.93717e-16
6241.95	3.04083e-16
6243.41	3.17152e-16
6244.87	3.24755e-16
6246.33	3.44511e-16
6247.79	3.26145e-16
6249.25	3.27743e-16
6250.71	3.35934e-16
6252.17	3.03123e-16
6253.62	3.093e-16
6255.08	2.88006e-16
6256.54	2.78762e-16
6258	3.05454e-16
6259.46	3.00833e-16
6260.92	2.80435e-16
6262.38	2.78828e-16
6263.84	2.77063e-16
6265.3	2.66249e-16
6266.76	2.58935e-16
6268.22	2.65283e-16
6269.68	2.80823e-16
6271.14	2.81233e-16
6272.6	2.57126e-16
6274.06	2.80329e-16
6275.52	3.38582e-16
6276.98	3.37302e-16
6278.44	3.09626e-16
6279.9	2.87215e-16
6281.36	2.87069e-16
6282.82	2.92957e-16
6284.28	2.81602e-16
6285.74	3.07054e-16
6287.2	3.01472e-16
6288.66	2.86825e-16
6290.12	3.22573e-16
6291.58	3.01819e-16
6293.04	2.85869e-16
6294.5	3.29864e-16
6295.96	3.44303e-16
6297.42	3.46732e-16
6298.88	3.3243e-16
6300.34	2.78749e-16
6301.8	2.88744e-16
6303.26	3.30557e-16
6304.72	3.12512e-16
6306.18	3.1022e-16
6307.64	3.22397e-16
6309.1	3.07722e-16
6310.56	3.09436e-16
6312.02	3.06824e-16
6313.48	2.98731e-16
6314.94	2.91912e-16
6316.4	2.86186e-16
6317.86	2.96782e-16
6319.31	3.1569e-16
6320.77	3.44831e-16
6322.23	3.41519e-16
6323.69	3.03615e-16
6325.15	2.99622e-16
6326.61	2.81897e-16
6328.07	2.34556e-16
6329.53	2.35756e-16
6330.99	2.82791e-16
6332.45	3.25944e-16
6333.91	3.29321e-16
6335.37	3.03139e-16
6336.83	2.96083e-16
6338.29	2.73686e-16
6339.75	2.70132e-16
6341.21	3.06547e-16
6342.67	2.89454e-16
6344.13	2.58301e-16
6345.59	2.58079e-16
6347.05	2.81616e-16
6348.51	3.07059e-16
6349.97	3.08255e-16
6351.43	3.26922e-16
6352.89	3.31484e-16
6354.35	3.21205e-16
6355.81	3.0932e-16
6357.27	3.38357e-16
6358.73	3.89869e-16
6360.19	3.7858e-16
6361.65	3.36221e-16
6363.11	3.29221e-16
6364.57	3.19107e-16
6366.03	3.01104e-16
6367.49	3.48319e-16
6368.95	3.58718e-16
6370.41	3.041e-16
6371.87	3.02068e-16
6373.33	3.18759e-16
6374.79	3.0543e-16
6376.25	2.99318e-16
6377.71	2.92593e-16
6379.17	2.90766e-16
6380.63	2.90643e-16
6382.09	3.12607e-16
6383.55	3.24335e-16
6385.01	3.13748e-16
6386.46	3.39355e-16
6387.92	3.36642e-16
6389.38	3.2099e-16
6390.84	3.34416e-16
6392.3	3.1319e-16
6393.76	2.92665e-16
6395.22	3.10959e-16
6396.68	3.30615e-16
6398.14	3.22281e-16
6399.6	3.1577e-16
6401.06	3.13005e-16
6402.52	2.75658e-16
6403.98	2.6853e-16
6405.44	2.82358e-16
6406.9	2.98263e-16
6408.36	3.10786e-16
6409.82	2.96122e-16
6411.28	2.98191e-16
6412.74	2.85754e-16
6414.2	2.59855e-16
6415.66	2.83705e-16
6417.12	3.16807e-16
6418.58	3.17662e-16
6420.04	3.02087e-16
6421.5	2.79607e-16
6422.96	2.88226e-16
6424.42	2.97919e-16
6425.88	3.01786e-16
6427.34	3.17797e-16
6428.8	3.44217e-16
6430.26	3.73592e-16
6431.72	3.4226e-16
6433.18	3.17182e-16
6434.64	3.24278e-16
6436.1	3.06423e-16
6437.56	3.01216e-16
6439.02	2.95989e-16
6440.48	3.03949e-16
6441.94	3.06095e-16
6443.4	2.58806e-16
6444.86	2.5183e-16
6446.32	2.59674e-16
6447.78	2.6554e-16
6449.24	2.84917e-16
6450.7	3.00431e-16
6452.15	3.06298e-16
6453.61	2.97615e-16
6455.07	2.80236e-16
6456.53	2.91325e-16
6457.99	3.15831e-16
6459.45	3.08576e-16
6460.91	3.01944e-16
6462.37	3.1674e-16
6463.83	3.10432e-16
6465.29	2.99985e-16
6466.75	3.3197e-16
6468.21	2.91321e-16
6469.67	2.27803e-16
6471.13	2.78436e-16
6472.59	3.06179e-16
6474.05	2.77623e-16
6475.51	2.82461e-16
6476.97	2.8107e-16
6478.43	2.81654e-16
6479.89	3.22642e-16
6481.35	3.36775e-16
6482.81	3.00363e-16
6484.27	3.01628e-16
6485.73	3.09979e-16
6487.19	2.7555e-16
6488.65	2.74756e-16
6490.11	2.97233e-16
6491.57	2.9277e-16
6493.03	2.99998e-16
6494.49	3.07844e-16
6495.95	3.20663e-16
6497.41	3.03952e-16
6498.87	2.43846e-16
6500.33	2.59911e-16
6501.79	3.30634e-16
6503.25	3.46365e-16
6504.71	3.55958e-16
6506.17	3.17572e-16
6507.63	2.72771e-16
6509.09	3.00801e-16
6510.55	3.08771e-16
6512.01	2.83423e-16
6513.47	2.56465e-16
6514.93	2.858e-16
6516.39	3.11046e-16
6517.85	2.97132e-16
6519.3	3.15721e-16
6520.76	2.8944e-16
6522.22	2.66693e-16
6523.68	3.02278e-16
6525.14	3.07656e-16
6526.6	2.94203e-16
6528.06	3.02641e-16
6529.52	2.91159e-16
6530.98	2.89444e-16
6532.44	2.87732e-16
6533.9	2.86021e-16
6535.36	2.84312e-16
6536.82	2.82604e-16
6538.28	2.80898e-16
6539.74	2.79192e-16
6541.2	2.77489e-16
6542.66	2.75787e-16
6544.12	2.74086e-16
6545.58	2.72387e-16
6547.04	2.70689e-16
6548.5	2.68993e-16
6549.96	2.67298e-16
6551.42	2.65605e-16
6552.88	2.63913e-16
6554.34	2.62222e-16
6555.8	2.60533e-16
6557.26	2.58845e-16
6558.72	2.57159e-16
6560.18	2.55474e-16
6561.64	2.53791e-16
6563.1	2.52109e-16
6564.56	2.50428e-16
6566.02	2.48749e-16
6567.48	2.47071e-16
6568.94	2.5032e-16
6570.4	2.53567e-16
6571.86	2.5681e-16
6573.32	2.60052e-16
6574.78	2.63291e-16
6576.24	2.66528e-16
6577.7	2.69764e-16
6579.16	2.72995e-16
6580.62	2.76225e-16
6582.08	2.79452e-16
6583.54	2.82677e-16
6584.99	2.85898e-16
6586.45	2.89118e-16
6587.91	2.92335e-16
6589.37	2.9555e-16
6590.83	2.98763e-16
6592.29	3.01972e-16
6593.75	3.0518e-16
6595.21	3.08385e-16
6596.67	3.11588e-16
6598.13	3.14789e-16
6599.59	3.17988e-16
6601.05	3.21183e-16
6602.51	3.24376e-16
6603.97	3.25734e-16
6605.43	2.9112e-16
6606.89	2.69187e-16
6608.35	2.74806e-16
6609.81	2.91598e-16
6611.27	2.7737e-16
6612.73	2.84386e-16
6614.19	3.134e-16
6615.65	2.79674e-16
6617.11	2.74343e-16
6618.57	3.06475e-16
6620.03	2.56469e-16
6621.49	2.19745e-16
6622.95	2.52564e-16
6624.41	2.73613e-16
6625.87	3.08558e-16
6627.33	3.20277e-16
6628.79	3.13775e-16
6630.25	3.21834e-16
6631.71	3.06739e-16
6633.17	2.96615e-16
6634.63	2.76251e-16
6636.09	2.58843e-16
6637.55	2.69288e-16
6639.01	2.59903e-16
6640.47	2.8008e-16
6641.93	3.36736e-16
6643.39	3.4175e-16
6644.85	3.14394e-16
6646.31	3.02113e-16
6647.77	2.88346e-16
6649.23	2.90063e-16
6650.69	3.12798e-16
6652.14	3.03668e-16
6653.6	3.02332e-16
6655.06	3.18643e-16
6656.52	3.08868e-16
6657.98	3.02649e-16
6659.44	2.92272e-16
6660.9	2.68347e-16
6662.36	2.82716e-16
6663.82	2.96495e-16
6665.28	3.03818e-16
6666.74	3.24575e-16
6668.2	3.20524e-16
6669.66	3.15154e-16
6671.12	3.10385e-16
6672.58	2.84417e-16
6674.04	2.8697e-16
6675.5	3.00642e-16
6676.96	2.74234e-16
6678.42	2.69478e-16
6679.88	2.87377e-16
6681.34	3.04933e-16
6682.8	3.02004e-16
6684.26	2.77021e-16
6685.72	3.01224e-16
6687.18	3.1735e-16
6688.64	2.93338e-16
6690.1	2.79214e-16
6691.56	2.94179e-16
6693.02	3.10086e-16
6694.48	3.12227e-16
6695.94	2.80574e-16
6697.4	2.51848e-16
6698.86	2.49827e-16
6700.32	2.47807e-16
6701.78	2.4579e-16
6703.24	2.43774e-16
6704.7	2.41759e-16
6706.16	2.39746e-16
6707.62	2.37734e-16
6709.08	2.35724e-16
6710.54	2.33716e-16
6712	2.31708e-16
6713.46	2.32344e-16
6714.92	2.32978e-16
6716.38	2.33613e-16
6717.84	2.34248e-16
6719.3	2.34882e-16
6720.75	2.35515e-16
6722.21	2.36148e-16
6723.67	2.36781e-16
6725.13	2.37413e-16
6726.59	2.38045e-16
6728.05	2.38677e-16
6729.51	2.39308e-16
6730.97	2.39939e-16
6732.43	2.40569e-16
6733.89	2.41199e-16
6735.35	2.41829e-16
6736.81	2.42458e-16
6738.27	2.43087e-16
6739.73	2.43716e-16
6741.19	2.44344e-16
6742.65	2.44972e-16
6744.11	2.45599e-16
6745.57	2.46227e-16
6747.03	2.46853e-16
6748.49	2.4748e-16
6749.95	2.48106e-16
6751.41	2.08148e-16
6752.87	1.84479e-16
6754.33	2.07404e-16
6755.79	1.94911e-16
6757.25	2.14321e-16
6758.71	2.38188e-16
6760.17	2.69245e-16
6761.63	2.53938e-16
6763.09	1.9264e-16
6764.55	2.1164e-16
6766.01	2.34887e-16
6767.47	2.17121e-16
6768.93	2.02063e-16
6770.39	1.99177e-16
6771.85	2.02103e-16
6773.31	2.32781e-16
6774.77	2.56734e-16
6776.23	2.41489e-16
6777.69	2.02825e-16
6779.15	1.86884e-16
6780.61	2.058e-16
6782.07	1.91715e-16
6783.53	1.92094e-16
6784.99	2.04381e-16
6786.45	1.9817e-16
6787.9	2.29894e-16
6789.36	2.44932e-16
6790.82	2.39911e-16
6792.28	2.52647e-16
6793.74	2.14193e-16
6795.2	1.75102e-16
6796.66	1.65028e-16
6798.12	1.90407e-16
6799.58	2.17919e-16
6801.04	2.00978e-16
6802.5	1.92595e-16
6803.96	2.17244e-16
6805.42	1.99505e-16
6806.88	1.7573e-16
6808.34	2.16208e-16
6809.8	2.36161e-16
6811.26	2.11791e-16
6812.72	1.93927e-16
6814.18	1.80916e-16
6815.64	1.97277e-16
6817.1	1.76518e-16
6818.56	1.61602e-16
6820.02	2.08143e-16
6821.48	1.83841e-16
6822.94	1.18461e-16
6824.4	1.14494e-16
6825.86	1.44977e-16
6827.32	1.73371e-16
6828.78	2.23381e-16
6830.24	2.16165e-16
6831.7	1.7963e-16
6833.16	1.90247e-16
6834.62	2.08564e-16
6836.08	2.06539e-16
6837.54	2.17369e-16
6839	2.21404e-16
6840.46	2.05999e-16
6841.92	2.01862e-16
6843.38	2.02418e-16
6844.84	2.11564e-16
6846.3	2.16241e-16
6847.76	2.19981e-16
6849.22	2.18276e-16
6850.68	1.60701e-16
6852.14	1.43083e-16
6853.59	2.18313e-16
6855.05	2.30774e-16
6856.51	1.79054e-16
6857.97	1.81906e-16
6859.43	1.86493e-16
6860.89	1.71795e-16
6862.35	1.78076e-16
6863.81	2.13452e-16
6865.27	2.42224e-16
6866.73	2.16919e-16
6868.19	2.08158e-16
6869.65	2.11458e-16
6871.11	2.14114e-16
6872.57	2.23802e-16
6874.03	1.84099e-16
6875.49	1.74074e-16
6876.95	2.17878e-16
6878.41	2.17992e-16
6879.87	2.14221e-16
6881.33	2.20646e-16
6882.79	2.17623e-16
6884.25	2.2604e-16
6885.71	2.18778e-16
6887.17	2.42008e-16
6888.63	2.37815e-16
6890.09	1.9625e-16
6891.55	2.19044e-16
6893.01	2.19239e-16
6894.47	1.7557e-16
6895.93	1.83806e-16
6897.39	2.35967e-16
6898.85	2.1877e-16
6900.31	1.65514e-16
6901.77	1.99382e-16
6903.23	2.45421e-16
6904.69	2.32283e-16
6906.15	2.47586e-16
6907.61	2.42608e-16
6909.07	2.12704e-16
6910.53	2.23542e-16
6911.99	2.58347e-16
6913.45	2.48728e-16
6914.91	2.41553e-16
6916.37	2.76585e-16
6917.83	2.74739e-16
6919.29	2.56464e-16
6920.74	2.47428e-16
6922.2	2.56845e-16
6923.66	2.64387e-16
6925.12	2.55229e-16
6926.58	2.56645e-16
6928.04	2.41433e-16
6929.5	2.23587e-16
6930.96	2.56041e-16
6932.42	2.59137e-16
6933.88	2.41602e-16
6935.34	2.82326e-16
6936.8	2.8006e-16
6938.26	2.43091e-16
6939.72	2.59389e-16
6941.18	2.95605e-16
6942.64	2.8603e-16
6944.1	3.00263e-16
6945.56	2.90497e-16
6947.02	2.48002e-16
6948.48	2.73045e-16
6949.94	3.00252e-16
6951.4	2.69411e-16
6952.86	2.56104e-16
6954.32	2.4488e-16
6955.78	2.42645e-16
6957.24	2.62637e-16
6958.7	2.67948e-16
6960.16	2.89396e-16
6961.62	2.9204e-16
6963.08	2.58641e-16
6964.54	2.425e-16
6966	2.86072e-16
6967.46	2.71817e-16
6968.92	2.49706e-16
6970.38	2.75345e-16
6971.84	2.82456e-16
6973.3	2.56637e-16
6974.76	2.56167e-16
6976.22	2.63654e-16
6977.68	2.52212e-16
6979.14	2.74065e-16
6980.6	2.98987e-16
6982.06	2.68337e-16
6983.52	2.54997e-16
6984.98	2.88034e-16
6986.43	2.74038e-16
6987.89	2.60327e-16
6989.35	2.49017e-16
6990.81	2.72357e-16
6992.27	2.77358e-16
6993.73	2.15527e-16
6995.19	2.50294e-16
6996.65	2.78205e-16
6998.11	2.60039e-16
6999.57	2.76329e-16
7001.03	2.91445e-16
7002.49	2.41802e-16
7003.95	2.55954e-16
7005.41	3.01697e-16
7006.87	2.99197e-16
7008.33	2.81768e-16
7009.79	2.96779e-16
7011.25	3.09489e-16
7012.71	3.33331e-16
7014.17	3.43905e-16
7015.63	3.2148e-16
7017.09	2.87388e-16
7018.55	2.83871e-16
7020.01	2.87467e-16
7021.47	2.9824e-16
7022.93	3.38759e-16
7024.39	2.94455e-16
7025.85	2.97282e-16
7027.31	3.53032e-16
7028.77	3.34913e-16
7030.23	3.54516e-16
7031.69	3.49452e-16
7033.15	3.41973e-16
7034.61	3.09591e-16
7036.07	3.11246e-16
7037.53	3.69513e-16
7038.99	3.47748e-16
7040.45	3.16928e-16
7041.91	2.99369e-16
7043.37	3.07593e-16
7044.83	3.49694e-16
7046.29	3.3622e-16
7047.75	2.95638e-16
7049.21	3.10239e-16
7050.67	3.42713e-16
7052.13	3.20548e-16
7053.58	3.04601e-16
7055.04	2.90767e-16
7056.5	3.01306e-16
7057.96	3.22047e-16
7059.42	3.15239e-16
7060.88	3.1249e-16
7062.34	3.27925e-16
7063.8	3.11863e-16
7065.26	3.23124e-16
7066.72	3.13402e-16
7068.18	2.94584e-16
7069.64	3.0396e-16
7071.1	3.24665e-16
7072.56	2.68898e-16
7074.02	2.58088e-16
7075.48	2.73404e-16
7076.94	3.14286e-16
7078.4	2.99624e-16
7079.86	2.49854e-16
7081.32	2.84561e-16
7082.78	2.96387e-16
7084.24	2.91006e-16
7085.7	2.95449e-16
7087.16	2.77462e-16
7088.62	2.7111e-16
7090.08	2.86682e-16
7091.54	2.74934e-16
7093	2.57477e-16
7094.46	2.64607e-16
7095.92	2.62929e-16
7097.38	2.68407e-16
7098.84	2.91912e-16
7100.3	3.03665e-16
7101.76	2.82232e-16
7103.22	2.73968e-16
7104.68	2.94325e-16
7106.14	2.9675e-16
7107.6	2.80119e-16
7109.06	2.78155e-16
7110.52	2.67313e-16
7111.98	2.44529e-16
7113.44	2.50718e-16
7114.9	2.7363e-16
7116.36	2.99731e-16
7117.82	2.90189e-16
7119.27	2.3918e-16
7120.73	2.29823e-16
7122.19	2.66215e-16
7123.65	2.99531e-16
7125.11	2.97461e-16
7126.57	2.75735e-16
7128.03	2.8361e-16
7129.49	2.99497e-16
7130.95	2.95125e-16
7132.41	2.92944e-16
7133.87	2.84484e-16
7135.33	2.77058e-16
7136.79	2.57385e-16
7138.25	2.47554e-16
7139.71	2.75576e-16
7141.17	2.8651e-16
7142.63	2.63664e-16
7144.09	2.28613e-16
7145.55	2.28814e-16
7147.01	2.38027e-16
7148.47	2.72172e-16
7149.93	3.15295e-16
7151.39	2.99535e-16
7152.85	2.90841e-16
7154.31	2.7883e-16
7155.77	2.523e-16
7157.23	2.48214e-16
7158.69	2.57793e-16
7160.15	2.54092e-16
7161.61	2.68975e-16
7163.07	2.46066e-16
7164.53	1.98823e-16
7165.99	2.30491e-16
7167.45	2.60482e-16
7168.91	2.63096e-16
7170.37	2.63331e-16
7171.83	2.40527e-16
7173.29	2.52265e-16
7174.75	3.04866e-16
7176.21	2.94545e-16
7177.67	2.44235e-16
7179.13	2.18099e-16
7180.59	2.69734e-16
7182.05	3.1822e-16
7183.51	2.92633e-16
7184.97	3.14745e-16
7186.43	3.0029e-16
7187.89	2.32475e-16
7189.34	2.74646e-16
7190.8	3.15884e-16
7192.26	2.8061e-16
7193.72	2.6224e-16
7195.18	2.5858e-16
7196.64	2.6528e-16
7198.1	3.02681e-16
7199.56	2.93988e-16
7201.02	2.53852e-16
7202.48	2.56554e-16
7203.94	3.10119e-16
7205.4	3.12265e-16
7206.86	2.78286e-16
7208.32	2.93202e-16
7209.78	3.10022e-16
7211.24	2.719e-16
7212.7	2.92287e-16
7214.16	3.25121e-16
7215.62	2.92224e-16
7217.08	2.60519e-16
7218.54	2.64137e-16
7220	2.83297e-16
7221.46	2.69276e-16
7222.92	3.19063e-16
7224.38	3.73945e-16
7225.84	3.08399e-16
7227.3	2.66104e-16
7228.76	2.76411e-16
7230.22	2.58113e-16
7231.68	2.7931e-16
7233.14	2.77683e-16
7234.6	2.89106e-16
7236.06	2.80669e-16
7237.52	2.35045e-16
7238.98	2.35796e-16
7240.44	2.50872e-16
7241.9	2.89387e-16
7243.36	2.74566e-16
7244.82	2.50602e-16
7246.28	2.25736e-16
7247.74	2.46395e-16
7249.2	2.72578e-16
7250.66	2.86172e-16
7252.12	2.35855e-16
7253.58	2.55291e-16
7255.03	2.53556e-16
7256.49	2.73917e-16
7257.95	2.84223e-16
7259.41	2.31725e-16
7260.87	2.42394e-16
7262.33	2.86239e-16
7263.79	2.6762e-16
7265.25	2.0776e-16
7266.71	2.45844e-16
7268.17	2.27466e-16
7269.63	2.60457e-16
7271.09	2.54754e-16
7272.55	2.55166e-16
7274.01	2.8094e-16
7275.47	2.73844e-16
7276.93	2.84075e-16
7278.39	2.82096e-16
7279.85	2.57005e-16
7281.31	2.51627e-16
7282.77	2.5001e-16
7284.23	2.51194e-16
7285.69	2.81452e-16
7287.15	3.0498e-16
7288.61	2.47304e-16
7290.07	2.17122e-16
7291.53	2.6528e-16
7292.99	2.74951e-16
7294.45	2.68116e-16
7295.91	2.56054e-16
7297.37	2.39713e-16
7298.83	2.69056e-16
7300.29	2.70636e-16
7301.75	2.64648e-16
7303.21	2.54462e-16
7304.67	2.49437e-16
7306.13	2.45297e-16
7307.59	2.67473e-16
7309.05	2.53369e-16
7310.51	2.64548e-16
7311.97	2.70048e-16
7313.43	2.65707e-16
7314.89	2.85798e-16
7316.35	3.27104e-16
7317.81	2.91016e-16
7319.27	2.5951e-16
7320.73	2.50985e-16
7322.18	2.52732e-16
7323.64	2.42423e-16
7325.1	2.47362e-16
7326.56	2.47497e-16
7328.02	2.53376e-16
7329.48	2.62759e-16
7330.94	2.55189e-16
7332.4	2.79463e-16
7333.86	2.69299e-16
7335.32	2.28062e-16
7336.78	2.33995e-16
7338.24	2.64078e-16
7339.7	2.4477e-16
7341.16	2.44672e-16
7342.62	2.09365e-16
7344.08	2.30451e-16
7345.54	2.52962e-16
7347	2.25006e-16
7348.46	2.81252e-16
7349.92	2.77824e-16
7351.38	2.58834e-16
7352.84	2.32993e-16
7354.3	2.17749e-16
7355.76	2.42593e-16
7357.22	2.39758e-16
7358.68	2.5489e-16
7360.14	2.46296e-16
7361.6	2.22039e-16
7363.06	1.85079e-16
7364.52	2.15432e-16
7365.98	2.2795e-16
