3249.26	1.10113e-17
3251.19	9.67733e-18
3253.13	6.41678e-18
3255.06	1.32641e-17
3257	2.09523e-17
3258.94	1.94911e-17
3260.87	-1.95904e-17
3262.81	8.23795e-18
3264.74	6.50217e-17
3266.68	6.46502e-17
3268.62	7.57238e-17
3270.55	3.5861e-17
3272.49	4.86804e-17
3274.42	2.27937e-17
3276.36	7.1271e-17
3278.3	5.17678e-17
3280.23	-2.30137e-17
3282.17	3.63874e-17
3284.1	3.20809e-17
3286.04	2.7813e-17
3287.98	4.04312e-19
3289.91	4.85584e-17
3291.85	1.04281e-16
3293.79	9.12892e-17
3295.72	6.6114e-17
3297.66	1.49004e-17
3299.59	1.24756e-17
3301.53	3.38433e-17
3303.47	4.94125e-17
3305.4	4.45234e-17
3307.34	3.29904e-17
3309.27	7.76627e-19
3311.21	4.21637e-17
3313.15	4.19529e-17
3315.08	-1.60718e-18
3317.02	4.44129e-18
3318.95	1.89258e-17
3320.89	-8.75621e-18
3322.83	-2.37758e-17
3324.76	6.11713e-17
3326.7	7.92502e-17
3328.63	9.04884e-17
3330.57	7.89682e-17
3332.51	1.81063e-17
3334.44	-3.43999e-18
3336.38	1.50311e-17
3338.32	3.15514e-17
3340.25	4.26873e-18
3342.19	-6.7753e-19
3344.12	3.11956e-17
3346.06	7.31689e-17
3348	5.62389e-17
3349.93	1.11614e-17
3351.87	-8.74546e-18
3353.8	4.78157e-17
3355.74	1.57902e-17
3357.68	6.13654e-17
3359.61	4.16185e-17
3361.55	6.60835e-17
3363.48	2.96795e-17
3365.42	4.12388e-17
3367.36	7.41294e-18
3369.29	-1.76706e-17
3371.23	5.19641e-17
3373.16	3.25232e-17
3375.1	-2.22466e-18
3377.04	2.37867e-17
3378.97	3.3552e-17
3380.91	3.97342e-17
3382.85	4.29092e-17
3384.78	5.03725e-17
3386.72	7.29566e-17
3388.65	1.33611e-16
3390.59	6.23995e-17
3392.53	5.65338e-17
3394.46	4.84584e-17
3396.4	5.11585e-17
3398.33	8.76614e-18
3400.27	-4.33659e-17
3402.21	-3.15234e-17
3404.14	6.30143e-17
3406.08	5.15381e-17
3408.01	4.44192e-17
3409.95	6.1734e-17
3411.89	6.29934e-17
3413.82	4.60484e-17
3415.76	5.19619e-17
3417.7	5.4318e-17
3419.63	6.68285e-17
3421.57	7.49833e-17
3423.5	8.70788e-17
3425.44	4.59542e-17
3427.38	3.99511e-17
3429.31	7.45981e-17
3431.25	6.64219e-17
3433.18	3.26615e-17
3435.12	1.6091e-17
3437.06	4.65859e-17
3438.99	5.25098e-17
3440.93	5.4114e-17
3442.86	4.40724e-17
3444.8	5.91789e-17
3446.74	9.95466e-17
3448.67	8.43611e-17
3450.61	7.76655e-17
3452.54	5.78382e-17
3454.48	4.46083e-17
3456.42	6.00808e-17
3458.35	6.70972e-17
3460.29	5.31731e-17
3462.23	4.32743e-17
3464.16	1.5072e-17
3466.1	3.83886e-17
3468.03	6.33331e-17
3469.97	6.53769e-17
3471.91	9.20479e-17
3473.84	1.01493e-16
3475.78	6.01386e-17
3477.71	3.34248e-17
3479.65	3.20556e-17
3481.59	3.41187e-17
3483.52	6.68491e-17
3485.46	7.9996e-17
3487.39	6.82633e-17
3489.33	4.89165e-17
3491.27	2.75917e-17
3493.2	3.26973e-17
3495.14	6.4387e-17
3497.07	8.71477e-17
3499.01	7.94552e-17
3500.95	6.69404e-17
3502.88	6.42834e-17
3504.82	9.73944e-17
3506.76	8.27409e-17
3508.69	6.5388e-17
3510.63	6.73589e-17
3512.56	4.5605e-17
3514.5	3.80699e-17
3516.44	2.90951e-17
3518.37	6.61092e-17
3520.31	7.1834e-17
3522.24	2.67749e-17
3524.18	2.5752e-17
3526.12	5.1024e-17
3528.05	8.03072e-17
3529.99	4.84861e-17
3531.92	1.1328e-17
3533.86	1.39496e-17
3535.8	6.04829e-17
3537.73	3.97649e-17
3539.67	5.99841e-17
3541.6	8.65546e-17
3543.54	8.51061e-17
3545.48	6.33484e-17
3547.41	3.2824e-17
3549.35	3.22149e-17
3551.29	6.021e-17
3553.22	4.6319e-17
3555.16	6.69489e-17
3557.09	5.80572e-17
3559.03	1.16533e-17
3560.97	1.56988e-17
3562.9	3.99098e-17
3564.84	6.28042e-17
3566.77	9.14795e-17
3568.71	9.5696e-17
3570.65	1.04664e-16
3572.58	1.10879e-16
3574.52	9.7688e-17
3576.45	1.00191e-16
3578.39	7.4291e-17
3580.33	6.03658e-17
3582.26	8.23683e-17
3584.2	6.14456e-17
3586.14	6.93427e-17
3588.07	6.33247e-17
3590.01	5.79699e-17
3591.94	5.54223e-17
3593.88	5.18792e-17
3595.82	7.06998e-17
3597.75	1.05266e-16
3599.69	1.08146e-16
3601.62	7.41138e-17
3603.56	5.35784e-17
3605.5	2.5655e-17
3607.43	3.38802e-17
3609.37	5.40953e-17
3611.3	4.78522e-17
3613.24	7.00242e-17
3615.18	8.6841e-17
3617.11	7.98165e-17
3619.05	6.6527e-17
3620.98	4.65875e-17
3622.92	5.24744e-17
3624.86	5.89453e-17
3626.79	6.41329e-17
3628.73	8.37682e-17
3630.67	8.52367e-17
3632.6	8.2231e-17
3634.54	7.82996e-17
3636.47	6.33568e-17
3638.41	4.98826e-17
3640.35	8.39147e-17
3642.28	9.379e-17
3644.22	5.32523e-17
3646.15	5.21185e-17
3648.09	6.58664e-17
3650.03	5.81371e-17
3651.96	5.82618e-17
3653.9	7.15882e-17
3655.83	5.84832e-17
3657.77	5.91884e-17
3659.71	4.29799e-17
3661.64	5.15195e-17
3663.58	6.01051e-17
3665.51	5.50157e-17
3667.45	5.21893e-17
3669.39	5.34323e-17
3671.32	4.23019e-17
3673.26	3.6827e-17
3675.2	4.96451e-17
3677.13	6.1152e-17
3679.07	6.84743e-17
3681	7.36156e-17
3682.94	6.16033e-17
3684.88	5.8809e-17
3686.81	5.01017e-17
3688.75	4.35914e-17
3690.68	4.38399e-17
3692.62	5.932e-17
3694.56	5.85424e-17
3696.49	5.35035e-17
3698.43	4.70829e-17
3700.36	5.57763e-17
3702.3	4.68808e-17
3704.24	4.73485e-17
3706.17	5.9003e-17
3708.11	5.67782e-17
3710.04	5.45561e-17
3711.98	5.3096e-17
3713.92	5.16381e-17
3715.85	5.01816e-17
3717.79	4.87271e-17
3719.73	4.72743e-17
3721.66	4.58233e-17
3723.6	4.43741e-17
3725.53	4.29265e-17
3727.47	4.14808e-17
3729.41	4.00367e-17
3731.34	3.85948e-17
3733.28	3.71542e-17
3735.21	3.57156e-17
3737.15	3.42786e-17
3739.09	3.28438e-17
3741.02	3.14104e-17
3742.96	2.99789e-17
3744.89	2.85492e-17
3746.83	2.71213e-17
3748.77	4.36105e-17
3750.7	3.17947e-17
3752.64	2.39303e-17
3754.57	3.81094e-17
3756.51	1.98181e-17
3758.45	2.81198e-18
3760.38	7.41069e-18
3762.32	1.18114e-17
3764.26	2.00544e-17
3766.19	1.30529e-17
3768.13	2.30787e-17
3770.06	3.79426e-17
3772	2.36174e-17
3773.94	2.00969e-17
3775.87	2.34938e-17
3777.81	1.69457e-17
3779.74	1.71797e-17
3781.68	1.67446e-17
3783.62	2.29564e-17
3785.55	1.68523e-17
3787.49	3.93252e-18
3789.42	2.98662e-17
3791.36	1.91447e-17
3793.3	2.15716e-17
3795.23	1.15161e-17
3797.17	1.4269e-17
3799.1	2.06252e-17
3801.04	1.13453e-17
3802.98	1.28912e-17
3804.91	1.1649e-17
3806.85	7.03702e-18
3808.79	8.57284e-18
3810.72	3.11872e-18
3812.66	-3.20189e-18
3814.59	2.20436e-17
3816.53	1.74664e-17
3818.47	9.58496e-18
3820.4	7.2401e-18
3822.34	2.91192e-17
3824.27	3.18139e-17
3826.21	2.76919e-17
3828.15	2.65036e-17
3830.08	3.06423e-17
3832.02	1.49963e-17
3833.95	2.83939e-17
3835.89	5.26857e-17
3837.83	2.08722e-17
3839.76	3.78964e-17
3841.7	1.11943e-17
3843.64	2.7185e-18
3845.57	2.29394e-17
3847.51	8.76271e-18
3849.44	2.35895e-17
3851.38	1.71065e-17
3853.32	3.20996e-17
3855.25	3.92315e-17
3857.19	2.7522e-17
3859.12	3.65673e-17
3861.06	4.27362e-17
3863	4.16306e-17
3864.93	2.41967e-17
3866.87	1.96159e-17
3868.8	2.41087e-17
3870.74	3.42614e-17
3872.68	4.43794e-17
3874.61	3.90818e-17
3876.55	3.66999e-17
3878.48	4.26177e-17
3880.42	4.76018e-17
3882.36	6.73591e-17
3884.29	7.32012e-17
3886.23	7.29701e-17
3888.17	1.03565e-16
3890.1	1.03444e-16
3892.04	7.63197e-17
3893.97	8.48321e-17
3895.91	9.88313e-17
3897.85	1.08313e-16
3899.78	1.03318e-16
3901.72	9.22158e-17
3903.65	9.64426e-17
3905.59	9.90108e-17
3907.53	1.0559e-16
3909.46	1.31228e-16
3911.4	1.2122e-16
3913.33	1.22185e-16
3915.27	1.37562e-16
3917.21	1.30225e-16
3919.14	1.19551e-16
3921.08	1.07362e-16
3923.01	1.14851e-16
3924.95	1.11344e-16
3926.89	9.65405e-17
3928.82	1.08019e-16
3930.76	1.2043e-16
3932.7	1.19143e-16
3934.63	9.3372e-17
3936.57	1.01453e-16
3938.5	1.09989e-16
3940.44	1.01115e-16
3942.38	1.06967e-16
3944.31	1.04343e-16
3946.25	1.10747e-16
3948.18	8.83256e-17
3950.12	9.28966e-17
3952.06	9.766e-17
3953.99	1.1375e-16
3955.93	1.10377e-16
3957.86	1.1309e-16
3959.8	1.19925e-16
3961.74	1.21247e-16
3963.67	1.22334e-16
3965.61	1.22891e-16
3967.54	1.16901e-16
3969.48	1.18481e-16
3971.42	1.12166e-16
3973.35	1.23706e-16
3975.29	1.33658e-16
3977.23	1.20619e-16
3979.16	1.19801e-16
3981.1	1.17985e-16
3983.03	1.25335e-16
3984.97	1.38798e-16
3986.91	1.61008e-16
3988.84	1.43565e-16
3990.78	1.3863e-16
3992.71	1.31096e-16
3994.65	1.5329e-16
3996.59	1.34427e-16
3998.52	1.3645e-16
4000.46	1.53587e-16
4002.39	1.55255e-16
4004.33	1.47784e-16
4006.27	1.42896e-16
4008.2	1.46166e-16
4010.14	1.40626e-16
4012.07	1.44143e-16
4014.01	1.37399e-16
4015.95	1.66311e-16
4017.88	1.56701e-16
4019.82	1.75088e-16
4021.76	1.56975e-16
4023.69	1.14918e-16
4025.63	1.2747e-16
4027.56	1.48154e-16
4029.5	1.50934e-16
4031.44	1.46363e-16
4033.37	1.6085e-16
4035.31	1.47169e-16
4037.24	1.44521e-16
4039.18	1.50652e-16
4041.12	1.11077e-16
4043.05	1.11559e-16
4044.99	1.31265e-16
4046.92	1.25707e-16
4048.86	1.24732e-16
4050.8	1.21001e-16
4052.73	1.06528e-16
4054.67	1.30406e-16
4056.6	1.33022e-16
4058.54	1.17792e-16
4060.48	1.27038e-16
4062.41	1.21574e-16
4064.35	1.09527e-16
4066.29	1.17058e-16
4068.22	1.07511e-16
4070.16	1.09833e-16
4072.09	1.13255e-16
4074.03	1.39605e-16
4075.97	1.26444e-16
4077.9	1.18464e-16
4079.84	1.23209e-16
4081.77	1.23924e-16
4083.71	1.17589e-16
4085.65	1.2495e-16
4087.58	1.30302e-16
4089.52	1.08444e-16
4091.45	1.27606e-16
4093.39	1.38983e-16
4095.33	1.43315e-16
4097.26	1.29721e-16
4099.2	1.37746e-16
4101.14	1.50322e-16
4103.07	1.37282e-16
4105.01	1.42218e-16
4106.94	1.55889e-16
4108.88	1.29858e-16
4110.82	1.23703e-16
4112.75	1.3912e-16
4114.69	1.19318e-16
4116.62	1.15279e-16
4118.56	1.40735e-16
4120.5	1.29079e-16
4122.43	1.08658e-16
4124.37	1.2382e-16
4126.3	1.26525e-16
4128.24	1.18476e-16
4130.18	1.36451e-16
4132.11	1.05906e-16
4134.05	9.47176e-17
4135.98	1.06767e-16
4137.92	1.31631e-16
4139.86	1.26489e-16
4141.79	1.12452e-16
4143.73	1.14909e-16
4145.67	1.26952e-16
4147.6	1.29884e-16
4149.54	1.27133e-16
4151.47	1.12997e-16
4153.41	1.19372e-16
4155.35	1.37349e-16
4157.28	1.26813e-16
4159.22	1.213e-16
4161.15	1.32095e-16
4163.09	1.21543e-16
4165.03	1.0973e-16
4166.96	1.1252e-16
4168.9	1.17604e-16
4170.83	1.15931e-16
4172.77	1.12214e-16
4174.71	1.06083e-16
4176.64	1.14398e-16
4178.58	1.17429e-16
4180.51	1.21253e-16
4182.45	1.21044e-16
4184.39	1.19297e-16
4186.32	9.44256e-17
4188.26	1.03759e-16
4190.2	1.18443e-16
4192.13	1.18104e-16
4194.07	1.08373e-16
4196	1.15632e-16
4197.94	1.18758e-16
4199.88	1.16054e-16
4201.81	1.2418e-16
4203.75	1.15416e-16
4205.68	1.14322e-16
4207.62	8.88142e-17
4209.56	1.08341e-16
4211.49	1.27225e-16
4213.43	1.32266e-16
4215.36	1.12451e-16
4217.3	1.04562e-16
4219.24	1.0948e-16
4221.17	9.57637e-17
4223.11	8.87662e-17
4225.04	1.02651e-16
4226.98	1.17553e-16
4228.92	1.16398e-16
4230.85	1.09431e-16
4232.79	1.01096e-16
4234.73	9.88122e-17
4236.66	1.00524e-16
4238.6	1.10676e-16
4240.53	1.08425e-16
4242.47	1.02463e-16
4244.41	1.00998e-16
4246.34	1.15471e-16
4248.28	1.18768e-16
4250.21	1.13539e-16
4252.15	1.19277e-16
4254.09	1.16112e-16
4256.02	1.23794e-16
4257.96	1.08964e-16
4259.89	1.15724e-16
4261.83	1.09556e-16
4263.77	1.01189e-16
4265.7	1.27142e-16
4267.64	1.35761e-16
4269.57	1.23208e-16
4271.51	1.12631e-16
4273.45	1.28767e-16
4275.38	1.29037e-16
4277.32	1.17497e-16
4279.26	1.06087e-16
4281.19	1.19239e-16
4283.13	1.10791e-16
4285.06	1.08384e-16
4287	1.15898e-16
4288.94	1.17516e-16
4290.87	1.11969e-16
4292.81	1.25147e-16
4294.74	1.15622e-16
4296.68	1.25333e-16
4298.62	1.33494e-16
4300.55	1.23737e-16
4302.49	1.11265e-16
4304.42	1.19018e-16
4306.36	1.22219e-16
4308.3	1.03373e-16
4310.23	1.10362e-16
4312.17	1.22027e-16
4314.1	1.13986e-16
4316.04	9.7504e-17
4317.98	9.88118e-17
4319.91	1.02183e-16
4321.85	1.07677e-16
4323.79	1.19219e-16
4325.72	1.22799e-16
4327.66	1.20362e-16
4329.59	1.13132e-16
4331.53	1.12281e-16
4333.47	1.05497e-16
4335.4	1.28322e-16
4337.34	1.41462e-16
4339.27	1.3445e-16
4341.21	1.43028e-16
4343.15	1.53174e-16
4345.08	1.32539e-16
4347.02	1.31107e-16
4348.95	1.29677e-16
4350.89	1.28249e-16
4352.83	1.26824e-16
4354.76	1.25401e-16
4356.7	1.2398e-16
4358.64	1.22561e-16
4360.57	1.21145e-16
4362.51	1.19731e-16
4364.44	1.18319e-16
4366.38	1.16909e-16
4368.32	1.15501e-16
4370.25	1.14096e-16
4372.19	1.12693e-16
4374.12	1.11292e-16
4376.06	1.09894e-16
4378	1.08497e-16
4379.93	1.07103e-16
4381.87	1.05711e-16
4383.8	9.00236e-17
4385.74	9.59614e-17
4387.68	9.53431e-17
4389.61	1.09638e-16
4391.55	1.13862e-16
4393.48	1.03142e-16
4395.42	9.80049e-17
4397.36	1.00984e-16
4399.29	1.05593e-16
4401.23	1.10158e-16
4403.17	9.68928e-17
4405.1	1.01567e-16
4407.04	1.08818e-16
4408.97	1.13239e-16
4410.91	1.06097e-16
4412.85	9.62034e-17
4414.78	1.07854e-16
4416.72	1.11823e-16
4418.65	1.14537e-16
4420.59	1.26053e-16
4422.53	1.16656e-16
4424.46	1.02692e-16
4426.4	1.08952e-16
4428.33	1.1947e-16
4430.27	1.07322e-16
4432.21	1.14086e-16
4434.14	1.00835e-16
4436.08	1.05305e-16
4438.01	1.10288e-16
4439.95	1.22541e-16
4441.89	1.09388e-16
4443.82	1.09335e-16
4445.76	1.22207e-16
4447.7	1.22071e-16
4449.63	1.12904e-16
4451.57	1.15724e-16
4453.5	1.17717e-16
4455.44	1.24875e-16
4457.38	1.16904e-16
4459.31	1.10336e-16
4461.25	1.32972e-16
4463.18	1.21201e-16
4465.12	1.1572e-16
4467.06	1.15466e-16
4468.99	1.2892e-16
4470.93	1.35372e-16
4472.86	1.29672e-16
4474.8	1.38876e-16
4476.74	1.3834e-16
4478.67	1.32673e-16
4480.61	1.30212e-16
4482.55	1.43949e-16
4484.48	1.34785e-16
4486.42	1.33238e-16
4488.35	1.36959e-16
4490.29	1.39257e-16
4492.23	1.3843e-16
4494.16	1.34558e-16
4496.1	1.47279e-16
4498.03	1.4314e-16
4499.97	1.36981e-16
4501.91	1.41005e-16
4503.84	1.44361e-16
4505.78	1.54167e-16
4507.71	1.56137e-16
4509.65	1.53085e-16
4511.59	1.60493e-16
4513.52	1.58392e-16
4515.46	1.68661e-16
4517.39	1.6397e-16
4519.33	1.55978e-16
4521.27	1.6216e-16
4523.2	1.78636e-16
4525.14	1.80025e-16
4527.08	1.78922e-16
4529.01	1.64213e-16
4530.95	1.73522e-16
4532.88	1.97183e-16
4534.82	1.77062e-16
4536.76	1.85032e-16
4538.69	1.84331e-16
4540.63	1.82796e-16
4542.56	1.79307e-16
4544.5	1.80752e-16
4546.44	1.78493e-16
4548.37	1.84087e-16
4550.31	1.78923e-16
4552.24	1.8254e-16
4554.18	1.92129e-16
4556.12	2.06831e-16
4558.05	2.04431e-16
4559.99	2.08674e-16
4561.92	2.0014e-16
4563.86	2.15545e-16
4565.8	2.20141e-16
4567.73	2.05688e-16
4569.67	2.01411e-16
4571.61	2.1584e-16
4573.54	2.11553e-16
4575.48	2.19866e-16
4577.41	2.23972e-16
4579.35	2.06075e-16
4581.29	2.0219e-16
4583.22	2.17388e-16
4585.16	2.27119e-16
4587.09	2.20626e-16
4589.03	2.2557e-16
4590.97	2.22566e-16
4592.9	2.10251e-16
4594.84	2.11098e-16
4596.77	2.07668e-16
4598.71	2.26275e-16
4600.65	2.36537e-16
4602.58	2.29013e-16
4604.52	2.0416e-16
4606.46	2.0256e-16
4608.39	2.06719e-16
4610.33	2.10177e-16
4612.26	2.18498e-16
4614.2	2.00405e-16
4616.14	1.99009e-16
4618.07	2.1579e-16
4620.01	2.04627e-16
4621.94	2.04457e-16
4623.88	2.08741e-16
4625.82	2.00353e-16
4627.75	1.88006e-16
4629.69	1.68907e-16
4631.62	1.73619e-16
4633.56	2.00156e-16
4635.5	2.01455e-16
4637.43	1.82043e-16
4639.37	1.79805e-16
4641.3	1.79773e-16
4643.24	1.91114e-16
4645.18	2.02787e-16
4647.11	1.90046e-16
4649.05	1.8783e-16
4650.99	2.04322e-16
4652.92	1.98081e-16
4654.86	1.85763e-16
4656.79	1.87256e-16
4658.73	1.99442e-16
4660.67	2.07362e-16
4662.6	2.0133e-16
4664.54	1.99797e-16
4666.47	1.89583e-16
4668.41	1.91697e-16
4670.35	1.98527e-16
4672.28	1.84021e-16
4674.22	1.82194e-16
4676.15	1.86758e-16
4678.09	1.89473e-16
4680.03	1.83899e-16
4681.96	1.82702e-16
4683.9	1.7655e-16
4685.83	1.7738e-16
4687.77	1.82358e-16
4689.71	1.92854e-16
4691.64	1.95923e-16
4693.58	1.72262e-16
4695.52	1.74139e-16
4697.45	1.72759e-16
4699.39	1.80026e-16
4701.32	1.80649e-16
4703.26	1.80297e-16
4705.2	1.80992e-16
4707.13	1.76995e-16
4709.07	1.75606e-16
4711	1.71896e-16
4712.94	1.66605e-16
4714.88	1.68285e-16
4716.81	1.72345e-16
4718.75	1.89184e-16
4720.68	1.69712e-16
4722.62	1.66496e-16
4724.56	1.48821e-16
4726.49	1.5354e-16
4728.43	1.66399e-16
4730.36	1.63663e-16
4732.3	1.6254e-16
4734.24	1.64121e-16
4736.17	1.51306e-16
4738.11	1.66527e-16
4740.05	1.81629e-16
4741.98	1.691e-16
4743.92	1.61254e-16
4745.85	1.69602e-16
4747.79	1.77024e-16
4749.73	1.7054e-16
4751.66	1.62939e-16
4753.6	1.68216e-16
4755.53	1.62091e-16
4757.47	1.6763e-16
4759.41	1.6152e-16
4761.34	1.56268e-16
4763.28	1.55182e-16
4765.21	1.53796e-16
4767.15	1.65797e-16
4769.09	1.79739e-16
4771.02	1.67475e-16
4772.96	1.62501e-16
4774.89	1.62154e-16
4776.83	1.63871e-16
4778.77	1.55289e-16
4780.7	1.56761e-16
4782.64	1.59173e-16
4784.58	1.58387e-16
4786.51	1.5543e-16
4788.45	1.57626e-16
4790.38	1.70837e-16
4792.32	1.71789e-16
4794.26	1.65271e-16
4796.19	1.5345e-16
4798.13	1.51256e-16
4800.06	1.48452e-16
4802	1.52775e-16
4803.94	1.46405e-16
4805.87	1.47703e-16
4807.81	1.45538e-16
4809.74	1.40424e-16
4811.68	1.43955e-16
4813.62	1.48223e-16
4815.55	1.44516e-16
4817.49	1.39086e-16
4819.42	1.55938e-16
4821.36	1.41836e-16
4823.3	1.35034e-16
4825.23	1.59984e-16
4827.17	1.63614e-16
4829.11	1.51297e-16
4831.04	1.5189e-16
4832.98	1.38366e-16
4834.91	1.43387e-16
4836.85	1.32628e-16
4838.79	1.30426e-16
4840.72	1.43609e-16
4842.66	1.47585e-16
4844.59	1.44543e-16
4846.53	1.41509e-16
4848.47	1.38479e-16
4850.4	1.35456e-16
4852.34	1.32438e-16
4854.27	1.29427e-16
4856.21	1.26421e-16
4858.15	1.23421e-16
4860.08	1.20427e-16
4862.02	1.17439e-16
4863.95	1.14457e-16
4865.89	1.11481e-16
4867.83	1.08511e-16
4869.76	1.05547e-16
4871.7	1.02588e-16
4873.64	9.96349e-17
4875.57	9.66881e-17
4877.51	9.3748e-17
4879.44	9.08122e-17
4881.38	9.74292e-17
4883.32	1.08474e-16
4885.25	1.04021e-16
4887.19	9.60524e-17
4889.12	1.0719e-16
4891.06	1.00891e-16
4893	1.06008e-16
4894.93	1.06871e-16
4896.87	1.13176e-16
4898.8	1.07381e-16
4900.74	1.13837e-16
4902.68	1.20516e-16
4904.61	1.18397e-16
4906.55	1.20342e-16
4908.48	1.30412e-16
4910.42	1.33033e-16
4912.36	1.33672e-16
4914.29	1.37852e-16
4916.23	1.62222e-16
4918.17	1.45897e-16
4920.1	1.5461e-16
4922.04	1.62302e-16
4923.97	1.61075e-16
4925.91	1.75764e-16
4927.85	1.79671e-16
4929.78	1.81038e-16
4931.72	1.78587e-16
4933.65	1.78475e-16
4935.59	1.78024e-16
4937.53	1.80135e-16
4939.46	1.84961e-16
4941.4	1.87771e-16
4943.33	1.90576e-16
4945.27	1.93375e-16
4947.21	1.96167e-16
4949.14	1.98953e-16
4951.08	2.01734e-16
4953.01	2.04507e-16
4954.95	2.07276e-16
4956.89	2.10038e-16
4958.82	2.12795e-16
4960.76	2.15545e-16
4962.7	2.18289e-16
4964.63	2.21027e-16
4966.57	2.2376e-16
4968.5	2.26486e-16
4970.44	2.29207e-16
4972.38	2.31921e-16
4974.31	2.3463e-16
4976.25	2.37333e-16
4978.18	2.4003e-16
4980.12	2.50755e-16
4982.06	2.49188e-16
4983.99	2.4934e-16
4985.93	2.41533e-16
4987.86	2.43436e-16
4989.8	2.40534e-16
4991.74	2.37638e-16
4993.67	2.34747e-16
4995.61	2.31863e-16
4997.54	2.28984e-16
4999.48	2.2611e-16
5001.42	2.23243e-16
5003.35	2.20381e-16
5005.29	2.17524e-16
5007.23	2.14673e-16
5009.16	2.11828e-16
5011.1	2.08989e-16
5013.03	2.06156e-16
5014.97	2.03327e-16
5016.91	2.00504e-16
5018.84	1.97687e-16
5020.78	1.94876e-16
5022.71	1.9207e-16
5024.65	1.8927e-16
5026.59	1.86476e-16
5028.52	1.92969e-16
5030.46	1.94233e-16
5032.39	1.78309e-16
5034.33	1.73845e-16
5036.27	1.67503e-16
5038.2	1.64315e-16
5040.14	1.60468e-16
5042.08	1.58961e-16
5044.01	1.47194e-16
5045.95	1.48006e-16
5047.88	1.54495e-16
5049.82	1.5817e-16
5051.76	1.37209e-16
5053.69	1.33326e-16
5055.63	1.40275e-16
5057.56	1.47548e-16
5059.5	1.46604e-16
5061.44	1.30569e-16
5063.37	1.37916e-16
5065.31	1.31781e-16
5067.24	1.2312e-16
5069.18	1.31423e-16
5071.12	1.29682e-16
5073.05	1.28029e-16
5074.99	1.39603e-16
5076.92	1.39752e-16
5078.86	1.37662e-16
5080.8	1.44519e-16
5082.73	1.54872e-16
5084.67	1.566e-16
5086.61	1.44716e-16
5088.54	1.51953e-16
5090.48	1.57602e-16
5092.41	1.52758e-16
5094.35	1.62521e-16
5096.29	1.60959e-16
5098.22	1.63273e-16
5100.16	1.71408e-16
5102.09	1.69568e-16
5104.03	1.6552e-16
5105.97	1.69997e-16
5107.9	1.84038e-16
5109.84	1.82747e-16
5111.77	1.69215e-16
5113.71	1.67847e-16
5115.65	1.82903e-16
5117.58	1.81934e-16
5119.52	1.8174e-16
5121.46	1.7551e-16
5123.39	1.88046e-16
5125.33	1.81096e-16
5127.26	1.78249e-16
5129.2	1.84441e-16
5131.14	1.79086e-16
5133.07	1.84012e-16
5135.01	1.89478e-16
5136.94	1.76454e-16
5138.88	1.93197e-16
5140.82	2.08348e-16
5142.75	2.04592e-16
5144.69	1.89645e-16
5146.62	1.86105e-16
5148.56	1.87498e-16
5150.5	1.95218e-16
5152.43	1.96699e-16
5154.37	1.98153e-16
5156.3	1.94227e-16
5158.24	1.90219e-16
5160.18	1.9681e-16
5162.11	2.02112e-16
5164.05	2.08418e-16
5165.99	1.89661e-16
5167.92	1.97479e-16
5169.86	2.06959e-16
5171.79	2.14234e-16
5173.73	2.13121e-16
5175.67	2.08365e-16
5177.6	2.07436e-16
5179.54	1.9137e-16
5181.47	1.89894e-16
5183.41	1.96807e-16
5185.35	2.00004e-16
5187.28	2.01904e-16
5189.22	1.96165e-16
5191.15	1.94544e-16
5193.09	1.85136e-16
5195.03	1.90117e-16
5196.96	1.88801e-16
5198.9	1.93115e-16
5200.83	1.95231e-16
5202.77	1.95278e-16
5204.71	1.92261e-16
5206.64	1.83865e-16
5208.58	1.8474e-16
5210.52	2.03709e-16
5212.45	2.1205e-16
5214.39	2.07861e-16
5216.32	2.05843e-16
5218.26	1.92353e-16
5220.2	1.93491e-16
5222.13	1.99448e-16
5224.07	1.968e-16
5226	1.94546e-16
5227.94	1.87219e-16
5229.88	1.98564e-16
5231.81	2.09485e-16
5233.75	2.00315e-16
5235.68	1.99046e-16
5237.62	1.96007e-16
5239.56	1.90473e-16
5241.49	2.00291e-16
5243.43	1.95152e-16
5245.36	1.94099e-16
5247.3	2.12469e-16
5249.24	2.03805e-16
5251.17	1.90384e-16
5253.11	2.01412e-16
5255.05	2.12825e-16
5256.98	2.10745e-16
5258.92	2.01634e-16
5260.85	2.02391e-16
5262.79	2.10081e-16
5264.73	2.04923e-16
5266.66	2.0462e-16
5268.6	2.17811e-16
5270.53	2.28751e-16
5272.47	2.21694e-16
5274.41	2.04525e-16
5276.34	2.194e-16
5278.28	2.10683e-16
5280.21	2.11723e-16
5282.15	2.17428e-16
5284.09	2.28643e-16
5286.02	2.32896e-16
5287.96	2.18985e-16
5289.9	2.21748e-16
5291.83	2.2744e-16
5293.77	2.2393e-16
5295.7	2.2257e-16
5297.64	2.21923e-16
5299.58	2.18862e-16
5301.51	2.34808e-16
5303.45	2.3229e-16
5305.38	2.23988e-16
5307.32	2.17246e-16
5309.26	2.1779e-16
5311.19	2.2348e-16
5313.13	2.16481e-16
5315.06	2.21766e-16
5317	2.28604e-16
5318.94	2.42558e-16
5320.87	2.36989e-16
5322.81	2.35603e-16
5324.74	2.3626e-16
5326.68	2.37608e-16
5328.62	2.28917e-16
5330.55	2.28824e-16
5332.49	2.40844e-16
5334.43	2.40627e-16
5336.36	2.38055e-16
5338.3	2.31399e-16
5340.23	2.31418e-16
5342.17	2.34039e-16
5344.11	2.38353e-16
5346.04	2.43218e-16
5347.98	2.35409e-16
5349.91	2.43462e-16
5351.85	2.41545e-16
5353.79	2.27994e-16
5355.72	2.25661e-16
5357.66	2.29828e-16
5359.59	2.3409e-16
5361.53	2.3724e-16
5363.47	2.31686e-16
5365.4	2.27372e-16
5367.34	2.31371e-16
5369.27	2.53749e-16
5371.21	2.56693e-16
5373.15	2.51361e-16
5375.08	2.37811e-16
5377.02	2.39565e-16
5378.96	2.54028e-16
5380.89	2.44806e-16
5382.83	2.41982e-16
5384.76	2.47238e-16
5386.7	2.28678e-16
5388.64	2.24452e-16
5390.57	2.39859e-16
5392.51	2.48741e-16
5394.44	2.5004e-16
5396.38	2.47612e-16
5398.32	2.25891e-16
5400.25	2.09167e-16
5402.19	2.20047e-16
5404.12	2.31579e-16
5406.06	2.52611e-16
5408	2.59319e-16
5409.93	2.54079e-16
5411.87	2.49791e-16
5413.8	2.3526e-16
5415.74	2.19617e-16
5417.68	2.34161e-16
5419.61	2.4885e-16
5421.55	2.30226e-16
5423.49	2.25928e-16
5425.42	2.35477e-16
5427.36	2.3173e-16
5429.29	2.36443e-16
5431.23	2.26981e-16
5433.17	2.22285e-16
5435.1	2.39512e-16
5437.04	2.16717e-16
5438.97	2.19106e-16
5440.91	2.32777e-16
5442.85	2.34305e-16
5444.78	2.29184e-16
5446.72	2.34209e-16
5448.65	2.42014e-16
5450.59	2.37876e-16
5452.53	2.31474e-16
5454.46	2.41747e-16
5456.4	2.47848e-16
5458.33	2.48006e-16
5460.27	2.5509e-16
5462.21	2.59695e-16
5464.14	2.64657e-16
5466.08	2.70833e-16
5468.02	2.73426e-16
5469.95	2.80544e-16
5471.89	2.87202e-16
5473.82	2.83939e-16
5475.76	2.90972e-16
5477.7	2.80853e-16
5479.63	2.85133e-16
5481.57	2.88187e-16
5483.5	2.83573e-16
5485.44	2.86877e-16
5487.38	2.92134e-16
5489.31	2.90309e-16
5491.25	2.96053e-16
5493.18	3.07175e-16
5495.12	3.00533e-16
5497.06	2.8381e-16
5498.99	2.96535e-16
5500.93	3.03836e-16
5502.86	3.06866e-16
5504.8	3.00984e-16
5506.74	3.27328e-16
5508.67	3.21811e-16
5510.61	3.06675e-16
5512.55	3.05447e-16
5514.48	3.19331e-16
5516.42	3.21764e-16
5518.35	3.07602e-16
5520.29	3.09794e-16
5522.23	3.19532e-16
5524.16	3.21911e-16
5526.1	3.12428e-16
5528.03	3.03092e-16
5529.97	3.06453e-16
5531.91	3.17313e-16
5533.84	2.97239e-16
5535.78	2.85412e-16
5537.71	2.88272e-16
5539.65	2.98404e-16
5541.59	3.04294e-16
5543.52	2.86898e-16
5545.46	2.63034e-16
5547.39	2.70359e-16
5549.33	2.5674e-16
5551.27	2.63725e-16
5553.2	2.6262e-16
5555.14	2.46891e-16
5557.08	2.48381e-16
5559.01	2.45772e-16
5560.95	2.35056e-16
5562.88	2.36879e-16
5564.82	2.39044e-16
5566.76	2.37208e-16
5568.69	2.36365e-16
5570.63	2.21476e-16
5572.56	2.31086e-16
5574.5	2.28778e-16
5576.44	2.33516e-16
5578.37	2.35681e-16
5580.31	2.19826e-16
5582.24	2.1926e-16
5584.18	2.35334e-16
5586.12	2.29409e-16
5588.05	2.26193e-16
5589.99	2.26875e-16
5591.92	2.21133e-16
5593.86	2.07858e-16
5595.8	2.2085e-16
5597.73	2.1019e-16
5599.67	2.11824e-16
5601.61	2.13644e-16
5603.54	2.17157e-16
5605.48	2.21294e-16
5607.41	2.20362e-16
5609.35	2.11968e-16
5611.29	2.10183e-16
5613.22	2.12219e-16
5615.16	2.09364e-16
5617.09	2.15799e-16
5619.03	2.07927e-16
5620.97	2.0364e-16
5622.9	2.0736e-16
5624.84	2.11973e-16
5626.77	2.01673e-16
5628.71	2.07965e-16
5630.65	2.10382e-16
5632.58	2.07441e-16
5634.52	2.08239e-16
5636.46	2.03681e-16
5638.39	2.02539e-16
5640.33	1.9704e-16
5642.26	2.01114e-16
5644.2	2.0385e-16
5646.14	2.05891e-16
5648.07	1.97991e-16
5650.01	2.07386e-16
5651.94	2.16454e-16
5653.88	2.0043e-16
5655.82	1.84684e-16
5657.75	1.91322e-16
5659.69	1.91382e-16
5661.62	1.80899e-16
5663.56	1.87789e-16
5665.5	1.84923e-16
5667.43	1.77287e-16
5669.37	1.7503e-16
5671.3	1.75188e-16
5673.24	1.73322e-16
5675.18	1.74712e-16
5677.11	1.56982e-16
5679.05	1.56993e-16
5680.99	1.53344e-16
5682.92	1.42824e-16
5684.86	1.3823e-16
5686.79	1.37508e-16
5688.73	1.35083e-16
5690.67	1.22747e-16
5692.6	1.22034e-16
5694.54	1.22317e-16
5696.47	1.22459e-16
5698.41	1.07218e-16
5700.35	9.82232e-17
5702.28	1.0693e-16
5704.22	9.73942e-17
5706.15	8.92849e-17
5708.09	8.46097e-17
5710.03	7.71523e-17
5711.96	8.32371e-17
5713.9	8.5009e-17
5715.83	8.83775e-17
5717.77	7.64993e-17
5719.71	6.36877e-17
5721.64	7.74489e-17
5723.58	7.40329e-17
5725.52	7.22959e-17
5727.45	7.79959e-17
5729.39	7.45113e-17
5731.32	7.61e-17
5733.26	7.62196e-17
5735.2	7.32119e-17
5737.13	7.16278e-17
5739.07	7.83921e-17
5741	8.58704e-17
5742.94	8.8368e-17
5744.88	8.43593e-17
5746.81	8.42081e-17
5748.75	8.3659e-17
5750.68	9.64329e-17
5752.62	9.36957e-17
5754.56	9.15652e-17
5756.49	8.96369e-17
5758.43	9.21189e-17
5760.36	1.0747e-16
5762.3	1.10367e-16
5764.24	1.16739e-16
5766.17	1.09344e-16
5768.11	1.08067e-16
5770.05	1.20594e-16
5771.98	1.23519e-16
5773.92	1.16097e-16
5775.85	1.24267e-16
5777.79	1.27757e-16
5779.73	1.36746e-16
5781.66	1.40946e-16
5783.6	1.46559e-16
5785.53	1.68556e-16
5787.47	1.61656e-16
5789.41	1.65826e-16
5791.34	1.78315e-16
5793.28	1.79858e-16
5795.21	1.79189e-16
5797.15	1.82425e-16
5799.09	1.84866e-16
5801.02	1.9834e-16
5802.96	2.2105e-16
5804.9	2.09919e-16
5806.83	2.10168e-16
5808.77	2.09073e-16
5810.7	2.1827e-16
5812.64	2.15302e-16
5814.58	2.07786e-16
5816.51	2.14818e-16
5818.45	2.23987e-16
5820.38	2.28244e-16
5822.32	2.33837e-16
5824.26	2.15509e-16
5826.19	2.12985e-16
5828.13	2.24336e-16
5830.06	2.34265e-16
5832	2.20665e-16
5833.94	2.19702e-16
5835.87	2.3411e-16
5837.81	2.27148e-16
5839.74	2.27562e-16
5841.68	2.4196e-16
5843.62	2.39665e-16
5845.55	2.41182e-16
5847.49	2.3491e-16
5849.43	2.3654e-16
5851.36	2.43243e-16
5853.3	2.30375e-16
5855.23	2.27705e-16
5857.17	2.31649e-16
5859.11	2.39119e-16
5861.04	2.35446e-16
5862.98	2.42998e-16
5864.91	2.35598e-16
5866.85	2.40782e-16
5868.79	2.4762e-16
5870.72	2.52607e-16
5872.66	2.3264e-16
5874.59	2.43434e-16
5876.53	2.48141e-16
5878.47	2.42222e-16
5880.4	2.61114e-16
5882.34	2.5999e-16
5884.27	2.55682e-16
5886.21	2.46965e-16
5888.15	2.38658e-16
5890.08	2.25164e-16
5892.02	2.26353e-16
5893.96	2.4576e-16
5895.89	2.67828e-16
5897.83	2.58778e-16
5899.76	2.54196e-16
5901.7	2.58093e-16
5903.64	2.6569e-16
5905.57	2.63203e-16
5907.51	2.66888e-16
5909.44	2.53063e-16
5911.38	2.61415e-16
5913.32	2.54436e-16
5915.25	2.56266e-16
5917.19	2.5359e-16
5919.12	2.43371e-16
5921.06	2.40561e-16
5923	2.53035e-16
5924.93	2.40799e-16
5926.87	2.43314e-16
5928.8	2.65625e-16
5930.74	2.50131e-16
5932.68	2.43478e-16
5934.61	2.42016e-16
5936.55	2.39286e-16
5938.49	2.48194e-16
5940.42	2.57029e-16
5942.36	2.43173e-16
5944.29	2.40989e-16
5946.23	2.38758e-16
5948.17	2.38225e-16
5950.1	2.53189e-16
5952.04	2.42298e-16
5953.97	2.40487e-16
5955.91	2.39418e-16
5957.85	2.42431e-16
5959.78	2.43593e-16
5961.72	2.44435e-16
5963.65	2.3989e-16
5965.59	2.33191e-16
5967.53	2.41214e-16
5969.46	2.23636e-16
5971.4	2.27365e-16
5973.34	2.335e-16
5975.27	2.22799e-16
5977.21	2.26175e-16
5979.14	2.34119e-16
5981.08	2.36681e-16
5983.02	2.34092e-16
5984.95	2.15941e-16
5986.89	2.15114e-16
5988.82	2.09993e-16
5990.76	2.11268e-16
5992.7	2.16135e-16
5994.63	2.09952e-16
5996.57	2.02525e-16
5998.5	2.0632e-16
6000.44	2.01786e-16
6002.38	2.08149e-16
6004.31	2.04626e-16
6006.25	1.92373e-16
6008.18	1.87937e-16
6010.12	1.92724e-16
6012.06	1.94404e-16
6013.99	1.91281e-16
6015.93	1.90525e-16
6017.87	1.87221e-16
6019.8	1.91039e-16
6021.74	1.95709e-16
6023.67	1.93361e-16
6025.61	1.87459e-16
6027.55	1.78403e-16
6029.48	1.77331e-16
6031.42	1.78152e-16
6033.35	1.85695e-16
6035.29	1.87839e-16
6037.23	1.80839e-16
6039.16	1.78662e-16
6041.1	1.75389e-16
6043.03	1.69702e-16
6044.97	1.70244e-16
6046.91	1.7089e-16
6048.84	1.70231e-16
6050.78	1.82848e-16
6052.71	1.77538e-16
6054.65	1.7346e-16
6056.59	1.74378e-16
6058.52	1.81646e-16
6060.46	1.81577e-16
6062.4	1.71913e-16
6064.33	1.67188e-16
6066.27	1.77534e-16
6068.2	1.73821e-16
6070.14	1.8137e-16
6072.08	1.88235e-16
6074.01	1.84204e-16
6075.95	1.77315e-16
6077.88	1.70859e-16
6079.82	1.6795e-16
6081.76	1.76569e-16
6083.69	1.72197e-16
6085.63	1.80722e-16
6087.56	1.77195e-16
6089.5	1.79198e-16
6091.44	1.66114e-16
6093.37	1.71348e-16
6095.31	1.80378e-16
6097.24	1.84461e-16
6099.18	1.74192e-16
6101.12	1.67934e-16
6103.05	1.72105e-16
6104.99	1.69525e-16
6106.93	1.62399e-16
6108.86	1.54335e-16
6110.8	1.57678e-16
6112.73	1.60784e-16
6114.67	1.6823e-16
6116.61	1.70177e-16
6118.54	1.77579e-16
6120.48	1.67051e-16
6122.41	1.59539e-16
6124.35	1.5989e-16
6126.29	1.55449e-16
6128.22	1.58079e-16
6130.16	1.63772e-16
6132.09	1.69711e-16
6134.03	1.56065e-16
6135.97	1.59743e-16
6137.9	1.69272e-16
6139.84	1.69518e-16
6141.77	1.64732e-16
6143.71	1.66629e-16
6145.65	1.73573e-16
6147.58	1.72881e-16
6149.52	1.76125e-16
6151.46	1.74561e-16
6153.39	1.67023e-16
6155.33	1.58047e-16
6157.26	1.74592e-16
6159.2	1.75877e-16
6161.14	1.8014e-16
6163.07	1.7729e-16
6165.01	1.76366e-16
6166.94	1.7722e-16
6168.88	1.68933e-16
6170.82	1.81781e-16
6172.75	1.84707e-16
6174.69	1.83875e-16
6176.62	1.80524e-16
6178.56	1.85178e-16
6180.5	1.95825e-16
6182.43	1.92738e-16
6184.37	1.87647e-16
6186.3	1.89732e-16
6188.24	1.92903e-16
6190.18	1.90378e-16
6192.11	2.01241e-16
6194.05	2.01975e-16
6195.99	2.00378e-16
6197.92	2.10683e-16
6199.86	2.11428e-16
6201.79	2.01405e-16
6203.73	2.12934e-16
6205.67	2.22103e-16
6207.6	2.15097e-16
6209.54	2.10174e-16
6211.47	2.26585e-16
6213.41	2.46833e-16
6215.35	2.47965e-16
6217.28	2.38071e-16
6219.22	2.40087e-16
6221.15	2.57562e-16
6223.09	2.58752e-16
6225.03	2.64456e-16
6226.96	2.63076e-16
6228.9	2.70845e-16
6230.83	2.66758e-16
6232.77	2.54453e-16
6234.71	2.60518e-16
6236.64	2.67202e-16
6238.58	2.81619e-16
6240.52	2.78753e-16
6242.45	2.74764e-16
6244.39	2.71987e-16
6246.32	2.70415e-16
6248.26	2.64119e-16
6250.2	2.72307e-16
6252.13	2.63251e-16
6254.07	2.54167e-16
6256	2.66876e-16
6257.94	2.76058e-16
6259.88	2.59149e-16
6261.81	2.46631e-16
6263.75	2.50081e-16
6265.68	2.47049e-16
6267.62	2.57859e-16
6269.56	2.62968e-16
6271.49	2.59987e-16
6273.43	2.49812e-16
6275.36	2.44381e-16
6277.3	2.4673e-16
6279.24	2.44369e-16
6281.17	2.47287e-16
6283.11	2.38954e-16
6285.05	2.27036e-16
6286.98	2.42488e-16
6288.92	2.46689e-16
6290.85	2.40129e-16
6292.79	2.51534e-16
6294.73	2.60497e-16
6296.66	2.57796e-16
6298.6	2.63108e-16
6300.53	2.57311e-16
6302.47	2.55754e-16
6304.41	2.48953e-16
6306.34	2.43725e-16
6308.28	2.47489e-16
6310.21	2.47334e-16
6312.15	2.38288e-16
6314.09	2.30746e-16
6316.02	2.22963e-16
6317.96	2.23072e-16
6319.9	2.21378e-16
6321.83	2.22221e-16
6323.77	2.1531e-16
6325.7	2.18394e-16
6327.64	2.25015e-16
6329.58	2.23767e-16
6331.51	2.19285e-16
6333.45	2.15522e-16
6335.38	2.09893e-16
6337.32	2.14241e-16
6339.26	2.30544e-16
6341.19	2.23819e-16
6343.13	2.07564e-16
6345.06	2.07295e-16
6347	2.15865e-16
6348.94	2.15695e-16
6350.87	2.1386e-16
6352.81	2.14062e-16
6354.74	2.02414e-16
6356.68	1.89378e-16
6358.62	2.08903e-16
6360.55	2.10185e-16
6362.49	2.0062e-16
6364.43	2.02052e-16
6366.36	2.0048e-16
6368.3	1.97983e-16
6370.23	2.03504e-16
6372.17	2.05731e-16
6374.11	2.09388e-16
6376.04	2.01118e-16
6377.98	1.9148e-16
6379.91	1.94372e-16
6381.85	1.89431e-16
6383.79	1.95849e-16
6385.72	1.94983e-16
6387.66	1.84935e-16
6389.59	1.84577e-16
6391.53	1.88818e-16
6393.47	1.97266e-16
6395.4	1.96875e-16
6397.34	1.89124e-16
6399.27	1.92829e-16
6401.21	2.00808e-16
6403.15	1.94134e-16
6405.08	1.8543e-16
6407.02	1.85998e-16
6408.96	1.94105e-16
6410.89	1.9285e-16
6412.83	1.792e-16
6414.76	1.86617e-16
6416.7	2.00176e-16
6418.64	1.92013e-16
6420.57	1.87269e-16
6422.51	1.93992e-16
6424.44	1.9676e-16
6426.38	1.88894e-16
6428.32	1.91202e-16
6430.25	1.94693e-16
6432.19	1.92481e-16
6434.12	1.94394e-16
6436.06	1.99974e-16
6438	1.93295e-16
6439.93	2.02956e-16
6441.87	2.08515e-16
6443.8	2.10756e-16
6445.74	2.02188e-16
6447.68	1.96996e-16
6449.61	2.05144e-16
6451.55	2.01295e-16
6453.49	2.00211e-16
6455.42	1.9519e-16
6457.36	1.86775e-16
6459.29	1.99259e-16
6461.23	1.93956e-16
6463.17	1.83988e-16
6465.1	1.79201e-16
6467.04	1.94846e-16
6468.97	1.95745e-16
6470.91	1.90109e-16
6472.85	1.87395e-16
6474.78	1.96513e-16
6476.72	1.91791e-16
6478.65	1.87817e-16
6480.59	1.87735e-16
6482.53	1.8237e-16
6484.46	1.74145e-16
6486.4	1.71906e-16
6488.34	1.75682e-16
6490.27	1.77004e-16
6492.21	1.7507e-16
6494.14	1.73846e-16
6496.08	1.73882e-16
6498.02	1.70015e-16
6499.95	1.73338e-16
6501.89	1.60628e-16
6503.82	1.64889e-16
6505.76	1.62165e-16
6507.7	1.61196e-16
6509.63	1.68746e-16
6511.57	1.58106e-16
6513.5	1.46276e-16
6515.44	1.48588e-16
6517.38	1.51434e-16
6519.31	1.51633e-16
6521.25	1.43725e-16
6523.18	1.42184e-16
6525.12	1.41955e-16
6527.06	1.50536e-16
6528.99	1.43158e-16
6530.93	1.43847e-16
6532.87	1.44534e-16
6534.8	1.45221e-16
6536.74	1.45906e-16
6538.67	1.46589e-16
6540.61	1.47271e-16
6542.55	1.47951e-16
6544.48	1.48631e-16
6546.42	1.49308e-16
6548.35	1.49984e-16
6550.29	1.50659e-16
6552.23	1.51333e-16
6554.16	1.52005e-16
6556.1	1.52676e-16
6558.03	1.53345e-16
6559.97	1.54012e-16
6561.91	1.54679e-16
6563.84	1.55344e-16
6565.78	1.56007e-16
6567.71	1.56669e-16
6569.65	1.57314e-16
6571.59	1.57957e-16
6573.52	1.58598e-16
6575.46	1.59238e-16
6577.4	1.59877e-16
6579.33	1.60515e-16
6581.27	1.61151e-16
6583.2	1.61785e-16
6585.14	1.62419e-16
6587.08	1.6305e-16
6589.01	1.63681e-16
6590.95	1.6431e-16
6592.88	1.64938e-16
6594.82	1.65564e-16
6596.76	1.66189e-16
6598.69	1.66813e-16
6600.63	1.67435e-16
6602.56	1.68056e-16
6604.5	1.63107e-16
6606.44	1.66066e-16
6608.37	1.62891e-16
6610.31	1.69003e-16
6612.25	1.58805e-16
6614.18	1.56758e-16
6616.12	1.65376e-16
6618.05	1.61041e-16
6619.99	1.47419e-16
6621.93	1.43224e-16
6623.86	1.5036e-16
6625.8	1.52937e-16
6627.73	1.54173e-16
6629.67	1.54026e-16
6631.61	1.41899e-16
6633.54	1.45471e-16
6635.48	1.5278e-16
6637.41	1.48896e-16
6639.35	1.42709e-16
6641.29	1.3263e-16
6643.22	1.34373e-16
6645.16	1.42106e-16
6647.09	1.42788e-16
6649.03	1.45497e-16
6650.97	1.42542e-16
6652.9	1.49551e-16
6654.84	1.42688e-16
6656.78	1.43855e-16
6658.71	1.43961e-16
6660.65	1.41577e-16
6662.58	1.41292e-16
6664.52	1.33886e-16
6666.46	1.38456e-16
6668.39	1.33568e-16
6670.33	1.29245e-16
6672.26	1.27937e-16
6674.2	1.29831e-16
6676.14	1.41664e-16
6678.07	1.46612e-16
6680.01	1.47072e-16
6681.94	1.41287e-16
6683.88	1.32875e-16
6685.82	1.35219e-16
6687.75	1.37584e-16
6689.69	1.42509e-16
6691.62	1.39653e-16
6693.56	1.36623e-16
6695.5	1.32094e-16
6697.43	1.3919e-16
6699.37	1.37819e-16
6701.31	1.36449e-16
6703.24	1.35083e-16
6705.18	1.33719e-16
6707.11	1.32357e-16
6709.05	1.30998e-16
6710.99	1.29641e-16
6712.92	1.29294e-16
6714.86	1.28948e-16
6716.79	1.28603e-16
6718.73	1.28258e-16
6720.67	1.27913e-16
6722.6	1.27569e-16
6724.54	1.27226e-16
6726.47	1.26883e-16
6728.41	1.2654e-16
6730.35	1.26198e-16
6732.28	1.25856e-16
6734.22	1.25515e-16
6736.16	1.25174e-16
6738.09	1.24834e-16
6740.03	1.24494e-16
6741.96	1.24154e-16
6743.9	1.23815e-16
6745.84	1.23477e-16
6747.77	1.23139e-16
6749.71	1.22801e-16
6751.64	1.23683e-16
6753.58	1.225e-16
6755.52	1.24843e-16
6757.45	1.2385e-16
6759.39	1.21191e-16
6761.32	1.17434e-16
6763.26	1.16794e-16
6765.2	1.21302e-16
6767.13	1.24806e-16
6769.07	1.21478e-16
6771	1.20715e-16
6772.94	1.24062e-16
6774.88	1.27615e-16
6776.81	1.22685e-16
6778.75	1.19971e-16
6780.69	1.18519e-16
6782.62	1.18103e-16
6784.56	1.18301e-16
6786.49	1.10513e-16
6788.43	1.06536e-16
6790.37	1.20747e-16
6792.3	1.1882e-16
6794.24	1.12019e-16
6796.17	1.07452e-16
6798.11	1.05863e-16
6800.05	1.07239e-16
6801.98	1.05872e-16
6803.92	1.12898e-16
6805.85	1.14463e-16
6807.79	1.04454e-16
6809.73	1.1037e-16
6811.66	1.12147e-16
6813.6	1.08067e-16
6815.53	1.09975e-16
6817.47	9.93483e-17
6819.41	7.98493e-17
6821.34	8.83951e-17
6823.28	9.71836e-17
6825.22	1.03555e-16
6827.15	1.08227e-16
6829.09	1.10286e-16
6831.02	1.11664e-16
6832.96	1.13935e-16
6834.9	1.10763e-16
6836.83	9.72062e-17
6838.77	9.73804e-17
6840.7	9.82485e-17
6842.64	9.58345e-17
6844.58	9.56213e-17
6846.51	9.73587e-17
6848.45	9.28686e-17
6850.38	1.0453e-16
6852.32	1.07419e-16
6854.26	1.00731e-16
6856.19	9.10662e-17
6858.13	8.14781e-17
6860.06	8.99033e-17
6862	9.65375e-17
6863.94	8.69798e-17
6865.87	8.91538e-17
6867.81	9.71837e-17
6869.75	8.56337e-17
6871.68	8.17732e-17
6873.62	8.92777e-17
6875.55	8.59078e-17
6877.49	8.48523e-17
6879.43	8.29044e-17
6881.36	8.17273e-17
6883.3	7.64418e-17
6885.23	8.05897e-17
6887.17	9.01758e-17
6889.11	8.88016e-17
6891.04	8.5362e-17
6892.98	9.09958e-17
6894.91	9.02943e-17
6896.85	8.83485e-17
6898.79	9.39155e-17
6900.72	8.31416e-17
6902.66	7.70282e-17
6904.59	8.02157e-17
6906.53	9.19214e-17
6908.47	9.20244e-17
6910.4	9.30372e-17
6912.34	9.57679e-17
6914.28	1.07652e-16
6916.21	1.05263e-16
6918.15	1.06119e-16
6920.08	1.07991e-16
6922.02	1.05708e-16
6923.96	1.05562e-16
6925.89	1.09186e-16
6927.83	1.24242e-16
6929.76	1.32628e-16
6931.7	1.22307e-16
6933.64	1.2454e-16
6935.57	1.27196e-16
6937.51	1.27828e-16
6939.44	1.40935e-16
6941.38	1.4364e-16
6943.32	1.44845e-16
6945.25	1.50813e-16
6947.19	1.47711e-16
6949.12	1.50723e-16
6951.06	1.57437e-16
6953	1.70904e-16
6954.93	1.63589e-16
6956.87	1.71595e-16
6958.81	1.72446e-16
6960.74	1.72169e-16
6962.68	1.77795e-16
6964.61	1.78939e-16
6966.55	1.70211e-16
6968.49	1.6413e-16
6970.42	1.67782e-16
6972.36	1.60058e-16
6974.29	1.6149e-16
6976.23	1.64673e-16
6978.17	1.62575e-16
6980.1	1.54076e-16
6982.04	1.59305e-16
6983.97	1.57597e-16
6985.91	1.49385e-16
6987.85	1.48629e-16
6989.78	1.57655e-16
6991.72	1.56395e-16
6993.65	1.49791e-16
6995.59	1.46215e-16
6997.53	1.49063e-16
6999.46	1.54202e-16
7001.4	1.42064e-16
7003.34	1.38279e-16
7005.27	1.48052e-16
7007.21	1.48487e-16
7009.14	1.51831e-16
7011.08	1.47268e-16
7013.02	1.34806e-16
7014.95	1.37048e-16
7016.89	1.31306e-16
7018.82	1.33025e-16
7020.76	1.35355e-16
7022.7	1.34968e-16
7024.63	1.33003e-16
7026.57	1.37946e-16
7028.5	1.34059e-16
7030.44	1.32683e-16
7032.38	1.40668e-16
7034.31	1.39241e-16
7036.25	1.29381e-16
7038.18	1.35041e-16
7040.12	1.3989e-16
7042.06	1.38277e-16
7043.99	1.35501e-16
7045.93	1.36604e-16
7047.87	1.37889e-16
7049.8	1.38651e-16
7051.74	1.33318e-16
7053.67	1.29075e-16
7055.61	1.37003e-16
7057.55	1.44843e-16
7059.48	1.53275e-16
7061.42	1.47572e-16
7063.35	1.47662e-16
7065.29	1.44995e-16
7067.23	1.51483e-16
7069.16	1.52225e-16
7071.1	1.58696e-16
7073.03	1.63388e-16
7074.97	1.55165e-16
7076.91	1.47469e-16
7078.84	1.44122e-16
7080.78	1.59778e-16
7082.71	1.54154e-16
7084.65	1.4759e-16
7086.59	1.53799e-16
7088.52	1.44723e-16
7090.46	1.48239e-16
7092.4	1.51282e-16
7094.33	1.50336e-16
7096.27	1.45927e-16
7098.2	1.44379e-16
7100.14	1.38073e-16
7102.08	1.44984e-16
7104.01	1.40019e-16
7105.95	1.42585e-16
7107.88	1.41834e-16
7109.82	1.42295e-16
7111.76	1.4166e-16
7113.69	1.35115e-16
7115.63	1.27403e-16
7117.56	1.38643e-16
7119.5	1.44376e-16
7121.44	1.50335e-16
7123.37	1.49882e-16
7125.31	1.49804e-16
7127.24	1.41301e-16
7129.18	1.37835e-16
7131.12	1.4058e-16
7133.05	1.45702e-16
7134.99	1.54685e-16
7136.93	1.56092e-16
7138.86	1.40764e-16
7140.8	1.39472e-16
7142.73	1.48631e-16
7144.67	1.53645e-16
7146.61	1.55673e-16
7148.54	1.64055e-16
7150.48	1.57771e-16
7152.41	1.62312e-16
7154.35	1.70696e-16
7156.29	1.7029e-16
7158.22	1.66478e-16
7160.16	1.65922e-16
7162.09	1.76485e-16
7164.03	1.73181e-16
7165.97	1.70831e-16
7167.9	1.74396e-16
7169.84	1.70971e-16
7171.78	1.73035e-16
7173.71	1.81704e-16
7175.65	1.84873e-16
7177.58	1.73763e-16
7179.52	1.82081e-16
7181.46	1.82323e-16
7183.39	1.75034e-16
7185.33	1.6294e-16
7187.26	1.66678e-16
7189.2	1.69626e-16
7191.14	1.63243e-16
7193.07	1.65994e-16
7195.01	1.66211e-16
7196.94	1.66997e-16
7198.88	1.6724e-16
7200.82	1.6452e-16
7202.75	1.69468e-16
7204.69	1.73734e-16
7206.62	1.75508e-16
7208.56	1.75654e-16
7210.5	1.68497e-16
7212.43	1.62524e-16
7214.37	1.64807e-16
7216.31	1.66509e-16
7218.24	1.73086e-16
7220.18	1.7653e-16
7222.11	1.69385e-16
7224.05	1.6804e-16
7225.99	1.69518e-16
7227.92	1.69378e-16
7229.86	1.76432e-16
7231.79	1.80103e-16
7233.73	1.75579e-16
7235.67	1.68146e-16
7237.6	1.76024e-16
7239.54	1.8274e-16
7241.47	1.85784e-16
7243.41	1.85035e-16
7245.35	1.8567e-16
7247.28	1.82198e-16
7249.22	1.83195e-16
7251.16	1.76467e-16
7253.09	1.84563e-16
7255.03	1.81812e-16
7256.96	1.68985e-16
7258.9	1.74908e-16
7260.84	1.81841e-16
7262.77	1.88574e-16
7264.71	1.87784e-16
7266.64	1.75427e-16
7268.58	1.73573e-16
7270.52	1.80177e-16
7272.45	1.79813e-16
7274.39	1.88082e-16
7276.32	1.94754e-16
7278.26	1.93666e-16
7280.2	1.85796e-16
7282.13	1.90087e-16
7284.07	1.94837e-16
7286	1.90544e-16
7287.94	1.90156e-16
7289.88	1.89399e-16
7291.81	1.87048e-16
7293.75	1.86632e-16
7295.69	1.81413e-16
7297.62	1.79643e-16
7299.56	1.77954e-16
7301.49	1.81919e-16
7303.43	1.80965e-16
7305.37	1.83973e-16
7307.3	1.84375e-16
7309.24	1.87049e-16
7311.17	1.78672e-16
7313.11	1.77899e-16
7315.05	1.86713e-16
7316.98	1.65498e-16
7318.92	1.63739e-16
7320.85	1.71679e-16
7322.79	1.69316e-16
7324.73	1.73894e-16
7326.66	1.61557e-16
7328.6	1.67705e-16
7330.53	1.63057e-16
7332.47	1.59254e-16
7334.41	1.54881e-16
7336.34	1.5992e-16
7338.28	1.62477e-16
7340.22	1.66292e-16
7342.15	1.5759e-16
7344.09	1.57676e-16
7346.02	1.54095e-16
7347.96	1.63481e-16
7349.9	1.59101e-16
7351.83	1.52111e-16
7353.77	1.62909e-16
7355.7	1.54608e-16
7357.64	1.57871e-16
7359.58	1.61172e-16
7361.51	1.55368e-16
7363.45	1.48798e-16
7365.38	1.44953e-16
7367.32	1.53046e-16
7369.26	1.52712e-16
7371.19	1.48178e-16
7373.13	1.56267e-16
7375.06	1.57507e-16
7377	1.521e-16
7378.94	1.48094e-16
7380.87	1.52525e-16
7382.81	1.50957e-16
7384.75	1.41672e-16
7386.68	1.3563e-16
7388.62	1.37323e-16
7390.55	1.39219e-16
7392.49	1.45323e-16
7394.43	1.44148e-16
7396.36	1.41576e-16
7398.3	1.39222e-16
7400.23	1.36995e-16
7402.17	1.30291e-16
7404.11	1.32286e-16
7406.04	1.37543e-16
7407.98	1.45703e-16
7409.91	1.41188e-16
7411.85	1.3393e-16
7413.79	1.36459e-16
7415.72	1.34181e-16
7417.66	1.38619e-16
7419.6	1.29791e-16
7421.53	1.25982e-16
7423.47	1.27802e-16
7425.4	1.26074e-16
7427.34	1.25296e-16
7429.28	1.28182e-16
7431.21	1.24543e-16
7433.15	1.22154e-16
7435.08	1.22779e-16
7437.02	1.25549e-16
7438.96	1.23906e-16
7440.89	1.21808e-16
7442.83	1.18172e-16
7444.76	1.20924e-16
7446.7	1.19092e-16
7448.64	1.14286e-16
7450.57	1.15226e-16
7452.51	1.15587e-16
7454.44	1.18163e-16
7456.38	1.13641e-16
7458.32	1.13581e-16
7460.25	1.03914e-16
7462.19	9.90232e-17
7464.13	1.05604e-16
7466.06	1.10677e-16
7468	1.06629e-16
7469.93	1.00879e-16
7471.87	9.76281e-17
7473.81	1.02349e-16
7475.74	9.61828e-17
7477.68	9.40867e-17
7479.61	1.02146e-16
7481.55	9.97333e-17
7483.49	9.65553e-17
7485.42	9.62954e-17
7487.36	9.4972e-17
7489.29	9.05096e-17
7491.23	8.85118e-17
7493.17	9.48966e-17
7495.1	9.68843e-17
7497.04	9.85538e-17
7498.97	1.0029e-16
7500.91	9.53307e-17
7502.85	9.26479e-17
7504.78	9.09273e-17
7506.72	8.75216e-17
7508.66	8.14668e-17
7510.59	9.06674e-17
7512.53	9.44953e-17
7514.46	9.0582e-17
7516.4	8.65894e-17
7518.34	8.71291e-17
7520.27	8.83655e-17
7522.21	8.96567e-17
7524.14	9.10859e-17
7526.08	8.94106e-17
7528.02	8.71823e-17
7529.95	8.97534e-17
7531.89	8.36478e-17
7533.82	8.22647e-17
7535.76	8.08855e-17
7537.7	7.951e-17
7539.63	7.81384e-17
7541.57	7.67706e-17
7543.5	7.54066e-17
7545.44	7.40465e-17
7547.38	7.26901e-17
7549.31	7.13376e-17
7551.25	7.12273e-17
7553.19	7.54637e-17
7555.12	6.71121e-17
7557.06	5.36097e-17
7558.99	5.39389e-17
7560.93	6.24301e-17
7562.87	7.03537e-17
7564.8	7.28156e-17
7566.74	7.94355e-17
7568.67	7.41918e-17
7570.61	7.78917e-17
7572.55	8.13392e-17
7574.48	8.00762e-17
7576.42	6.90927e-17
7578.35	6.3674e-17
7580.29	6.11081e-17
7582.23	6.52599e-17
7584.16	7.16801e-17
7586.1	7.47046e-17
7588.03	7.33602e-17
7589.97	7.25727e-17
7591.91	6.92171e-17
7593.84	6.7001e-17
7595.78	6.92942e-17
7597.72	6.34419e-17
7599.65	6.39174e-17
7601.59	6.56813e-17
7603.52	6.89261e-17
7605.46	7.077e-17
7607.4	7.7127e-17
7609.33	7.16384e-17
7611.27	6.89078e-17
7613.2	6.90446e-17
7615.14	7.02367e-17
7617.08	7.47215e-17
7619.01	8.14201e-17
7620.95	7.84858e-17
7622.88	7.45607e-17
7624.82	8.01554e-17
7626.76	8.16105e-17
7628.69	7.93114e-17
7630.63	8.6932e-17
7632.56	8.46026e-17
7634.5	7.73073e-17
7636.44	7.63161e-17
7638.37	7.59834e-17
7640.31	7.89964e-17
7642.25	8.27614e-17
7644.18	8.00729e-17
7646.12	7.65224e-17
7648.05	7.27209e-17
7649.99	7.80625e-17
7651.93	8.22772e-17
7653.86	8.4669e-17
7655.8	9.11652e-17
7657.73	8.15562e-17
7659.67	8.04667e-17
7661.61	8.30077e-17
7663.54	8.52274e-17
7665.48	8.87734e-17
7667.41	9.53829e-17
7669.35	9.68121e-17
7671.29	1.04056e-16
7673.22	1.07685e-16
7675.16	1.01208e-16
7677.09	9.5578e-17
7679.03	9.91258e-17
7680.97	1.01212e-16
7682.9	1.00495e-16
7684.84	1.09641e-16
7686.78	1.10649e-16
7688.71	1.06558e-16
7690.65	1.10449e-16
7692.58	1.14537e-16
7694.52	1.06541e-16
7696.46	1.00969e-16
7698.39	1.0452e-16
7700.33	1.09658e-16
7702.26	1.09411e-16
7704.2	1.16321e-16
7706.14	1.19845e-16
7708.07	1.25396e-16
7710.01	1.19398e-16
7711.94	1.16393e-16
7713.88	1.21364e-16
7715.82	1.24652e-16
7717.75	1.19343e-16
7719.69	1.17353e-16
7721.62	1.17458e-16
7723.56	1.20549e-16
7725.5	1.22575e-16
7727.43	1.16985e-16
7729.37	1.17976e-16
7731.31	1.16919e-16
7733.24	1.21499e-16
7735.18	1.17009e-16
7737.11	1.0734e-16
7739.05	1.05338e-16
7740.99	1.06605e-16
7742.92	1.06213e-16
7744.86	1.09954e-16
7746.79	1.11396e-16
7748.73	1.10124e-16
7750.67	1.10396e-16
7752.6	1.22587e-16
7754.54	1.15071e-16
7756.47	1.06868e-16
7758.41	1.08386e-16
7760.35	1.12323e-16
7762.28	1.1011e-16
7764.22	1.1408e-16
7766.16	1.06543e-16
7768.09	1.10904e-16
7770.03	1.12717e-16
7771.96	1.14535e-16
7773.9	1.10701e-16
7775.84	1.09167e-16
7777.77	1.09801e-16
7779.71	1.13274e-16
7781.64	1.18521e-16
7783.58	1.18254e-16
7785.52	1.16665e-16
7787.45	1.17631e-16
7789.39	1.08553e-16
7791.32	1.10163e-16
7793.26	1.10176e-16
7795.2	1.1136e-16
7797.13	1.04861e-16
7799.07	9.771e-17
7801	9.68729e-17
7802.94	1.05163e-16
7804.88	1.01985e-16
7806.81	9.59845e-17
7808.75	9.96998e-17
7810.69	9.82933e-17
7812.62	9.93597e-17
7814.56	1.04743e-16
7816.49	1.04645e-16
7818.43	1.03064e-16
7820.37	9.72695e-17
7822.3	9.79818e-17
7824.24	9.87686e-17
7826.17	9.6342e-17
7828.11	9.05649e-17
7830.05	9.30792e-17
7831.98	8.84644e-17
7833.92	9.06225e-17
7835.85	8.30652e-17
7837.79	8.43437e-17
7839.73	8.06871e-17
7841.66	8.12211e-17
7843.6	7.83667e-17
7845.53	7.54052e-17
7847.47	8.09973e-17
7849.41	8.58955e-17
7851.34	8.33978e-17
7853.28	8.26039e-17
7855.22	8.9876e-17
7857.15	8.99012e-17
7859.09	9.12405e-17
7861.02	8.89754e-17
7862.96	8.89057e-17
7864.9	9.12895e-17
7866.83	8.90946e-17
7868.77	8.39713e-17
7870.7	7.94229e-17
7872.64	8.43235e-17
7874.58	9.04645e-17
7876.51	8.63222e-17
7878.45	8.55688e-17
7880.38	8.26537e-17
7882.32	7.60959e-17
7884.26	7.3348e-17
7886.19	7.43887e-17
7888.13	7.57693e-17
7890.06	7.8809e-17
7892	7.24542e-17
7893.94	6.79804e-17
7895.87	7.01813e-17
7897.81	7.07664e-17
7899.75	7.19683e-17
7901.68	7.09553e-17
7903.62	7.10228e-17
7905.55	7.49538e-17
7907.49	7.6717e-17
7909.43	7.00028e-17
7911.36	6.69094e-17
7913.3	6.36997e-17
7915.23	6.76742e-17
7917.17	6.83551e-17
7919.11	7.03863e-17
7921.04	7.11867e-17
7922.98	6.93167e-17
7924.91	6.62123e-17
7926.85	6.60097e-17
7928.79	6.73391e-17
7930.72	6.54303e-17
7932.66	6.93194e-17
7934.6	6.0434e-17
7936.53	5.79384e-17
7938.47	5.82813e-17
7940.4	5.87332e-17
7942.34	5.95761e-17
7944.28	6.26512e-17
7946.21	5.91797e-17
7948.15	5.57328e-17
7950.08	5.46469e-17
7952.02	5.71732e-17
7953.96	6.13377e-17
7955.89	6.05673e-17
7957.83	5.38182e-17
7959.76	5.63281e-17
7961.7	5.44007e-17
7963.64	5.29625e-17
7965.57	5.92998e-17
7967.51	6.39842e-17
7969.44	6.15256e-17
7971.38	5.46052e-17
7973.32	5.29886e-17
7975.25	5.60959e-17
7977.19	5.49062e-17
7979.13	5.40538e-17
7981.06	4.83779e-17
7983	5.19082e-17
7984.93	5.42044e-17
7986.87	5.08575e-17
7988.81	5.39942e-17
7990.74	4.74292e-17
7992.68	4.68119e-17
7994.61	5.19729e-17
7996.55	4.31645e-17
7998.49	4.62594e-17
8000.42	5.46911e-17
8002.36	5.50128e-17
8004.29	5.12015e-17
8006.23	4.90446e-17
8008.17	4.37493e-17
8010.1	4.75448e-17
8012.04	5.09999e-17
8013.97	4.6879e-17
8015.91	4.52591e-17
8017.85	5.10272e-17
8019.78	4.94707e-17
8021.72	4.79605e-17
8023.66	4.69443e-17
8025.59	4.81849e-17
8027.53	4.6212e-17
8029.46	4.0863e-17
8031.4	4.06326e-17
8033.34	4.24711e-17
8035.27	4.65477e-17
8037.21	4.26107e-17
8039.14	4.14783e-17
8041.08	4.30221e-17
8043.02	4.3599e-17
8044.95	4.24385e-17
8046.89	4.37895e-17
8048.82	3.97479e-17
8050.76	4.2295e-17
8052.7	4.09511e-17
8054.63	3.72159e-17
8056.57	3.51668e-17
8058.5	3.61199e-17
8060.44	4.25016e-17
8062.38	4.29983e-17
8064.31	3.94479e-17
8066.25	3.54423e-17
8068.19	3.8991e-17
8070.12	4.13949e-17
8072.06	4.16213e-17
8073.99	3.72536e-17
8075.93	3.7539e-17
8077.87	3.56392e-17
8079.8	3.53089e-17
8081.74	3.92099e-17
8083.67	3.50911e-17
8085.61	3.78791e-17
8087.55	3.77468e-17
8089.48	3.53415e-17
8091.42	3.65189e-17
8093.35	3.43622e-17
8095.29	3.27693e-17
8097.23	3.34755e-17
8099.16	3.79181e-17
8101.1	3.528e-17
8103.03	3.01468e-17
8104.97	3.12392e-17
8106.91	3.07004e-17
8108.84	3.27234e-17
8110.78	3.18835e-17
8112.72	3.53396e-17
8114.65	3.42611e-17
8116.59	3.39265e-17
8118.52	3.17901e-17
8120.46	3.3241e-17
8122.4	3.5341e-17
8124.33	3.47097e-17
8126.27	3.47815e-17
8128.2	3.45998e-17
8130.14	3.43703e-17
8132.08	3.10523e-17
8134.01	2.84214e-17
8135.95	3.262e-17
8137.88	3.33375e-17
8139.82	3.42511e-17
8141.76	3.26142e-17
8143.69	3.34713e-17
8145.63	3.36464e-17
8147.56	3.11248e-17
8149.5	3.21328e-17
8151.44	3.47201e-17
8153.37	3.1897e-17
8155.31	3.54419e-17
8157.25	3.38871e-17
8159.18	3.23021e-17
8161.12	3.07834e-17
8163.05	3.39736e-17
8164.99	3.23165e-17
8166.93	2.85338e-17
8168.86	2.74259e-17
8170.8	2.24227e-17
8172.73	2.67304e-17
8174.67	2.99637e-17
8176.61	3.19114e-17
8178.54	3.28192e-17
8180.48	3.39233e-17
8182.41	3.06561e-17
8184.35	3.06261e-17
8186.29	2.8677e-17
8188.22	2.73053e-17
8190.16	2.89995e-17
8192.09	3.10371e-17
8194.03	3.1159e-17
8195.97	3.12896e-17
8197.9	2.99084e-17
8199.84	3.42511e-17
8201.78	3.32585e-17
8203.71	3.10231e-17
8205.65	3.24742e-17
8207.58	2.85552e-17
8209.52	3.15742e-17
8211.46	3.29802e-17
8213.39	2.94562e-17
8215.33	2.62989e-17
8217.26	2.65672e-17
8219.2	3.22533e-17
8221.14	3.03771e-17
8223.07	2.63342e-17
8225.01	2.55273e-17
8226.94	2.75288e-17
8228.88	2.72608e-17
8230.82	3.30275e-17
8232.75	3.65273e-17
8234.69	3.23302e-17
8236.62	3.46159e-17
8238.56	3.74426e-17
8240.5	2.77918e-17
8242.43	2.33065e-17
8244.37	2.21569e-17
8246.31	2.29948e-17
8248.24	2.71463e-17
8250.18	2.72984e-17
8252.11	2.39534e-17
8254.05	2.41918e-17
8255.99	2.64342e-17
8257.92	2.24617e-17
8259.86	1.98413e-17
8261.79	2.45664e-17
8263.73	2.15436e-17
8265.67	1.85781e-17
8267.6	1.90847e-17
8269.54	2.28531e-17
8271.47	2.31046e-17
8273.41	2.10376e-17
8275.35	2.12642e-17
8277.28	2.45054e-17
8279.22	2.16148e-17
8281.15	1.98456e-17
8283.09	2.64934e-17
8285.03	2.36618e-17
8286.96	1.93057e-17
8288.9	1.52114e-17
8290.84	1.56591e-17
8292.77	1.76945e-17
8294.71	2.25534e-17
8296.64	2.11445e-17
8298.58	2.17258e-17
8300.52	1.96646e-17
8302.45	2.09195e-17
8304.39	1.8921e-17
8306.32	1.55354e-17
8308.26	1.73471e-17
8310.2	1.87179e-17
8312.13	1.67449e-17
8314.07	1.56592e-17
8316	1.54446e-17
8317.94	1.72839e-17
8319.88	1.58013e-17
8321.81	1.77091e-17
8323.75	1.64151e-17
8325.69	9.80303e-18
8327.62	1.33466e-17
8329.56	1.61871e-17
8331.49	1.84265e-17
8333.43	1.6188e-17
8335.37	2.00841e-17
8337.3	2.15672e-17
8339.24	1.8895e-17
8341.17	1.484e-17
8343.11	1.36199e-17
8345.05	1.47387e-17
8346.98	1.88164e-17
8348.92	1.78773e-17
8350.85	1.69844e-17
8352.79	2.51398e-17
8354.73	2.62459e-17
8356.66	2.07306e-17
8358.6	1.89785e-17
8360.53	1.92214e-17
8362.47	2.049e-17
8364.41	2.09928e-17
8366.34	2.85271e-17
8368.28	2.99477e-17
8370.22	2.71995e-17
8372.15	2.97965e-17
8374.09	2.44129e-17
8376.02	2.07239e-17
8377.96	2.24075e-17
8379.9	2.2609e-17
8381.83	2.40863e-17
8383.77	2.84488e-17
8385.7	3.18101e-17
8387.64	2.62513e-17
8389.58	2.86109e-17
8391.51	3.17748e-17
8393.45	2.93481e-17
8395.38	3.08115e-17
8397.32	3.02645e-17
8399.26	3.28349e-17
8401.19	3.70142e-17
8403.13	4.07666e-17
8405.06	3.80902e-17
8407	3.99044e-17
8408.94	3.53105e-17
