3450.84	8.8598e-16
3452.3	8.7787e-16
3453.76	7.70312e-16
3455.22	8.18947e-16
3456.68	8.99418e-16
3458.14	8.12067e-16
3459.6	8.15833e-16
3461.06	7.96889e-16
3462.52	8.82495e-16
3463.98	8.40675e-16
3465.44	8.22804e-16
3466.9	8.70571e-16
3468.36	8.3565e-16
3469.82	7.79149e-16
3471.28	8.08988e-16
3472.74	7.88599e-16
3474.2	8.81437e-16
3475.66	9.34495e-16
3477.12	8.60964e-16
3478.58	8.42059e-16
3480.04	9.30506e-16
3481.5	8.61355e-16
3482.96	7.90096e-16
3484.42	8.04585e-16
3485.88	9.01005e-16
3487.34	8.73752e-16
3488.8	7.706e-16
3490.26	8.53656e-16
3491.72	9.15257e-16
3493.18	8.63487e-16
3494.64	8.56043e-16
3496.1	9.23927e-16
3497.56	9.02519e-16
3499.02	9.51802e-16
3500.48	8.0098e-16
3501.94	8.36249e-16
3503.4	1.00157e-15
3504.86	9.03785e-16
3506.32	8.524e-16
3507.78	9.17813e-16
3509.24	9.05547e-16
3510.7	8.64026e-16
3512.15	9.36256e-16
3513.61	8.48923e-16
3515.07	8.35704e-16
3516.53	8.56221e-16
3517.99	1.01215e-15
3519.45	9.69197e-16
3520.91	8.84307e-16
3522.37	7.82594e-16
3523.83	8.3987e-16
3525.29	7.75639e-16
3526.75	8.65022e-16
3528.21	8.92999e-16
3529.67	1.00017e-15
3531.13	8.96413e-16
3532.59	7.21416e-16
3534.05	7.55255e-16
3535.51	8.9141e-16
3536.97	1.01345e-15
3538.43	8.35513e-16
3539.89	7.83325e-16
3541.35	8.08103e-16
3542.81	9.00743e-16
3544.27	8.43034e-16
3545.73	7.46717e-16
3547.19	8.13633e-16
3548.65	8.73496e-16
3550.11	9.3435e-16
3551.57	9.15251e-16
3553.03	8.47072e-16
3554.49	9.62933e-16
3555.95	9.84964e-16
3557.41	8.74176e-16
3558.87	7.92094e-16
3560.33	7.40284e-16
3561.79	8.79794e-16
3563.25	9.36395e-16
3564.71	9.19474e-16
3566.17	7.59184e-16
3567.63	8.47158e-16
3569.09	9.44058e-16
3570.55	9.70796e-16
3572.01	9.61353e-16
3573.47	1.0365e-15
3574.93	9.44558e-16
3576.39	8.63218e-16
3577.84	8.12472e-16
3579.3	8.31052e-16
3580.76	8.20275e-16
3582.22	8.67536e-16
3583.68	8.3521e-16
3585.14	9.1567e-16
3586.6	9.01032e-16
3588.06	9.41542e-16
3589.52	8.64682e-16
3590.98	9.86935e-16
3592.44	9.98583e-16
3593.9	9.72261e-16
3595.36	8.41454e-16
3596.82	8.39148e-16
3598.28	8.20339e-16
3599.74	8.34618e-16
3601.2	9.00014e-16
3602.66	8.20795e-16
3604.12	8.12631e-16
3605.58	8.77587e-16
3607.04	9.43137e-16
3608.5	9.343e-16
3609.96	8.6391e-16
3611.42	7.90601e-16
3612.88	7.7544e-16
3614.34	8.11837e-16
3615.8	8.06244e-16
3617.26	7.76538e-16
3618.72	6.74659e-16
3620.18	6.5111e-16
3621.64	7.27919e-16
3623.1	7.49017e-16
3624.56	8.0886e-16
3626.02	7.63394e-16
3627.48	7.11392e-16
3628.94	7.65538e-16
3630.4	6.96379e-16
3631.86	6.33846e-16
3633.32	6.72169e-16
3634.78	7.24162e-16
3636.24	6.22851e-16
3637.7	7.53693e-16
3639.16	6.78101e-16
3640.62	6.98181e-16
3642.08	7.50769e-16
3643.54	6.14625e-16
3645	6.53394e-16
3646.45	7.24132e-16
3647.91	6.32582e-16
3649.37	6.53497e-16
3650.83	6.38627e-16
3652.29	6.10112e-16
3653.75	5.26528e-16
3655.21	5.60326e-16
3656.67	6.5057e-16
3658.13	6.66022e-16
3659.59	6.4514e-16
3661.05	6.61531e-16
3662.51	6.28427e-16
3663.97	6.0533e-16
3665.43	5.70547e-16
3666.89	6.18159e-16
3668.35	6.14514e-16
3669.81	5.59778e-16
3671.27	5.36402e-16
3672.73	4.92658e-16
3674.19	5.93218e-16
3675.65	5.73381e-16
3677.11	5.40187e-16
3678.57	5.2387e-16
3680.03	4.7514e-16
3681.49	5.45537e-16
3682.95	5.37073e-16
3684.41	5.16572e-16
3685.87	5.31968e-16
3687.33	5.38679e-16
3688.79	4.90356e-16
3690.25	4.83386e-16
3691.71	5.58602e-16
3693.17	5.57241e-16
3694.63	4.86815e-16
3696.09	5.31333e-16
3697.55	5.7913e-16
3699.01	5.38657e-16
3700.47	5.37446e-16
3701.93	6.27428e-16
3703.39	5.70524e-16
3704.85	6.21439e-16
3706.31	5.63178e-16
3707.77	5.3027e-16
3709.23	5.30638e-16
3710.69	5.31006e-16
3712.14	5.34075e-16
3713.6	5.37145e-16
3715.06	5.40216e-16
3716.52	5.43287e-16
3717.98	5.4636e-16
3719.44	5.49434e-16
3720.9	5.52509e-16
3722.36	5.55585e-16
3723.82	5.58662e-16
3725.28	5.61741e-16
3726.74	5.6482e-16
3728.2	5.679e-16
3729.66	5.70981e-16
3731.12	5.74063e-16
3732.58	5.77146e-16
3734.04	5.80231e-16
3735.5	5.83316e-16
3736.96	5.86403e-16
3738.42	5.8949e-16
3739.88	5.92579e-16
3741.34	5.95669e-16
3742.8	5.98759e-16
3744.26	6.01851e-16
3745.72	6.04943e-16
3747.18	6.08037e-16
3748.64	5.68128e-16
3750.1	5.61486e-16
3751.56	6.17407e-16
3753.02	5.98363e-16
3754.48	5.93162e-16
3755.94	5.38836e-16
3757.4	5.73561e-16
3758.86	5.94432e-16
3760.32	5.31253e-16
3761.78	5.78498e-16
3763.24	6.05019e-16
3764.7	6.01476e-16
3766.16	6.59635e-16
3767.62	7.17156e-16
3769.08	6.34408e-16
3770.54	6.35363e-16
3772	7.28684e-16
3773.46	6.58086e-16
3774.92	6.59027e-16
3776.38	7.17102e-16
3777.84	7.53442e-16
3779.29	7.59789e-16
3780.75	6.98211e-16
3782.21	7.38335e-16
3783.67	7.34119e-16
3785.13	7.65848e-16
3786.59	7.758e-16
3788.05	7.96946e-16
3789.51	8.27975e-16
3790.97	8.03639e-16
3792.43	7.91404e-16
3793.89	8.92984e-16
3795.35	9.48217e-16
3796.81	8.89435e-16
3798.27	9.53423e-16
3799.73	9.78125e-16
3801.19	9.88926e-16
3802.65	1.03693e-15
3804.11	9.86928e-16
3805.57	1.00639e-15
3807.03	1.08417e-15
3808.49	1.17715e-15
3809.95	1.15148e-15
3811.41	1.07372e-15
3812.87	1.14259e-15
3814.33	1.18121e-15
3815.79	1.18432e-15
3817.25	1.23173e-15
3818.71	1.22063e-15
3820.17	1.21228e-15
3821.63	1.18843e-15
3823.09	1.17627e-15
3824.55	1.19469e-15
3826.01	1.27973e-15
3827.47	1.32829e-15
3828.93	1.31257e-15
3830.39	1.28871e-15
3831.85	1.27287e-15
3833.31	1.28071e-15
3834.77	1.28998e-15
3836.23	1.46745e-15
3837.69	1.38016e-15
3839.15	1.40378e-15
3840.61	1.39016e-15
3842.07	1.41324e-15
3843.53	1.41635e-15
3844.99	1.45571e-15
3846.44	1.41281e-15
3847.9	1.49311e-15
3849.36	1.48815e-15
3850.82	1.46463e-15
3852.28	1.4739e-15
3853.74	1.51394e-15
3855.2	1.41654e-15
3856.66	1.41829e-15
3858.12	1.42327e-15
3859.58	1.34264e-15
3861.04	1.30642e-15
3862.5	1.34847e-15
3863.96	1.40548e-15
3865.42	1.32916e-15
3866.88	1.30806e-15
3868.34	1.40942e-15
3869.8	1.46889e-15
3871.26	1.39028e-15
3872.72	1.35408e-15
3874.18	1.33053e-15
3875.64	1.35075e-15
3877.1	1.31276e-15
3878.56	1.2364e-15
3880.02	1.3023e-15
3881.48	1.31682e-15
3882.94	1.36624e-15
3884.4	1.32964e-15
3885.86	1.32516e-15
3887.32	1.39191e-15
3888.78	1.36434e-15
3890.24	1.2184e-15
3891.7	1.24933e-15
3893.16	1.35877e-15
3894.62	1.40544e-15
3896.08	1.31472e-15
3897.54	1.32875e-15
3899	1.29883e-15
3900.46	1.37128e-15
3901.92	1.33538e-15
3903.38	1.27703e-15
3904.84	1.36271e-15
3906.3	1.32243e-15
3907.76	1.28414e-15
3909.22	1.31663e-15
3910.68	1.37582e-15
3912.14	1.4567e-15
3913.59	1.39486e-15
3915.05	1.39937e-15
3916.51	1.3988e-15
3917.97	1.43211e-15
3919.43	1.42212e-15
3920.89	1.3354e-15
3922.35	1.35295e-15
3923.81	1.45176e-15
3925.27	1.39581e-15
3926.73	1.23864e-15
3928.19	1.20774e-15
3929.65	1.12252e-15
3931.11	1.19628e-15
3932.57	1.30943e-15
3934.03	1.3792e-15
3935.49	1.3692e-15
3936.95	1.32742e-15
3938.41	1.39351e-15
3939.87	1.3273e-15
3941.33	1.31422e-15
3942.79	1.38361e-15
3944.25	1.3675e-15
3945.71	1.37109e-15
3947.17	1.4029e-15
3948.63	1.41048e-15
3950.09	1.38588e-15
3951.55	1.34977e-15
3953.01	1.33851e-15
3954.47	1.36266e-15
3955.93	1.37166e-15
3957.39	1.31116e-15
3958.85	1.34943e-15
3960.31	1.34038e-15
3961.77	1.28439e-15
3963.23	1.23805e-15
3964.69	1.2687e-15
3966.15	1.30672e-15
3967.61	1.26728e-15
3969.07	1.30969e-15
3970.53	1.31426e-15
3971.99	1.29237e-15
3973.45	1.30728e-15
3974.91	1.32151e-15
3976.37	1.29848e-15
3977.83	1.29493e-15
3979.28	1.29958e-15
3980.74	1.28506e-15
3982.2	1.27254e-15
3983.66	1.27586e-15
3985.12	1.29179e-15
3986.58	1.25464e-15
3988.04	1.24694e-15
3989.5	1.24021e-15
3990.96	1.17506e-15
3992.42	1.23874e-15
3993.88	1.24577e-15
3995.34	1.21801e-15
3996.8	1.20697e-15
3998.26	1.18671e-15
3999.72	1.18144e-15
4001.18	1.15913e-15
4002.64	1.14998e-15
4004.1	1.11897e-15
4005.56	1.14674e-15
4007.02	1.18178e-15
4008.48	1.11997e-15
4009.94	1.12989e-15
4011.4	1.06731e-15
4012.86	1.10196e-15
4014.32	1.11167e-15
4015.78	1.19667e-15
4017.24	1.12347e-15
4018.7	1.09465e-15
4020.16	1.08083e-15
4021.62	1.09293e-15
4023.08	1.10093e-15
4024.54	1.09498e-15
4026	1.09152e-15
4027.46	1.09236e-15
4028.92	1.02511e-15
4030.38	1.03248e-15
4031.84	1.07283e-15
4033.3	1.09925e-15
4034.76	1.06162e-15
4036.22	1.03496e-15
4037.68	1.09727e-15
4039.14	1.12351e-15
4040.6	1.00925e-15
4042.06	1.0249e-15
4043.52	1.02535e-15
4044.98	1.11029e-15
4046.43	1.08734e-15
4047.89	1.07556e-15
4049.35	1.10856e-15
4050.81	1.09237e-15
4052.27	1.08616e-15
4053.73	1.06811e-15
4055.19	1.07114e-15
4056.65	1.15492e-15
4058.11	1.12866e-15
4059.57	1.11335e-15
4061.03	1.07386e-15
4062.49	1.08647e-15
4063.95	1.05846e-15
4065.41	1.05678e-15
4066.87	1.08308e-15
4068.33	1.04003e-15
4069.79	1.15544e-15
4071.25	1.07551e-15
4072.71	1.03439e-15
4074.17	1.07113e-15
4075.63	1.01339e-15
4077.09	1.01677e-15
4078.55	1.05801e-15
4080.01	9.79369e-16
4081.47	9.96649e-16
4082.93	1.06885e-15
4084.39	1.07318e-15
4085.85	1.0208e-15
4087.31	1.00916e-15
4088.77	9.60813e-16
4090.23	9.91368e-16
4091.69	9.75572e-16
4093.15	8.93453e-16
4094.61	9.56985e-16
4096.07	1.03024e-15
4097.53	1.0284e-15
4098.99	1.01685e-15
4100.45	9.98838e-16
4101.91	9.91932e-16
4103.37	9.92906e-16
4104.83	9.61389e-16
4106.29	9.82995e-16
4107.75	9.94802e-16
4109.21	9.56141e-16
4110.67	9.69425e-16
4112.13	9.90107e-16
4113.58	9.57213e-16
4115.04	9.76945e-16
4116.5	1.03338e-15
4117.96	1.01639e-15
4119.42	9.65685e-16
4120.88	9.30688e-16
4122.34	9.55991e-16
4123.8	9.47153e-16
4125.26	9.37242e-16
4126.72	9.77484e-16
4128.18	9.66949e-16
4129.64	9.55186e-16
4131.1	9.64876e-16
4132.56	9.28187e-16
4134.02	9.83494e-16
4135.48	1.02961e-15
4136.94	9.92709e-16
4138.4	9.4245e-16
4139.86	9.42256e-16
4141.32	9.20292e-16
4142.78	9.90005e-16
4144.24	9.96414e-16
4145.7	9.32478e-16
4147.16	9.45486e-16
4148.62	9.70287e-16
4150.08	9.50299e-16
4151.54	8.93048e-16
4153	8.93321e-16
4154.46	9.29075e-16
4155.92	8.93538e-16
4157.38	9.29315e-16
4158.84	9.94841e-16
4160.3	9.93647e-16
4161.76	9.70754e-16
4163.22	9.71723e-16
4164.68	9.63465e-16
4166.14	9.72784e-16
4167.6	9.80569e-16
4169.06	9.39489e-16
4170.52	9.61472e-16
4171.98	9.57329e-16
4173.44	9.4593e-16
4174.9	9.40508e-16
4176.36	9.65425e-16
4177.82	9.80403e-16
4179.27	9.46573e-16
4180.73	9.52466e-16
4182.19	9.71807e-16
4183.65	9.90661e-16
4185.11	9.85673e-16
4186.57	9.90826e-16
4188.03	9.52998e-16
4189.49	9.71444e-16
4190.95	9.96157e-16
4192.41	9.53027e-16
4193.87	9.5681e-16
4195.33	9.7831e-16
4196.79	9.49546e-16
4198.25	9.18972e-16
4199.71	9.38422e-16
4201.17	9.58722e-16
4202.63	8.9693e-16
4204.09	8.91872e-16
4205.55	8.90527e-16
4207.01	9.37897e-16
4208.47	9.6254e-16
4209.93	8.87112e-16
4211.39	9.09325e-16
4212.85	9.50313e-16
4214.31	9.14145e-16
4215.77	9.0677e-16
4217.23	9.07165e-16
4218.69	9.10031e-16
4220.15	8.67645e-16
4221.61	9.13014e-16
4223.07	9.21551e-16
4224.53	8.733e-16
4225.99	9.13901e-16
4227.45	8.86307e-16
4228.91	8.65117e-16
4230.37	8.47309e-16
4231.83	9.12964e-16
4233.29	8.59614e-16
4234.75	8.22347e-16
4236.21	8.70919e-16
4237.67	8.64455e-16
4239.13	8.68654e-16
4240.59	8.85962e-16
4242.05	8.63021e-16
4243.51	8.80064e-16
4244.97	8.0649e-16
4246.42	8.23796e-16
4247.88	8.73892e-16
4249.34	8.83279e-16
4250.8	8.35188e-16
4252.26	8.10412e-16
4253.72	8.13855e-16
4255.18	8.50276e-16
4256.64	8.45942e-16
4258.1	8.16796e-16
4259.56	8.30643e-16
4261.02	8.50454e-16
4262.48	8.44528e-16
4263.94	8.30972e-16
4265.4	8.7633e-16
4266.86	8.90289e-16
4268.32	8.24447e-16
4269.78	8.11286e-16
4271.24	8.37844e-16
4272.7	8.7015e-16
4274.16	8.91647e-16
4275.62	8.49015e-16
4277.08	8.15307e-16
4278.54	8.30955e-16
4280	8.89875e-16
4281.46	8.64252e-16
4282.92	8.57584e-16
4284.38	8.61656e-16
4285.84	8.73083e-16
4287.3	8.85255e-16
4288.76	9.06572e-16
4290.22	9.31174e-16
4291.68	9.18125e-16
4293.14	9.50136e-16
4294.6	9.70843e-16
4296.06	9.8178e-16
4297.52	9.36215e-16
4298.98	9.06666e-16
4300.44	9.39807e-16
4301.9	9.24019e-16
4303.36	9.15849e-16
4304.82	9.16384e-16
4306.28	9.45781e-16
4307.74	9.61155e-16
4309.2	9.52181e-16
4310.66	9.483e-16
4312.11	9.55688e-16
4313.57	1.00728e-15
4315.03	9.93702e-16
4316.49	9.26972e-16
4317.95	9.51732e-16
4319.41	9.42626e-16
4320.87	9.8158e-16
4322.33	1.02929e-15
4323.79	9.49932e-16
4325.25	9.90596e-16
4326.71	1.00162e-15
4328.17	1.03525e-15
4329.63	9.64591e-16
4331.09	9.90644e-16
4332.55	1.06547e-15
4334.01	1.10462e-15
4335.47	1.13554e-15
4336.93	1.12149e-15
4338.39	1.12639e-15
4339.85	1.10574e-15
4341.31	1.0763e-15
4342.77	1.07177e-15
4344.23	1.11439e-15
4345.69	1.12361e-15
4347.15	1.13284e-15
4348.61	1.14207e-15
4350.07	1.15131e-15
4351.53	1.16055e-15
4352.99	1.1698e-15
4354.45	1.17905e-15
4355.91	1.1883e-15
4357.37	1.19756e-15
4358.83	1.20682e-15
4360.29	1.21608e-15
4361.75	1.22535e-15
4363.21	1.23463e-15
4364.67	1.24391e-15
4366.13	1.25319e-15
4367.59	1.26248e-15
4369.05	1.27177e-15
4370.51	1.28106e-15
4371.97	1.29036e-15
4373.43	1.29967e-15
4374.89	1.30897e-15
4376.35	1.31829e-15
4377.81	1.3276e-15
4379.27	1.33692e-15
4380.73	1.34625e-15
4382.18	1.35557e-15
4383.64	1.38743e-15
4385.1	1.44704e-15
4386.56	1.51316e-15
4388.02	1.52293e-15
4389.48	1.51956e-15
4390.94	1.488e-15
4392.4	1.49374e-15
4393.86	1.59074e-15
4395.32	1.57733e-15
4396.78	1.59628e-15
4398.24	1.60056e-15
4399.7	1.56362e-15
4401.16	1.61817e-15
4402.62	1.70325e-15
4404.08	1.76895e-15
4405.54	1.74987e-15
4407	1.67187e-15
4408.46	1.68545e-15
4409.92	1.68706e-15
4411.38	1.73949e-15
4412.84	1.63661e-15
4414.3	1.64941e-15
4415.76	1.66871e-15
4417.22	1.66729e-15
4418.68	1.69085e-15
4420.14	1.69666e-15
4421.6	1.68941e-15
4423.06	1.67325e-15
4424.52	1.72787e-15
4425.98	1.70817e-15
4427.44	1.68354e-15
4428.9	1.66545e-15
4430.36	1.67429e-15
4431.82	1.65442e-15
4433.28	1.59414e-15
4434.74	1.65576e-15
4436.2	1.65429e-15
4437.66	1.60675e-15
4439.12	1.6782e-15
4440.58	1.72445e-15
4442.04	1.75725e-15
4443.5	1.69272e-15
4444.96	1.70675e-15
4446.42	1.73373e-15
4447.87	1.7303e-15
4449.33	1.69405e-15
4450.79	1.74203e-15
4452.25	1.74073e-15
4453.71	1.77159e-15
4455.17	1.76535e-15
4456.63	1.66533e-15
4458.09	1.69169e-15
4459.55	1.74515e-15
4461.01	1.69837e-15
4462.47	1.68842e-15
4463.93	1.64466e-15
4465.39	1.72558e-15
4466.85	1.68974e-15
4468.31	1.6753e-15
4469.77	1.69674e-15
4471.23	1.66736e-15
4472.69	1.62996e-15
4474.15	1.68136e-15
4475.61	1.73734e-15
4477.07	1.66286e-15
4478.53	1.71841e-15
4479.99	1.72582e-15
4481.45	1.69418e-15
4482.91	1.67663e-15
4484.37	1.66787e-15
4485.83	1.62913e-15
4487.29	1.66417e-15
4488.75	1.60328e-15
4490.21	1.66405e-15
4491.67	1.62075e-15
4493.13	1.63078e-15
4494.59	1.57227e-15
4496.05	1.5905e-15
4497.51	1.53234e-15
4498.97	1.59092e-15
4500.43	1.59845e-15
4501.89	1.56186e-15
4503.35	1.58824e-15
4504.81	1.54598e-15
4506.27	1.55702e-15
4507.73	1.55995e-15
4509.19	1.50666e-15
4510.65	1.49935e-15
4512.11	1.54492e-15
4513.57	1.51821e-15
4515.02	1.45188e-15
4516.48	1.50184e-15
4517.94	1.54468e-15
4519.4	1.51525e-15
4520.86	1.49206e-15
4522.32	1.52265e-15
4523.78	1.52213e-15
4525.24	1.48286e-15
4526.7	1.47465e-15
4528.16	1.42773e-15
4529.62	1.45004e-15
4531.08	1.54371e-15
4532.54	1.5412e-15
4534	1.52362e-15
4535.46	1.50023e-15
4536.92	1.4356e-15
4538.38	1.42453e-15
4539.84	1.47969e-15
4541.3	1.44659e-15
4542.76	1.45928e-15
4544.22	1.4669e-15
4545.68	1.45676e-15
4547.14	1.4998e-15
4548.6	1.48663e-15
4550.06	1.48429e-15
4551.52	1.49986e-15
4552.98	1.4447e-15
4554.44	1.52942e-15
4555.9	1.45316e-15
4557.36	1.46721e-15
4558.82	1.44103e-15
4560.28	1.45864e-15
4561.74	1.51479e-15
4563.2	1.57259e-15
4564.66	1.51105e-15
4566.12	1.43021e-15
4567.58	1.49109e-15
4569.04	1.49588e-15
4570.5	1.45413e-15
4571.96	1.45516e-15
4573.42	1.4727e-15
4574.88	1.45552e-15
4576.34	1.43577e-15
4577.8	1.46146e-15
4579.26	1.45393e-15
4580.71	1.41204e-15
4582.17	1.44851e-15
4583.63	1.45123e-15
4585.09	1.42351e-15
4586.55	1.45121e-15
4588.01	1.47277e-15
4589.47	1.45847e-15
4590.93	1.4154e-15
4592.39	1.444e-15
4593.85	1.46632e-15
4595.31	1.39186e-15
4596.77	1.43566e-15
4598.23	1.48628e-15
4599.69	1.45443e-15
4601.15	1.43217e-15
4602.61	1.45243e-15
4604.07	1.40464e-15
4605.53	1.41003e-15
4606.99	1.43614e-15
4608.45	1.45347e-15
4609.91	1.44883e-15
4611.37	1.4546e-15
4612.83	1.47504e-15
4614.29	1.44995e-15
4615.75	1.4767e-15
4617.21	1.52605e-15
4618.67	1.50536e-15
4620.13	1.46668e-15
4621.59	1.43506e-15
4623.05	1.47383e-15
4624.51	1.48463e-15
4625.97	1.4761e-15
4627.43	1.48216e-15
4628.89	1.4776e-15
4630.35	1.48413e-15
4631.81	1.48653e-15
4633.27	1.43941e-15
4634.73	1.51676e-15
4636.19	1.50548e-15
4637.65	1.40637e-15
4639.11	1.42512e-15
4640.57	1.4461e-15
4642.03	1.43227e-15
4643.49	1.45654e-15
4644.95	1.46362e-15
4646.41	1.43745e-15
4647.86	1.40733e-15
4649.32	1.37577e-15
4650.78	1.39752e-15
4652.24	1.40347e-15
4653.7	1.38866e-15
4655.16	1.35928e-15
4656.62	1.29491e-15
4658.08	1.36612e-15
4659.54	1.2892e-15
4661	1.24485e-15
4662.46	1.25708e-15
4663.92	1.18139e-15
4665.38	1.14499e-15
4666.84	1.19134e-15
4668.3	1.22479e-15
4669.76	1.16934e-15
4671.22	1.1487e-15
4672.68	1.15262e-15
4674.14	1.18332e-15
4675.6	1.16801e-15
4677.06	1.14284e-15
4678.52	1.15149e-15
4679.98	1.13549e-15
4681.44	1.12091e-15
4682.9	1.14281e-15
4684.36	1.16769e-15
4685.82	1.16964e-15
4687.28	1.17378e-15
4688.74	1.17081e-15
4690.2	1.17219e-15
4691.66	1.13492e-15
4693.12	1.1737e-15
4694.58	1.23314e-15
4696.04	1.19806e-15
4697.5	1.19459e-15
4698.96	1.205e-15
4700.42	1.25434e-15
4701.88	1.26645e-15
4703.34	1.19616e-15
4704.8	1.19816e-15
4706.26	1.24716e-15
4707.72	1.22675e-15
4709.18	1.2011e-15
4710.64	1.2378e-15
4712.1	1.22838e-15
4713.55	1.18207e-15
4715.01	1.19563e-15
4716.47	1.23978e-15
4717.93	1.26519e-15
4719.39	1.25139e-15
4720.85	1.25725e-15
4722.31	1.28001e-15
4723.77	1.29095e-15
4725.23	1.287e-15
4726.69	1.28603e-15
4728.15	1.30967e-15
4729.61	1.32362e-15
4731.07	1.30816e-15
4732.53	1.31487e-15
4733.99	1.32507e-15
4735.45	1.31403e-15
4736.91	1.34899e-15
4738.37	1.35146e-15
4739.83	1.31764e-15
4741.29	1.39956e-15
4742.75	1.42508e-15
4744.21	1.38487e-15
4745.67	1.4074e-15
4747.13	1.36934e-15
4748.59	1.36752e-15
4750.05	1.38961e-15
4751.51	1.399e-15
4752.97	1.4511e-15
4754.43	1.42699e-15
4755.89	1.31622e-15
4757.35	1.2982e-15
4758.81	1.36324e-15
4760.27	1.35108e-15
4761.73	1.31006e-15
4763.19	1.31341e-15
4764.65	1.33518e-15
4766.11	1.34485e-15
4767.57	1.31052e-15
4769.03	1.28865e-15
4770.49	1.27645e-15
4771.95	1.29226e-15
4773.41	1.2991e-15
4774.87	1.29679e-15
4776.33	1.31735e-15
4777.79	1.32201e-15
4779.25	1.32247e-15
4780.7	1.33028e-15
4782.16	1.33011e-15
4783.62	1.29526e-15
4785.08	1.2471e-15
4786.54	1.2768e-15
4788	1.30638e-15
4789.46	1.24255e-15
4790.92	1.23733e-15
4792.38	1.23191e-15
4793.84	1.22648e-15
4795.3	1.22105e-15
4796.76	1.21561e-15
4798.22	1.21018e-15
4799.68	1.21038e-15
4801.14	1.20995e-15
4802.6	1.19071e-15
4804.06	1.18313e-15
4805.52	1.1849e-15
4806.98	1.19914e-15
4808.44	1.19177e-15
4809.9	1.14194e-15
4811.36	1.09589e-15
4812.82	1.12114e-15
4814.28	1.13675e-15
4815.74	1.07498e-15
4817.2	1.04286e-15
4818.66	1.04529e-15
4820.12	1.04124e-15
4821.58	1.07822e-15
4823.04	1.098e-15
4824.5	1.10121e-15
4825.96	1.09221e-15
4827.42	1.10544e-15
4828.88	1.11971e-15
4830.34	1.09086e-15
4831.8	1.09215e-15
4833.26	1.10228e-15
4834.72	1.08444e-15
4836.18	1.09638e-15
4837.64	1.09934e-15
4839.1	1.12984e-15
4840.56	1.12869e-15
4842.02	1.11403e-15
4843.48	1.11472e-15
4844.94	1.1154e-15
4846.4	1.11609e-15
4847.86	1.11677e-15
4849.31	1.11746e-15
4850.77	1.11814e-15
4852.23	1.11883e-15
4853.69	1.11951e-15
4855.15	1.1202e-15
4856.61	1.12088e-15
4858.07	1.12157e-15
4859.53	1.12225e-15
4860.99	1.12293e-15
4862.45	1.12361e-15
4863.91	1.1243e-15
4865.37	1.12498e-15
4866.83	1.12566e-15
4868.29	1.12634e-15
4869.75	1.12702e-15
4871.21	1.1277e-15
4872.67	1.12838e-15
4874.13	1.12906e-15
4875.59	1.12974e-15
4877.05	1.13042e-15
4878.51	1.1311e-15
4879.97	1.13178e-15
4881.43	1.18301e-15
4882.89	1.17688e-15
4884.35	1.1997e-15
4885.81	1.22893e-15
4887.27	1.22468e-15
4888.73	1.2139e-15
4890.19	1.20541e-15
4891.65	1.22231e-15
4893.11	1.23089e-15
4894.57	1.18879e-15
4896.03	1.21741e-15
4897.49	1.26667e-15
4898.95	1.22179e-15
4900.41	1.2139e-15
4901.87	1.24758e-15
4903.33	1.27475e-15
4904.79	1.24832e-15
4906.25	1.21431e-15
4907.71	1.24341e-15
4909.17	1.26649e-15
4910.63	1.27693e-15
4912.09	1.27017e-15
4913.55	1.26156e-15
4915.01	1.23137e-15
4916.46	1.28931e-15
4917.92	1.3513e-15
4919.38	1.28651e-15
4920.84	1.2894e-15
4922.3	1.32551e-15
4923.76	1.30257e-15
4925.22	1.32132e-15
4926.68	1.33647e-15
4928.14	1.2931e-15
4929.6	1.30636e-15
4931.06	1.28998e-15
4932.52	1.29937e-15
4933.98	1.33285e-15
4935.44	1.35713e-15
4936.9	1.32541e-15
4938.36	1.34501e-15
4939.82	1.34061e-15
4941.28	1.34085e-15
4942.74	1.34109e-15
4944.2	1.34133e-15
4945.66	1.34156e-15
4947.12	1.3418e-15
4948.58	1.34203e-15
4950.04	1.34227e-15
4951.5	1.3425e-15
4952.96	1.34273e-15
4954.42	1.34296e-15
4955.88	1.3432e-15
4957.34	1.34343e-15
4958.8	1.34366e-15
4960.26	1.34389e-15
4961.72	1.34412e-15
4963.18	1.34434e-15
4964.64	1.34457e-15
4966.1	1.3448e-15
4967.56	1.34502e-15
4969.02	1.34525e-15
4970.48	1.34547e-15
4971.94	1.3457e-15
4973.4	1.34592e-15
4974.86	1.34614e-15
4976.32	1.34637e-15
4977.78	1.34659e-15
4979.24	1.36106e-15
4980.7	1.36498e-15
4982.15	1.36071e-15
4983.61	1.35374e-15
4985.07	1.36786e-15
4986.53	1.4126e-15
4987.99	1.38047e-15
4989.45	1.38727e-15
4990.91	1.39406e-15
4992.37	1.40086e-15
4993.83	1.40766e-15
4995.29	1.41445e-15
4996.75	1.42125e-15
4998.21	1.42805e-15
4999.67	1.43485e-15
5001.13	1.44165e-15
5002.59	1.44845e-15
5004.05	1.45525e-15
5005.51	1.46205e-15
5006.97	1.46885e-15
5008.43	1.47566e-15
5009.89	1.48246e-15
5011.35	1.48927e-15
5012.81	1.49607e-15
5014.27	1.50287e-15
5015.73	1.50968e-15
5017.19	1.51648e-15
5018.65	1.52329e-15
5020.11	1.53009e-15
5021.57	1.5369e-15
5023.03	1.5437e-15
5024.49	1.55051e-15
5025.95	1.55732e-15
5027.41	1.61091e-15
5028.87	1.6366e-15
5030.33	1.63299e-15
5031.79	1.6423e-15
5033.25	1.67518e-15
5034.71	1.64917e-15
5036.17	1.61474e-15
5037.63	1.57995e-15
5039.09	1.62102e-15
5040.55	1.6725e-15
5042.01	1.66222e-15
5043.47	1.63339e-15
5044.93	1.63905e-15
5046.39	1.65221e-15
5047.85	1.66791e-15
5049.3	1.71064e-15
5050.76	1.74984e-15
5052.22	1.76694e-15
5053.68	1.72734e-15
5055.14	1.73414e-15
5056.6	1.76994e-15
5058.06	1.81324e-15
5059.52	1.80567e-15
5060.98	1.82283e-15
5062.44	1.84759e-15
5063.9	1.81949e-15
5065.36	1.78254e-15
5066.82	1.85526e-15
5068.28	1.86891e-15
5069.74	1.8866e-15
5071.2	1.83216e-15
5072.66	1.89499e-15
5074.12	1.89393e-15
5075.58	1.86875e-15
5077.04	1.89711e-15
5078.5	1.92134e-15
5079.96	1.94202e-15
5081.42	1.95556e-15
5082.88	1.94644e-15
5084.34	1.98119e-15
5085.8	2.03812e-15
5087.26	1.95583e-15
5088.72	1.98184e-15
5090.18	1.97282e-15
5091.64	1.93796e-15
5093.1	1.94092e-15
5094.56	1.94035e-15
5096.02	2.03187e-15
5097.48	1.98081e-15
5098.94	1.96853e-15
5100.4	1.93489e-15
5101.86	1.99899e-15
5103.32	1.9989e-15
5104.78	2.02143e-15
5106.24	1.96098e-15
5107.7	1.97083e-15
5109.16	2.02398e-15
5110.62	2.0019e-15
5112.08	2.05703e-15
5113.54	2.03581e-15
5114.99	1.97267e-15
5116.45	2.00506e-15
5117.91	2.05435e-15
5119.37	2.04659e-15
5120.83	1.98015e-15
5122.29	1.94657e-15
5123.75	1.96247e-15
5125.21	1.9935e-15
5126.67	1.96599e-15
5128.13	1.98847e-15
5129.59	1.99231e-15
5131.05	1.94827e-15
5132.51	1.8973e-15
5133.97	1.95694e-15
5135.43	1.94263e-15
5136.89	1.91959e-15
5138.35	1.9999e-15
5139.81	1.97911e-15
5141.27	1.9214e-15
5142.73	1.942e-15
5144.19	1.99342e-15
5145.65	2.0029e-15
5147.11	2.04918e-15
5148.57	2.02467e-15
5150.03	2.03934e-15
5151.49	1.99748e-15
5152.95	2.02355e-15
5154.41	2.0092e-15
5155.87	1.96233e-15
5157.33	2.02444e-15
5158.79	2.05362e-15
5160.25	2.0638e-15
5161.71	2.11504e-15
5163.17	2.04025e-15
5164.63	2.02573e-15
5166.09	2.06931e-15
5167.55	2.09155e-15
5169.01	2.02593e-15
5170.47	2.04736e-15
5171.93	2.11643e-15
5173.39	2.107e-15
5174.85	2.1015e-15
5176.31	2.12543e-15
5177.77	2.19319e-15
5179.23	2.16523e-15
5180.69	2.14456e-15
5182.14	2.14394e-15
5183.6	2.17023e-15
5185.06	2.22242e-15
5186.52	2.16337e-15
5187.98	2.11286e-15
5189.44	2.20203e-15
5190.9	2.19797e-15
5192.36	2.2196e-15
5193.82	2.25021e-15
5195.28	2.18879e-15
5196.74	2.14301e-15
5198.2	2.15574e-15
5199.66	2.1347e-15
5201.12	2.19605e-15
5202.58	2.19941e-15
5204.04	2.18895e-15
5205.5	2.19932e-15
5206.96	2.19765e-15
5208.42	2.22228e-15
5209.88	2.2556e-15
5211.34	2.24395e-15
5212.8	2.21043e-15
5214.26	2.22503e-15
5215.72	2.23359e-15
5217.18	2.24739e-15
5218.64	2.25596e-15
5220.1	2.22363e-15
5221.56	2.21096e-15
5223.02	2.23674e-15
5224.48	2.2295e-15
5225.94	2.24517e-15
5227.4	2.28631e-15
5228.86	2.27643e-15
5230.32	2.28706e-15
5231.78	2.28103e-15
5233.24	2.30593e-15
5234.7	2.26826e-15
5236.16	2.2448e-15
5237.62	2.28537e-15
5239.08	2.2792e-15
5240.54	2.16485e-15
5242	2.21925e-15
5243.46	2.24384e-15
5244.92	2.33755e-15
5246.38	2.26356e-15
5247.83	2.21419e-15
5249.29	2.24239e-15
5250.75	2.20712e-15
5252.21	2.25859e-15
5253.67	2.20624e-15
5255.13	2.16054e-15
5256.59	2.20052e-15
5258.05	2.19713e-15
5259.51	2.1231e-15
5260.97	2.14901e-15
5262.43	2.19936e-15
5263.89	2.23496e-15
5265.35	2.17558e-15
5266.81	2.12344e-15
5268.27	2.15295e-15
5269.73	2.20981e-15
5271.19	2.21199e-15
5272.65	2.18142e-15
5274.11	2.14946e-15
5275.57	2.15568e-15
5277.03	2.15752e-15
5278.49	2.15732e-15
5279.95	2.19981e-15
5281.41	2.20662e-15
5282.87	2.23609e-15
5284.33	2.19795e-15
5285.79	2.19956e-15
5287.25	2.20588e-15
5288.71	2.16566e-15
5290.17	2.24824e-15
5291.63	2.20283e-15
5293.09	2.17533e-15
5294.55	2.17029e-15
5296.01	2.1894e-15
5297.47	2.21064e-15
5298.93	2.24023e-15
5300.39	2.17999e-15
5301.85	2.17805e-15
5303.31	2.14289e-15
5304.77	2.18698e-15
5306.23	2.24329e-15
5307.69	2.25213e-15
5309.15	2.23044e-15
5310.61	2.20739e-15
5312.07	2.18522e-15
5313.53	2.15054e-15
5314.99	2.17183e-15
5316.45	2.19483e-15
5317.9	2.18336e-15
5319.36	2.21448e-15
5320.82	2.21554e-15
5322.28	2.17944e-15
5323.74	2.16516e-15
5325.2	2.18504e-15
5326.66	2.23405e-15
5328.12	2.21575e-15
5329.58	2.15616e-15
5331.04	2.14174e-15
5332.5	2.20191e-15
5333.96	2.21371e-15
5335.42	2.20942e-15
5336.88	2.224e-15
5338.34	2.19265e-15
5339.8	2.1595e-15
5341.26	2.1598e-15
5342.72	2.19299e-15
5344.18	2.16737e-15
5345.64	2.15891e-15
5347.1	2.15816e-15
5348.56	2.12596e-15
5350.02	2.16965e-15
5351.48	2.19299e-15
5352.94	2.17852e-15
5354.4	2.17624e-15
5355.86	2.15212e-15
5357.32	2.14635e-15
5358.78	2.17545e-15
5360.24	2.16894e-15
5361.7	2.13442e-15
5363.16	2.1362e-15
5364.62	2.14884e-15
5366.08	2.14866e-15
5367.54	2.10688e-15
5369	2.07661e-15
5370.46	2.08395e-15
5371.92	2.1006e-15
5373.38	2.09813e-15
5374.84	2.07258e-15
5376.3	2.0675e-15
5377.76	2.03606e-15
5379.22	2.05023e-15
5380.68	2.09781e-15
5382.14	2.09519e-15
5383.59	2.09163e-15
5385.05	2.07722e-15
5386.51	2.10652e-15
5387.97	2.1123e-15
5389.43	2.05113e-15
5390.89	2.02516e-15
5392.35	2.0333e-15
5393.81	2.00675e-15
5395.27	1.97451e-15
5396.73	1.96656e-15
5398.19	2.00016e-15
5399.65	1.98737e-15
5401.11	2.02819e-15
5402.57	1.99249e-15
5404.03	1.98914e-15
5405.49	1.95397e-15
5406.95	1.9858e-15
5408.41	1.98967e-15
5409.87	1.93578e-15
5411.33	1.93619e-15
5412.79	1.93878e-15
5414.25	1.89229e-15
5415.71	1.89136e-15
5417.17	1.88919e-15
5418.63	1.83995e-15
5420.09	1.86481e-15
5421.55	1.81433e-15
5423.01	1.77902e-15
5424.47	1.80981e-15
5425.93	1.79894e-15
5427.39	1.76178e-15
5428.85	1.70686e-15
5430.31	1.68637e-15
5431.77	1.6709e-15
5433.23	1.64071e-15
5434.69	1.6152e-15
5436.15	1.59354e-15
5437.61	1.57435e-15
5439.07	1.53972e-15
5440.53	1.53186e-15
5441.99	1.59839e-15
5443.45	1.61055e-15
5444.91	1.63728e-15
5446.37	1.58703e-15
5447.83	1.54541e-15
5449.29	1.53066e-15
5450.74	1.56333e-15
5452.2	1.5346e-15
5453.66	1.52496e-15
5455.12	1.52885e-15
5456.58	1.59054e-15
5458.04	1.5712e-15
5459.5	1.618e-15
5460.96	1.61141e-15
5462.42	1.58185e-15
5463.88	1.61215e-15
5465.34	1.57355e-15
5466.8	1.60672e-15
5468.26	1.54684e-15
5469.72	1.55539e-15
5471.18	1.53147e-15
5472.64	1.55792e-15
5474.1	1.55394e-15
5475.56	1.55804e-15
5477.02	1.55837e-15
5478.48	1.54669e-15
5479.94	1.58353e-15
5481.4	1.62391e-15
5482.86	1.5756e-15
5484.32	1.59065e-15
5485.78	1.56532e-15
5487.24	1.60026e-15
5488.7	1.54251e-15
5490.16	1.60195e-15
5491.62	1.59151e-15
5493.08	1.511e-15
5494.54	1.53858e-15
5496	1.57528e-15
5497.46	1.60268e-15
5498.92	1.58884e-15
5500.38	1.51583e-15
5501.84	1.5063e-15
5503.3	1.49548e-15
5504.76	1.53872e-15
5506.22	1.53496e-15
5507.68	1.4828e-15
5509.14	1.51029e-15
5510.6	1.49605e-15
5512.06	1.45447e-15
5513.52	1.48709e-15
5514.98	1.47991e-15
5516.43	1.46604e-15
5517.89	1.50085e-15
5519.35	1.48948e-15
5520.81	1.43744e-15
5522.27	1.43442e-15
5523.73	1.47316e-15
5525.19	1.50415e-15
5526.65	1.47653e-15
5528.11	1.45908e-15
5529.57	1.47145e-15
5531.03	1.45647e-15
5532.49	1.46115e-15
5533.95	1.45476e-15
5535.41	1.46866e-15
5536.87	1.45094e-15
5538.33	1.44021e-15
5539.79	1.45303e-15
5541.25	1.44631e-15
5542.71	1.39417e-15
5544.17	1.43281e-15
5545.63	1.46606e-15
5547.09	1.45219e-15
5548.55	1.47348e-15
5550.01	1.4234e-15
5551.47	1.42025e-15
5552.93	1.44552e-15
5554.39	1.48575e-15
5555.85	1.48358e-15
5557.31	1.45275e-15
5558.77	1.4391e-15
5560.23	1.43745e-15
5561.69	1.47842e-15
5563.15	1.48359e-15
5564.61	1.46463e-15
5566.07	1.44415e-15
5567.53	1.42747e-15
5568.99	1.46197e-15
5570.45	1.4877e-15
5571.91	1.45737e-15
5573.37	1.49236e-15
5574.83	1.47746e-15
5576.29	1.47308e-15
5577.75	1.51084e-15
5579.21	1.48392e-15
5580.67	1.50254e-15
5582.13	1.52523e-15
5583.58	1.51772e-15
5585.04	1.46601e-15
5586.5	1.43656e-15
5587.96	1.4906e-15
5589.42	1.49953e-15
5590.88	1.48696e-15
5592.34	1.49079e-15
5593.8	1.46703e-15
5595.26	1.4483e-15
5596.72	1.44968e-15
5598.18	1.46072e-15
5599.64	1.43941e-15
5601.1	1.43996e-15
5602.56	1.44023e-15
5604.02	1.43113e-15
5605.48	1.44894e-15
5606.94	1.43911e-15
5608.4	1.42652e-15
5609.86	1.43176e-15
5611.32	1.44622e-15
5612.78	1.46298e-15
5614.24	1.44933e-15
5615.7	1.43458e-15
5617.16	1.4268e-15
5618.62	1.43972e-15
5620.08	1.46429e-15
5621.54	1.44788e-15
5623	1.45849e-15
5624.46	1.45114e-15
5625.92	1.45657e-15
5627.38	1.49236e-15
5628.84	1.49801e-15
5630.3	1.49576e-15
5631.76	1.49745e-15
5633.22	1.45893e-15
5634.68	1.49715e-15
5636.14	1.52503e-15
5637.6	1.50602e-15
5639.06	1.5086e-15
5640.52	1.51912e-15
5641.98	1.52147e-15
5643.44	1.55244e-15
5644.9	1.5601e-15
5646.36	1.53232e-15
5647.82	1.5667e-15
5649.27	1.573e-15
5650.73	1.55347e-15
5652.19	1.54262e-15
5653.65	1.51114e-15
5655.11	1.56854e-15
5656.57	1.61339e-15
5658.03	1.58055e-15
5659.49	1.55593e-15
5660.95	1.54864e-15
5662.41	1.54701e-15
5663.87	1.5552e-15
5665.33	1.55731e-15
5666.79	1.5714e-15
5668.25	1.60932e-15
5669.71	1.59664e-15
5671.17	1.61987e-15
5672.63	1.65083e-15
5674.09	1.63298e-15
5675.55	1.62712e-15
5677.01	1.57349e-15
5678.47	1.60544e-15
5679.93	1.65045e-15
5681.39	1.62912e-15
5682.85	1.6447e-15
5684.31	1.66536e-15
5685.77	1.66123e-15
5687.23	1.68031e-15
5688.69	1.6871e-15
5690.15	1.66227e-15
5691.61	1.70573e-15
5693.07	1.69284e-15
5694.53	1.68387e-15
5695.99	1.7044e-15
5697.45	1.72852e-15
5698.91	1.68845e-15
5700.37	1.76665e-15
5701.83	1.72046e-15
5703.29	1.67734e-15
5704.75	1.71361e-15
5706.21	1.71129e-15
5707.67	1.74115e-15
5709.13	1.78865e-15
5710.59	1.7833e-15
5712.05	1.7783e-15
5713.51	1.76464e-15
5714.97	1.79308e-15
5716.42	1.7225e-15
5717.89	1.72285e-15
5719.34	1.7508e-15
5720.8	1.77954e-15
5722.26	1.8002e-15
5723.72	1.74195e-15
5725.18	1.74092e-15
5726.64	1.74711e-15
5728.1	1.78561e-15
5729.56	1.77885e-15
5731.02	1.76132e-15
5732.48	1.78547e-15
5733.94	1.76636e-15
5735.4	1.80231e-15
5736.86	1.82e-15
5738.32	1.74411e-15
5739.78	1.75281e-15
5741.24	1.80526e-15
5742.7	1.77004e-15
5744.16	1.81166e-15
5745.62	1.84062e-15
5747.08	1.81719e-15
5748.54	1.84403e-15
5750	1.78212e-15
5751.46	1.77889e-15
5752.92	1.84161e-15
5754.38	1.8247e-15
5755.84	1.82505e-15
5757.3	1.7873e-15
5758.76	1.76351e-15
5760.22	1.78805e-15
5761.68	1.80967e-15
5763.14	1.80692e-15
5764.6	1.74533e-15
5766.06	1.80804e-15
5767.52	1.76889e-15
5768.98	1.78395e-15
5770.44	1.78256e-15
5771.9	1.78706e-15
5773.36	1.78311e-15
5774.82	1.75187e-15
5776.28	1.7482e-15
5777.74	1.75036e-15
5779.2	1.78847e-15
5780.66	1.75439e-15
5782.11	1.77055e-15
5783.58	1.75699e-15
5785.03	1.77073e-15
5786.49	1.75932e-15
5787.95	1.75252e-15
5789.41	1.78033e-15
5790.87	1.75604e-15
5792.33	1.74076e-15
5793.79	1.74202e-15
5795.25	1.71334e-15
5796.71	1.70254e-15
5798.17	1.69647e-15
5799.63	1.70468e-15
5801.09	1.76423e-15
5802.55	1.76328e-15
5804.01	1.72255e-15
5805.47	1.70005e-15
5806.93	1.68981e-15
5808.39	1.69606e-15
5809.85	1.69503e-15
5811.31	1.71513e-15
5812.77	1.71668e-15
5814.23	1.71018e-15
5815.69	1.71415e-15
5817.15	1.69479e-15
5818.61	1.65023e-15
5820.07	1.65613e-15
5821.53	1.65677e-15
5822.99	1.60493e-15
5824.45	1.65301e-15
5825.91	1.66435e-15
5827.37	1.61993e-15
5828.83	1.6404e-15
5830.29	1.63616e-15
5831.75	1.59688e-15
5833.21	1.59677e-15
5834.67	1.60239e-15
5836.13	1.58072e-15
5837.59	1.6018e-15
5839.05	1.58447e-15
5840.51	1.57216e-15
5841.97	1.60719e-15
5843.43	1.6067e-15
5844.89	1.56468e-15
5846.35	1.52664e-15
5847.81	1.53489e-15
5849.27	1.55894e-15
5850.73	1.56505e-15
5852.18	1.52511e-15
5853.64	1.55152e-15
5855.1	1.54914e-15
5856.56	1.53285e-15
5858.02	1.56821e-15
5859.48	1.55809e-15
5860.94	1.59523e-15
5862.4	1.60269e-15
5863.86	1.57467e-15
5865.32	1.61216e-15
5866.78	1.59841e-15
5868.24	1.61939e-15
5869.7	1.58392e-15
5871.16	1.59615e-15
5872.62	1.62363e-15
5874.08	1.62033e-15
5875.54	1.57331e-15
5877	1.61002e-15
5878.46	1.58952e-15
5879.92	1.59746e-15
5881.38	1.59982e-15
5882.84	1.5436e-15
5884.3	1.49276e-15
5885.76	1.51079e-15
5887.22	1.51208e-15
5888.68	1.51751e-15
5890.14	1.56288e-15
5891.6	1.58103e-15
5893.06	1.55313e-15
5894.52	1.60528e-15
5895.98	1.61527e-15
5897.44	1.64802e-15
5898.9	1.5962e-15
5900.36	1.57831e-15
5901.82	1.56655e-15
5903.28	1.55823e-15
5904.74	1.52944e-15
5906.2	1.56899e-15
5907.66	1.54094e-15
5909.12	1.54601e-15
5910.58	1.53772e-15
5912.04	1.52786e-15
5913.5	1.51925e-15
5914.96	1.50713e-15
5916.42	1.49568e-15
5917.87	1.47311e-15
5919.33	1.46011e-15
5920.79	1.44439e-15
5922.25	1.40014e-15
5923.71	1.38646e-15
5925.17	1.39495e-15
5926.63	1.39313e-15
5928.09	1.39329e-15
5929.55	1.40196e-15
5931.01	1.35288e-15
5932.47	1.31806e-15
5933.93	1.30568e-15
5935.39	1.30545e-15
5936.85	1.2567e-15
5938.31	1.22241e-15
5939.77	1.2478e-15
5941.23	1.21997e-15
5942.69	1.19561e-15
5944.15	1.24775e-15
5945.61	1.23927e-15
5947.07	1.1849e-15
5948.53	1.21923e-15
5949.99	1.23921e-15
5951.45	1.20099e-15
5952.91	1.18488e-15
5954.37	1.19081e-15
5955.83	1.15934e-15
5957.29	1.11331e-15
5958.75	1.12468e-15
5960.21	1.11859e-15
5961.67	1.12479e-15
5963.13	1.15298e-15
5964.59	1.13145e-15
5966.05	1.10579e-15
5967.51	1.10182e-15
5968.97	1.11384e-15
5970.43	1.11128e-15
5971.89	1.07539e-15
5973.35	1.07672e-15
5974.81	1.08566e-15
5976.27	1.07631e-15
5977.73	1.07663e-15
5979.19	1.11966e-15
5980.65	1.08534e-15
5982.11	1.0312e-15
5983.57	1.01229e-15
5985.02	9.94782e-16
5986.48	1.04343e-15
5987.94	1.06377e-15
5989.4	1.05051e-15
5990.86	1.03902e-15
5992.32	1.03576e-15
5993.78	1.03337e-15
5995.24	1.02477e-15
5996.7	1.03293e-15
5998.16	1.02412e-15
5999.62	1.00939e-15
6001.08	1.02079e-15
6002.54	9.9951e-16
6004	1.00139e-15
6005.46	9.71285e-16
6006.92	9.90811e-16
6008.38	1.02972e-15
6009.84	1.01795e-15
6011.3	9.77369e-16
6012.76	9.88809e-16
6014.22	1.00971e-15
6015.68	1.00954e-15
6017.14	9.81678e-16
6018.6	1.00498e-15
6020.06	1.00426e-15
6021.52	9.64945e-16
6022.98	9.49296e-16
6024.44	9.64195e-16
6025.9	9.6842e-16
6027.36	9.38672e-16
6028.82	9.4704e-16
6030.28	9.45129e-16
6031.74	9.42199e-16
6033.2	9.25424e-16
6034.66	9.1792e-16
6036.12	9.34726e-16
6037.58	9.45292e-16
6039.04	9.40009e-16
6040.5	9.20901e-16
6041.96	9.50113e-16
6043.42	9.51025e-16
6044.88	9.46687e-16
6046.34	9.33796e-16
6047.8	9.23444e-16
6049.26	9.52788e-16
6050.71	9.34381e-16
6052.17	9.30767e-16
6053.63	9.7267e-16
6055.09	9.94068e-16
6056.55	9.5637e-16
6058.01	9.51443e-16
6059.47	9.55806e-16
6060.93	9.51135e-16
6062.39	9.85456e-16
6063.85	9.68875e-16
6065.31	9.86362e-16
6066.77	9.98443e-16
6068.23	9.52904e-16
6069.69	9.86374e-16
6071.15	9.98498e-16
6072.61	1.01814e-15
6074.07	1.01264e-15
6075.53	1.00786e-15
6076.99	9.88365e-16
6078.45	1.01258e-15
6079.91	1.03647e-15
6081.37	1.04336e-15
6082.83	1.0353e-15
6084.29	1.03835e-15
6085.75	1.05784e-15
6087.21	1.02877e-15
6088.67	1.0221e-15
6090.13	1.0597e-15
6091.59	1.08829e-15
6093.05	1.07556e-15
6094.51	1.06927e-15
6095.97	1.03585e-15
6097.43	1.04828e-15
6098.89	1.12985e-15
6100.35	1.08731e-15
6101.81	1.09468e-15
6103.27	1.07476e-15
6104.73	1.08265e-15
6106.19	1.052e-15
6107.65	1.09431e-15
6109.11	1.09087e-15
6110.57	1.09564e-15
6112.03	1.1213e-15
6113.49	1.10543e-15
6114.95	1.07791e-15
6116.41	1.08651e-15
6117.86	1.12924e-15
6119.32	1.1426e-15
6120.78	1.1155e-15
6122.24	1.14871e-15
6123.7	1.14726e-15
6125.16	1.13804e-15
6126.62	1.12511e-15
6128.08	1.14702e-15
6129.54	1.18849e-15
6131	1.19467e-15
6132.46	1.15558e-15
6133.92	1.18138e-15
6135.38	1.19211e-15
6136.84	1.19189e-15
6138.3	1.17915e-15
6139.76	1.16201e-15
6141.22	1.16663e-15
6142.68	1.1642e-15
6144.14	1.18972e-15
6145.6	1.18515e-15
6147.06	1.19845e-15
6148.52	1.22188e-15
6149.98	1.2014e-15
6151.44	1.18401e-15
6152.9	1.19214e-15
6154.36	1.18801e-15
6155.82	1.22452e-15
6157.28	1.23198e-15
6158.74	1.21994e-15
6160.2	1.23505e-15
6161.66	1.25419e-15
6163.12	1.21402e-15
6164.58	1.21126e-15
6166.04	1.21552e-15
6167.5	1.2272e-15
6168.96	1.20939e-15
6170.42	1.2125e-15
6171.88	1.22175e-15
6173.34	1.18915e-15
6174.8	1.1608e-15
6176.26	1.18135e-15
6177.72	1.20001e-15
6179.18	1.2372e-15
6180.64	1.19285e-15
6182.1	1.20659e-15
6183.55	1.23784e-15
6185.01	1.18928e-15
6186.47	1.1934e-15
6187.93	1.19013e-15
6189.39	1.22507e-15
6190.85	1.25001e-15
6192.31	1.20994e-15
6193.77	1.21016e-15
6195.23	1.19807e-15
6196.69	1.21288e-15
6198.15	1.25009e-15
6199.61	1.23253e-15
6201.07	1.21446e-15
6202.53	1.20904e-15
6203.99	1.18903e-15
6205.45	1.22813e-15
6206.91	1.25556e-15
6208.37	1.22212e-15
6209.83	1.22264e-15
6211.29	1.26042e-15
6212.75	1.25184e-15
6214.21	1.22404e-15
6215.67	1.19658e-15
6217.13	1.22721e-15
6218.59	1.25077e-15
6220.05	1.23677e-15
6221.51	1.25143e-15
6222.97	1.22574e-15
6224.43	1.24932e-15
6225.89	1.25919e-15
6227.35	1.23816e-15
6228.81	1.23643e-15
6230.27	1.24747e-15
6231.73	1.24931e-15
6233.19	1.24902e-15
6234.65	1.24657e-15
6236.11	1.2162e-15
6237.57	1.24257e-15
6239.03	1.25953e-15
6240.49	1.23057e-15
6241.95	1.24408e-15
6243.41	1.28476e-15
6244.87	1.26901e-15
6246.33	1.27974e-15
6247.79	1.28759e-15
6249.25	1.25264e-15
6250.71	1.25959e-15
6252.17	1.26347e-15
6253.62	1.24566e-15
6255.08	1.30426e-15
6256.54	1.2989e-15
6258	1.28991e-15
6259.46	1.2896e-15
6260.92	1.22203e-15
6262.38	1.25068e-15
6263.84	1.25885e-15
6265.3	1.26544e-15
6266.76	1.29545e-15
6268.22	1.30543e-15
6269.68	1.27793e-15
6271.14	1.31321e-15
6272.6	1.29742e-15
6274.06	1.30665e-15
6275.52	1.28795e-15
6276.98	1.24268e-15
6278.44	1.23927e-15
6279.9	1.27098e-15
6281.36	1.2468e-15
6282.82	1.2555e-15
6284.28	1.26597e-15
6285.74	1.26107e-15
6287.2	1.3058e-15
6288.66	1.25007e-15
6290.12	1.24673e-15
6291.58	1.27925e-15
6293.04	1.27367e-15
6294.5	1.26556e-15
6295.96	1.26749e-15
6297.42	1.28668e-15
6298.88	1.24813e-15
6300.34	1.26052e-15
6301.8	1.24195e-15
6303.26	1.24696e-15
6304.72	1.19736e-15
6306.18	1.23002e-15
6307.64	1.22339e-15
6309.1	1.23056e-15
6310.56	1.25342e-15
6312.02	1.23283e-15
6313.48	1.22936e-15
6314.94	1.18951e-15
6316.4	1.22495e-15
6317.86	1.21546e-15
6319.31	1.20907e-15
6320.77	1.21891e-15
6322.23	1.20805e-15
6323.69	1.18409e-15
6325.15	1.19995e-15
6326.61	1.20791e-15
6328.07	1.18855e-15
6329.53	1.20287e-15
6330.99	1.23022e-15
6332.45	1.20109e-15
6333.91	1.20295e-15
6335.37	1.18865e-15
6336.83	1.22608e-15
6338.29	1.2182e-15
6339.75	1.19576e-15
6341.21	1.21076e-15
6342.67	1.19848e-15
6344.13	1.19825e-15
6345.59	1.22343e-15
6347.05	1.1999e-15
6348.51	1.15651e-15
6349.97	1.17781e-15
6351.43	1.20934e-15
6352.89	1.1933e-15
6354.35	1.16758e-15
6355.81	1.18536e-15
6357.27	1.25075e-15
6358.73	1.21397e-15
6360.19	1.22775e-15
6361.65	1.20026e-15
6363.11	1.15435e-15
6364.57	1.18191e-15
6366.03	1.19218e-15
6367.49	1.2281e-15
6368.95	1.18385e-15
6370.41	1.20148e-15
6371.87	1.19786e-15
6373.33	1.20465e-15
6374.79	1.19348e-15
6376.25	1.17995e-15
6377.71	1.20656e-15
6379.17	1.15705e-15
6380.63	1.17058e-15
6382.09	1.20457e-15
6383.55	1.20805e-15
6385.01	1.16741e-15
6386.46	1.24854e-15
6387.92	1.25608e-15
6389.38	1.20314e-15
6390.84	1.22304e-15
6392.3	1.19434e-15
6393.76	1.16193e-15
6395.22	1.18719e-15
6396.68	1.18811e-15
6398.14	1.16653e-15
6399.6	1.16804e-15
6401.06	1.19192e-15
6402.52	1.23447e-15
6403.98	1.19929e-15
6405.44	1.18162e-15
6406.9	1.18672e-15
6408.36	1.23375e-15
6409.82	1.2307e-15
6411.28	1.18125e-15
6412.74	1.18629e-15
6414.2	1.19333e-15
6415.66	1.20432e-15
6417.12	1.20188e-15
6418.58	1.21421e-15
6420.04	1.21559e-15
6421.5	1.20884e-15
6422.96	1.21572e-15
6424.42	1.20687e-15
6425.88	1.21941e-15
6427.34	1.24504e-15
6428.8	1.22201e-15
6430.26	1.22675e-15
6431.72	1.24475e-15
6433.18	1.24465e-15
6434.64	1.24416e-15
6436.1	1.21705e-15
6437.56	1.20951e-15
6439.02	1.21672e-15
6440.48	1.2152e-15
6441.94	1.22472e-15
6443.4	1.2354e-15
6444.86	1.22142e-15
6446.32	1.20628e-15
6447.78	1.22373e-15
6449.24	1.25616e-15
6450.7	1.23949e-15
6452.15	1.24944e-15
6453.61	1.24682e-15
6455.07	1.22276e-15
6456.53	1.26957e-15
6457.99	1.26831e-15
6459.45	1.24024e-15
6460.91	1.22929e-15
6462.37	1.26525e-15
6463.83	1.26927e-15
6465.29	1.25636e-15
6466.75	1.2478e-15
6468.21	1.25573e-15
6469.67	1.23933e-15
6471.13	1.2598e-15
6472.59	1.26083e-15
6474.05	1.25134e-15
6475.51	1.25199e-15
6476.97	1.25867e-15
6478.43	1.23715e-15
6479.89	1.21356e-15
6481.35	1.21498e-15
6482.81	1.25805e-15
6484.27	1.26001e-15
6485.73	1.22858e-15
6487.19	1.23171e-15
6488.65	1.24353e-15
6490.11	1.26105e-15
6491.57	1.23025e-15
6493.03	1.21449e-15
6494.49	1.25259e-15
6495.95	1.23123e-15
6497.41	1.22133e-15
6498.87	1.23295e-15
6500.33	1.20669e-15
6501.79	1.22628e-15
6503.25	1.20608e-15
6504.71	1.21094e-15
6506.17	1.20757e-15
6507.63	1.18928e-15
6509.09	1.19527e-15
6510.55	1.20711e-15
6512.01	1.19242e-15
6513.47	1.21063e-15
6514.93	1.18857e-15
6516.39	1.16715e-15
6517.85	1.19206e-15
6519.3	1.16144e-15
6520.76	1.14747e-15
6522.22	1.19049e-15
6523.68	1.18773e-15
6525.14	1.1923e-15
6526.6	1.17172e-15
6528.06	1.17509e-15
6529.52	1.1865e-15
6530.98	1.18485e-15
6532.44	1.1832e-15
6533.9	1.18154e-15
6535.36	1.17989e-15
6536.82	1.17824e-15
6538.28	1.17659e-15
6539.74	1.17494e-15
6541.2	1.1733e-15
6542.66	1.17165e-15
6544.12	1.17001e-15
6545.58	1.16837e-15
6547.04	1.16672e-15
6548.5	1.16508e-15
6549.96	1.16344e-15
6551.42	1.16181e-15
6552.88	1.16017e-15
6554.34	1.15853e-15
6555.8	1.1569e-15
6557.26	1.15526e-15
6558.72	1.15363e-15
6560.18	1.152e-15
6561.64	1.15037e-15
6563.1	1.14874e-15
6564.56	1.14711e-15
6566.02	1.14549e-15
6567.48	1.14386e-15
6568.94	1.14311e-15
6570.4	1.14235e-15
6571.86	1.1416e-15
6573.32	1.14085e-15
6574.78	1.14009e-15
6576.24	1.13934e-15
6577.7	1.13859e-15
6579.16	1.13784e-15
6580.62	1.13709e-15
6582.08	1.13634e-15
6583.54	1.1356e-15
6584.99	1.13485e-15
6586.45	1.1341e-15
6587.91	1.13335e-15
6589.37	1.13261e-15
6590.83	1.13186e-15
6592.29	1.13112e-15
6593.75	1.13037e-15
6595.21	1.12963e-15
6596.67	1.12889e-15
6598.13	1.12814e-15
6599.59	1.1274e-15
6601.05	1.12666e-15
6602.51	1.12592e-15
6603.97	1.15582e-15
6605.43	1.15333e-15
6606.89	1.11828e-15
6608.35	1.09467e-15
6609.81	1.11397e-15
6611.27	1.14215e-15
6612.73	1.12905e-15
6614.19	1.10717e-15
6615.65	1.11908e-15
6617.11	1.11952e-15
6618.57	1.10767e-15
6620.03	1.11888e-15
6621.49	1.09943e-15
6622.95	1.12356e-15
6624.41	1.12366e-15
6625.87	1.12943e-15
6627.33	1.12302e-15
6628.79	1.08955e-15
6630.25	1.08881e-15
6631.71	1.08109e-15
6633.17	1.08244e-15
6634.63	1.07257e-15
6636.09	1.09545e-15
6637.55	1.10829e-15
6639.01	1.08099e-15
6640.47	1.09969e-15
6641.93	1.08507e-15
6643.39	1.06486e-15
6644.85	1.07494e-15
6646.31	1.0773e-15
6647.77	1.07646e-15
6649.23	1.07461e-15
6650.69	1.1066e-15
6652.14	1.10322e-15
6653.6	1.07363e-15
6655.06	1.07787e-15
6656.52	1.07774e-15
6657.98	1.06829e-15
6659.44	1.0459e-15
6660.9	1.04982e-15
6662.36	1.0744e-15
6663.82	1.04965e-15
6665.28	1.04994e-15
6666.74	1.08231e-15
6668.2	1.0586e-15
6669.66	1.03914e-15
6671.12	1.03649e-15
6672.58	1.02611e-15
6674.04	1.04624e-15
6675.5	1.04146e-15
6676.96	1.02977e-15
6678.42	1.05289e-15
6679.88	1.04359e-15
6681.34	1.02944e-15
6682.8	1.00869e-15
6684.26	1.00918e-15
6685.72	1.01128e-15
6687.18	1.02418e-15
6688.64	1.00809e-15
6690.1	9.98936e-16
6691.56	9.80404e-16
6693.02	9.64623e-16
6694.48	9.74676e-16
6695.94	9.64668e-16
6697.4	9.74966e-16
6698.86	9.72956e-16
6700.32	9.70948e-16
6701.78	9.68942e-16
6703.24	9.66937e-16
6704.7	9.64933e-16
6706.16	9.6293e-16
6707.62	9.60929e-16
6709.08	9.58929e-16
6710.54	9.56931e-16
6712	9.54933e-16
6713.46	9.54061e-16
6714.92	9.5319e-16
6716.38	9.52319e-16
6717.84	9.51449e-16
6719.3	9.50579e-16
6720.75	9.49711e-16
6722.21	9.48842e-16
6723.67	9.47974e-16
6725.13	9.47107e-16
6726.59	9.4624e-16
6728.05	9.45375e-16
6729.51	9.44509e-16
6730.97	9.43645e-16
6732.43	9.4278e-16
6733.89	9.41917e-16
6735.35	9.41053e-16
6736.81	9.40191e-16
6738.27	9.39329e-16
6739.73	9.38467e-16
6741.19	9.37607e-16
6742.65	9.36746e-16
6744.11	9.35887e-16
6745.57	9.35028e-16
6747.03	9.3417e-16
6748.49	9.33311e-16
6749.95	9.32454e-16
6751.41	9.56186e-16
6752.87	9.65266e-16
6754.33	9.53029e-16
6755.79	9.74005e-16
6757.25	9.78239e-16
6758.71	9.76055e-16
6760.17	9.5431e-16
6761.63	9.46741e-16
6763.09	9.74695e-16
6764.55	9.46636e-16
6766.01	9.40901e-16
6767.47	9.83239e-16
6768.93	9.26357e-16
6770.39	8.96822e-16
6771.85	9.48401e-16
6773.31	9.73482e-16
6774.77	9.76066e-16
6776.23	9.72734e-16
6777.69	9.53587e-16
6779.15	9.39616e-16
6780.61	9.56978e-16
6782.07	9.80302e-16
6783.53	1.00486e-15
6784.99	9.63052e-16
6786.45	9.76127e-16
6787.9	9.52901e-16
6789.36	9.43387e-16
6790.82	9.81002e-16
6792.28	9.81269e-16
6793.74	9.7301e-16
6795.2	9.4923e-16
6796.66	9.97137e-16
6798.12	1.02051e-15
6799.58	9.46638e-16
6801.04	9.8006e-16
6802.5	9.55681e-16
6803.96	9.61488e-16
6805.42	9.6725e-16
6806.88	9.55507e-16
6808.34	9.80755e-16
6809.8	9.9844e-16
6811.26	9.86378e-16
6812.72	1.00172e-15
6814.18	9.68091e-16
6815.64	1.01039e-15
6817.1	1.01445e-15
6818.56	9.96429e-16
6820.02	9.75357e-16
6821.48	9.74931e-16
6822.94	9.90306e-16
6824.4	1.01542e-15
6825.86	1.00045e-15
6827.32	9.82857e-16
6828.78	9.80968e-16
6830.24	1.01228e-15
6831.7	9.96186e-16
6833.16	9.94972e-16
6834.62	9.84957e-16
6836.08	9.53493e-16
6837.54	9.69164e-16
6839	9.78651e-16
6840.46	9.71312e-16
6841.92	9.64585e-16
6843.38	9.61177e-16
6844.84	9.61936e-16
6846.3	9.39816e-16
6847.76	9.62592e-16
6849.22	9.79068e-16
6850.68	9.66217e-16
6852.14	9.78606e-16
6853.59	9.906e-16
6855.05	9.68394e-16
6856.51	9.91031e-16
6857.97	1.03142e-15
6859.43	1.01049e-15
6860.89	9.78561e-16
6862.35	9.95472e-16
6863.81	9.83559e-16
6865.27	9.97341e-16
6866.73	1.0289e-15
6868.19	1.0053e-15
6869.65	9.91837e-16
6871.11	9.66734e-16
6872.57	9.60831e-16
6874.03	1.0151e-15
6875.49	1.02474e-15
6876.95	9.95316e-16
6878.41	1.0122e-15
6879.87	1.01749e-15
6881.33	1.02952e-15
6882.79	1.02832e-15
6884.25	9.98337e-16
6885.71	1.02395e-15
6887.17	1.05138e-15
6888.63	1.03954e-15
6890.09	1.03387e-15
6891.55	1.02931e-15
6893.01	9.93573e-16
6894.47	1.00611e-15
6895.93	1.05172e-15
6897.39	1.06967e-15
6898.85	1.05343e-15
6900.31	1.03936e-15
6901.77	1.04348e-15
6903.23	1.04598e-15
6904.69	1.04745e-15
6906.15	1.0278e-15
6907.61	1.03251e-15
6909.07	1.04005e-15
6910.53	1.02834e-15
6911.99	1.0387e-15
6913.45	1.02275e-15
6914.91	1.00933e-15
6916.37	1.01322e-15
6917.83	1.01605e-15
6919.29	9.77401e-16
6920.74	9.89848e-16
6922.2	1.06159e-15
6923.66	1.03268e-15
6925.12	9.98881e-16
6926.58	1.01271e-15
6928.04	9.87516e-16
6929.5	9.90359e-16
6930.96	9.88635e-16
6932.42	9.80419e-16
6933.88	9.82506e-16
6935.34	1.00836e-15
6936.8	9.9512e-16
6938.26	1.01926e-15
6939.72	9.8668e-16
6941.18	9.7536e-16
6942.64	1.00319e-15
6944.1	1.02488e-15
6945.56	1.00547e-15
6947.02	9.92092e-16
6948.48	9.7389e-16
6949.94	9.6522e-16
6951.4	9.81269e-16
6952.86	9.78937e-16
6954.32	9.79457e-16
6955.78	9.71651e-16
6957.24	9.77209e-16
6958.7	9.75752e-16
6960.16	9.74297e-16
6961.62	9.72842e-16
6963.08	9.71389e-16
6964.54	9.69936e-16
6966	9.68484e-16
6967.46	9.67032e-16
6968.92	9.66752e-16
6970.38	9.69589e-16
6971.84	9.69381e-16
6973.3	9.72428e-16
6974.76	9.59395e-16
6976.22	9.38054e-16
6977.68	9.75735e-16
6979.14	9.87946e-16
6980.6	9.62908e-16
6982.06	9.57306e-16
6983.52	9.3915e-16
6984.98	9.63203e-16
6986.43	9.4837e-16
6987.89	9.5744e-16
6989.35	9.50151e-16
6990.81	9.72427e-16
6992.27	9.68459e-16
6993.73	9.5548e-16
6995.19	9.5016e-16
6996.65	9.87117e-16
6998.11	9.48052e-16
6999.57	9.23312e-16
7001.03	9.31711e-16
7002.49	9.19418e-16
7003.95	9.23887e-16
7005.41	9.28964e-16
7006.87	9.38004e-16
7008.33	9.54164e-16
7009.79	9.34841e-16
7011.25	9.18079e-16
7012.71	9.04302e-16
7014.17	9.41332e-16
7015.63	9.4773e-16
7017.09	9.59802e-16
7018.55	9.26686e-16
7020.01	9.39074e-16
7021.47	9.20184e-16
7022.93	9.31031e-16
7024.39	9.24031e-16
7025.85	9.46976e-16
7027.31	9.40924e-16
7028.77	9.4199e-16
7030.23	9.46549e-16
7031.69	9.3013e-16
7033.15	9.27462e-16
7034.61	9.37973e-16
7036.07	9.19158e-16
7037.53	9.23023e-16
7038.99	9.40526e-16
7040.45	9.29577e-16
7041.91	9.2943e-16
7043.37	9.17816e-16
7044.83	9.0314e-16
7046.29	9.29e-16
7047.75	9.20584e-16
7049.21	9.37404e-16
7050.67	9.13009e-16
7052.13	9.43691e-16
7053.58	9.82614e-16
7055.04	9.19281e-16
7056.5	9.01185e-16
7057.96	9.24701e-16
7059.42	9.232e-16
7060.88	9.1574e-16
7062.34	9.19697e-16
7063.8	9.58459e-16
7065.26	9.52039e-16
7066.72	9.30009e-16
7068.18	9.06863e-16
7069.64	9.17102e-16
7071.1	9.45061e-16
7072.56	9.33946e-16
7074.02	9.14494e-16
7075.48	9.03199e-16
7076.94	9.20192e-16
7078.4	9.21863e-16
7079.86	8.94831e-16
7081.32	9.15588e-16
7082.78	9.23182e-16
7084.24	9.43829e-16
7085.7	9.41837e-16
7087.16	9.01592e-16
7088.62	9.21827e-16
7090.08	9.19785e-16
7091.54	9.35558e-16
7093	9.64566e-16
7094.46	9.50325e-16
7095.92	9.43571e-16
7097.38	9.54758e-16
7098.84	9.36035e-16
7100.3	9.34565e-16
7101.76	9.28542e-16
7103.22	9.17922e-16
7104.68	9.278e-16
7106.14	9.14058e-16
7107.6	9.27961e-16
7109.06	9.37344e-16
7110.52	9.37316e-16
7111.98	9.42576e-16
7113.44	9.57757e-16
7114.9	9.56679e-16
7116.36	9.54432e-16
7117.82	9.5289e-16
7119.27	9.44958e-16
7120.73	9.45202e-16
7122.19	9.56727e-16
7123.65	9.56183e-16
7125.11	9.54925e-16
7126.57	9.54274e-16
7128.03	9.60134e-16
7129.49	9.56922e-16
7130.95	9.67229e-16
7132.41	9.67918e-16
7133.87	9.55275e-16
7135.33	9.4613e-16
7136.79	9.32264e-16
7138.25	9.32909e-16
7139.71	9.10582e-16
7141.17	9.2231e-16
7142.63	9.40214e-16
7144.09	9.44016e-16
7145.55	9.46216e-16
7147.01	9.45719e-16
7148.47	9.67046e-16
7149.93	9.43444e-16
7151.39	9.54208e-16
7152.85	9.6418e-16
7154.31	9.41359e-16
7155.77	9.2148e-16
7157.23	8.93836e-16
7158.69	9.32292e-16
7160.15	9.3385e-16
7161.61	9.33755e-16
7163.07	9.58075e-16
7164.53	9.42967e-16
7165.99	9.23504e-16
7167.45	8.9603e-16
7168.91	9.02444e-16
7170.37	9.01485e-16
7171.83	8.86044e-16
7173.29	8.82727e-16
7174.75	8.95212e-16
7176.21	8.81879e-16
7177.67	8.95109e-16
7179.13	9.23361e-16
7180.59	9.00759e-16
7182.05	8.88071e-16
7183.51	8.87053e-16
7184.97	8.86482e-16
7186.43	9.0954e-16
7187.89	9.10235e-16
7189.34	8.84827e-16
7190.8	8.87015e-16
7192.26	8.84666e-16
7193.72	8.71069e-16
7195.18	8.91679e-16
7196.64	8.82006e-16
7198.1	8.86075e-16
7199.56	8.77952e-16
7201.02	8.86575e-16
7202.48	9.0327e-16
7203.94	8.71301e-16
7205.4	8.58121e-16
7206.86	8.81599e-16
7208.32	8.74224e-16
7209.78	8.74379e-16
7211.24	8.64502e-16
7212.7	8.58951e-16
7214.16	8.54448e-16
7215.62	8.45738e-16
7217.08	8.41294e-16
7218.54	8.48113e-16
7220	8.6296e-16
7221.46	8.5674e-16
7222.92	8.60412e-16
7224.38	8.61172e-16
7225.84	8.39269e-16
7227.3	8.22965e-16
7228.76	8.46397e-16
7230.22	8.43906e-16
7231.68	8.25341e-16
7233.14	8.08873e-16
7234.6	7.97523e-16
7236.06	8.0456e-16
7237.52	8.42603e-16
7238.98	8.29199e-16
7240.44	8.19467e-16
7241.9	8.02606e-16
7243.36	8.06549e-16
7244.82	7.76847e-16
7246.28	7.82418e-16
7247.74	7.94029e-16
7249.2	7.87738e-16
7250.66	8.15053e-16
7252.12	7.7381e-16
7253.58	7.71186e-16
7255.03	7.58378e-16
7256.49	7.53227e-16
7257.95	7.61739e-16
7259.41	7.64267e-16
7260.87	7.71398e-16
7262.33	7.69779e-16
7263.79	7.7575e-16
7265.25	7.60962e-16
7266.71	7.56942e-16
7268.17	7.37602e-16
7269.63	7.38331e-16
7271.09	7.64553e-16
7272.55	7.47269e-16
7274.01	7.36966e-16
7275.47	7.40107e-16
7276.93	7.24173e-16
7278.39	7.33234e-16
7279.85	7.36766e-16
7281.31	7.39098e-16
7282.77	7.15323e-16
7284.23	7.28288e-16
7285.69	7.04826e-16
7287.15	6.96488e-16
7288.61	7.16567e-16
7290.07	7.05036e-16
7291.53	6.96172e-16
7292.99	7.1506e-16
7294.45	7.12455e-16
7295.91	7.14729e-16
7297.37	6.74267e-16
7298.83	6.9103e-16
7300.29	7.09377e-16
7301.75	7.09297e-16
7303.21	6.79715e-16
7304.67	6.98075e-16
7306.13	7.07446e-16
7307.59	7.05117e-16
7309.05	7.00175e-16
7310.51	6.56997e-16
7311.97	6.75268e-16
7313.43	6.87225e-16
7314.89	6.71468e-16
7316.35	6.68504e-16
7317.81	6.66977e-16
7319.27	6.50189e-16
7320.73	6.64157e-16
7322.18	6.77156e-16
7323.64	6.78875e-16
7325.1	6.45776e-16
7326.56	6.53531e-16
7328.02	6.66973e-16
7329.48	6.42207e-16
7330.94	6.52552e-16
7332.4	6.65715e-16
7333.86	6.52725e-16
7335.32	6.70942e-16
7336.78	6.37494e-16
7338.24	6.40136e-16
7339.7	6.57375e-16
7341.16	6.55287e-16
7342.62	6.64397e-16
7344.08	6.74251e-16
7345.54	6.62868e-16
7347	6.70169e-16
7348.46	6.67362e-16
7349.92	6.60534e-16
7351.38	6.37301e-16
7352.84	6.39134e-16
7354.3	6.19826e-16
7355.76	5.97377e-16
7357.22	6.19002e-16
7358.68	6.3413e-16
7360.14	6.33053e-16
7361.6	6.15732e-16
7363.06	6.0989e-16
7364.52	6.39043e-16
