3454.82	3.92445e-16
3456.28	1.0261e-16
3457.74	1.20889e-16
3459.2	1.39173e-16
3460.66	1.57463e-16
3462.12	1.75758e-16
3463.58	1.94058e-16
3465.03	2.12363e-16
3466.49	2.12393e-16
3467.95	3.44299e-16
3469.41	1.67166e-16
3470.87	4.52107e-17
3472.33	8.74594e-18
3473.79	1.80998e-16
3475.25	1.30665e-16
3476.71	2.6825e-16
3478.17	-8.74217e-17
3479.63	1.44499e-16
3481.09	4.41362e-16
3482.55	4.35089e-16
3484.01	1.93418e-16
3485.47	2.11723e-16
3486.93	1.12526e-16
3488.39	2.6252e-17
3489.85	1.93406e-16
3491.31	3.06426e-16
3492.77	2.49036e-16
3494.23	3.12583e-16
3495.69	4.42269e-16
3497.15	2.04778e-16
3498.61	3.30587e-16
3500.07	4.78487e-16
3501.53	2.88966e-16
3502.99	5.59882e-16
3504.45	5.45399e-16
3505.91	6.04366e-16
3507.37	8.42983e-16
3508.83	3.38494e-16
3510.29	-7.46655e-18
3511.75	7.20969e-16
3513.21	6.71171e-16
3514.67	2.86669e-16
3516.13	6.76289e-16
3517.59	5.35631e-16
3519.05	6.80899e-16
3520.51	9.52621e-16
3521.97	4.28502e-16
3523.43	9.30071e-16
3524.89	5.14249e-16
3526.35	9.40952e-16
3527.81	1.09521e-15
3529.27	6.9348e-16
3530.72	5.1291e-16
3532.18	8.43225e-16
3533.64	4.20051e-16
3535.1	3.20708e-16
3536.56	7.05271e-16
3538.02	1.11019e-15
3539.48	4.79558e-16
3540.94	9.9187e-16
3542.4	7.50763e-16
3543.86	3.65721e-16
3545.32	4.79475e-16
3546.78	7.94324e-16
3548.24	6.02719e-16
3549.7	7.25856e-16
3551.16	6.93285e-16
3552.62	6.60704e-16
3554.08	6.28114e-16
3555.54	5.95516e-16
3557	5.62907e-16
3558.46	5.3029e-16
3559.92	4.97663e-16
3561.38	4.65027e-16
3562.84	4.65093e-16
3564.3	6.97214e-16
3565.76	7.4994e-16
3567.22	5.11298e-16
3568.68	5.88882e-16
3570.14	5.47798e-16
3571.6	4.61804e-16
3573.06	7.54905e-16
3574.52	6.20642e-16
3575.98	5.51079e-16
3577.44	7.07104e-16
3578.9	6.07751e-16
3580.36	3.13306e-16
3581.82	6.07516e-16
3583.28	4.79549e-16
3584.74	3.95817e-16
3586.2	5.75091e-16
3587.66	5.17168e-16
3589.12	4.74527e-16
3590.58	3.62939e-16
3592.04	6.37346e-16
3593.5	1.272e-15
3594.96	8.04329e-16
3596.42	4.62917e-17
3597.87	1.61155e-16
3599.33	2.2883e-16
3600.79	3.58152e-16
3602.25	7.10838e-16
3603.71	6.5196e-16
3605.17	5.96025e-16
3606.63	6.92538e-16
3608.09	2.13575e-16
3609.55	3.25587e-16
3611.01	5.95684e-16
3612.47	6.08282e-16
3613.93	5.61098e-16
3615.39	-3.87766e-19
3616.85	5.00185e-16
3618.31	5.99898e-16
3619.77	4.54318e-16
3621.23	6.02658e-16
3622.69	4.78324e-16
3624.15	8.53975e-16
3625.61	9.91481e-16
3627.07	8.86701e-16
3628.53	5.87676e-16
3629.99	2.84302e-16
3631.45	1.4432e-16
3632.91	3.75324e-16
3634.37	6.43204e-16
3635.83	1.89484e-16
3637.29	2.92725e-16
3638.75	6.88921e-16
3640.21	3.87406e-16
3641.67	2.87032e-16
3643.13	3.53968e-16
3644.59	4.82641e-16
3646.05	3.69259e-16
3647.51	5.8082e-16
3648.97	4.78669e-16
3650.43	4.51986e-16
3651.89	1.2726e-16
3653.35	2.646e-16
3654.81	6.55839e-16
3656.27	5.3202e-16
3657.73	7.48274e-16
3659.19	4.64201e-16
3660.65	1.79813e-16
3662.11	2.26459e-16
3663.57	5.02085e-16
3665.02	3.1532e-16
3666.48	2.03606e-16
3667.94	4.67761e-16
3669.4	7.7277e-16
3670.86	3.64229e-16
3672.32	1.46425e-16
3673.78	2.75325e-16
3675.24	4.34498e-16
3676.7	3.41401e-16
3678.16	2.99471e-16
3679.62	1.9641e-16
3681.08	3.2333e-16
3682.54	5.74868e-16
3684	4.53761e-16
3685.46	3.60433e-16
3686.92	4.40509e-16
3688.38	3.07037e-16
3689.84	4.8801e-16
3691.3	5.14506e-16
3692.76	2.83196e-16
3694.22	5.82343e-16
3695.68	5.40461e-16
3697.14	6.88544e-16
3698.6	5.80742e-16
3700.06	6.15776e-16
3701.52	4.23858e-16
3702.98	2.97429e-16
3704.44	4.6305e-16
3705.9	5.56304e-16
3707.36	3.72705e-16
3708.82	3.72e-16
3710.28	3.71295e-16
3711.74	3.73576e-16
3713.2	3.75857e-16
3714.66	3.78138e-16
3716.12	3.8042e-16
3717.58	3.82704e-16
3719.04	3.84987e-16
3720.5	3.87272e-16
3721.96	3.89557e-16
3723.42	3.91843e-16
3724.88	3.9413e-16
3726.34	3.96417e-16
3727.8	3.98705e-16
3729.26	4.00994e-16
3730.72	4.03284e-16
3732.17	4.05574e-16
3733.63	4.07865e-16
3735.09	4.10157e-16
3736.55	4.12449e-16
3738.01	4.14742e-16
3739.47	4.17036e-16
3740.93	4.19331e-16
3742.39	4.21627e-16
3743.85	4.23923e-16
3745.31	4.26219e-16
3746.77	4.28517e-16
3748.23	4.30815e-16
3749.69	5.927e-16
3751.15	8.11552e-16
3752.61	6.67308e-16
3754.07	4.97807e-16
3755.53	5.77753e-16
3756.99	5.66154e-16
3758.45	6.38996e-16
3759.91	3.6375e-16
3761.37	4.55425e-16
3762.83	2.96579e-16
3764.29	6.3198e-16
3765.75	7.94642e-16
3767.21	7.55946e-16
3768.67	5.56833e-16
3770.13	4.744e-16
3771.59	4.77781e-16
3773.05	5.44403e-16
3774.51	6.00233e-16
3775.97	6.00499e-16
3777.43	6.7176e-16
3778.89	5.36553e-16
3780.35	7.80751e-16
3781.81	7.79178e-16
3783.27	7.25276e-16
3784.73	8.49508e-16
3786.19	7.04819e-16
3787.65	6.10042e-16
3789.11	7.89188e-16
3790.57	8.18084e-16
3792.03	8.33926e-16
3793.49	5.99026e-16
3794.95	6.14605e-16
3796.41	8.4738e-16
3797.86	9.9308e-16
3799.32	6.44418e-16
3800.78	7.10951e-16
3802.24	7.95214e-16
3803.7	5.51289e-16
3805.16	8.53847e-16
3806.62	8.84896e-16
3808.08	7.76924e-16
3809.54	8.88179e-16
3811	7.54535e-16
3812.46	7.56511e-16
3813.92	9.61958e-16
3815.38	8.88197e-16
3816.84	8.04241e-16
3818.3	9.87188e-16
3819.76	7.55033e-16
3821.22	7.5804e-16
3822.68	8.37094e-16
3824.14	7.61396e-16
3825.6	7.6971e-16
3827.06	7.869e-16
3828.52	7.86003e-16
3829.98	7.86189e-16
3831.44	1.00987e-15
3832.9	9.16217e-16
3834.36	8.61626e-16
3835.82	8.55539e-16
3837.28	9.64729e-16
3838.74	7.41093e-16
3840.2	8.24061e-16
3841.66	1.01137e-15
3843.12	9.26335e-16
3844.58	8.96388e-16
3846.04	7.77055e-16
3847.5	8.74001e-16
3848.96	1.04531e-15
3850.42	8.34856e-16
3851.88	8.56622e-16
3853.34	6.86862e-16
3854.8	7.4888e-16
3856.26	7.88992e-16
3857.72	7.70643e-16
3859.18	8.46099e-16
3860.64	6.45952e-16
3862.1	7.82237e-16
3863.56	6.14081e-16
3865.01	6.03573e-16
3866.47	8.94939e-16
3867.93	7.2051e-16
3869.39	7.30398e-16
3870.85	6.84819e-16
3872.31	6.90358e-16
3873.77	7.28363e-16
3875.23	7.60017e-16
3876.69	6.28565e-16
3878.15	6.10857e-16
3879.61	8.13773e-16
3881.07	6.53172e-16
3882.53	6.77109e-16
3883.99	9.4378e-16
3885.45	8.14654e-16
3886.91	5.67658e-16
3888.37	6.6069e-16
3889.83	7.78688e-16
3891.29	7.39679e-16
3892.75	5.06129e-16
3894.21	6.03119e-16
3895.67	6.06471e-16
3897.13	5.14063e-16
3898.59	5.65537e-16
3900.05	7.94401e-16
3901.51	7.45218e-16
3902.97	7.39961e-16
3904.43	7.90857e-16
3905.89	7.11975e-16
3907.35	7.10158e-16
3908.81	7.73741e-16
3910.27	7.43464e-16
3911.73	5.50583e-16
3913.19	6.26748e-16
3914.65	7.69188e-16
3916.11	7.35978e-16
3917.57	7.88137e-16
3919.03	6.29957e-16
3920.49	5.4776e-16
3921.95	7.35775e-16
3923.41	7.86392e-16
3924.87	5.39364e-16
3926.33	5.16789e-16
3927.79	5.59352e-16
3929.25	6.29041e-16
3930.71	7.61962e-16
3932.16	7.18885e-16
3933.62	8.20378e-16
3935.08	7.56808e-16
3936.54	7.62593e-16
3938	7.81005e-16
3939.46	5.11803e-16
3940.92	7.33446e-16
3942.38	8.02503e-16
3943.84	6.56781e-16
3945.3	4.92825e-16
3946.76	6.80697e-16
3948.22	6.4749e-16
3949.68	6.29652e-16
3951.14	7.52845e-16
3952.6	9.08978e-16
3954.06	9.22598e-16
3955.52	7.66559e-16
3956.98	8.84921e-16
3958.44	7.35882e-16
3959.9	5.77628e-16
3961.36	6.22253e-16
3962.82	7.22172e-16
3964.28	8.92425e-16
3965.74	8.03147e-16
3967.2	6.46337e-16
3968.66	6.94679e-16
3970.12	6.82011e-16
3971.58	7.46701e-16
3973.04	7.91696e-16
3974.5	6.45572e-16
3975.96	6.80518e-16
3977.42	8.20972e-16
3978.88	6.6165e-16
3980.34	7.03493e-16
3981.8	7.07147e-16
3983.26	8.30023e-16
3984.72	8.29326e-16
3986.18	5.17651e-16
3987.64	6.88063e-16
3989.1	6.91045e-16
3990.56	5.33084e-16
3992.02	7.28513e-16
3993.48	7.60468e-16
3994.94	6.83738e-16
3996.4	6.22682e-16
3997.86	7.51231e-16
3999.31	7.89242e-16
4000.77	5.93353e-16
4002.23	6.00387e-16
4003.69	7.41015e-16
4005.15	6.7779e-16
4006.61	6.78079e-16
4008.07	7.28163e-16
4009.53	7.23252e-16
4010.99	7.12294e-16
4012.45	6.75527e-16
4013.91	9.2737e-16
4015.37	1.0254e-15
4016.83	7.34805e-16
4018.29	4.52431e-16
4019.75	7.28163e-16
4021.21	8.39139e-16
4022.67	7.42732e-16
4024.13	6.71536e-16
4025.59	6.81693e-16
4027.05	8.12334e-16
4028.51	6.28658e-16
4029.97	5.62605e-16
4031.43	5.9961e-16
4032.89	7.60356e-16
4034.35	7.80182e-16
4035.81	6.80328e-16
4037.27	7.29842e-16
4038.73	8.48406e-16
4040.19	7.06156e-16
4041.65	6.05672e-16
4043.11	6.63905e-16
4044.57	7.12442e-16
4046.03	5.81405e-16
4047.49	6.99256e-16
4048.95	6.85544e-16
4050.41	6.74898e-16
4051.87	7.45322e-16
4053.33	8.46132e-16
4054.79	6.83591e-16
4056.25	6.22072e-16
4057.71	7.12694e-16
4059.17	5.97313e-16
4060.63	5.95862e-16
4062.09	6.04525e-16
4063.55	3.74951e-16
4065	5.66599e-16
4066.46	4.93149e-16
4067.92	5.76776e-16
4069.38	6.80744e-16
4070.84	5.88718e-16
4072.3	6.87509e-16
4073.76	7.20793e-16
4075.22	7.9899e-16
4076.68	6.24e-16
4078.14	5.11695e-16
4079.6	6.88553e-16
4081.06	5.83377e-16
4082.52	5.31301e-16
4083.98	6.63997e-16
4085.44	6.18773e-16
4086.9	5.16321e-16
4088.36	5.40554e-16
4089.82	6.1418e-16
4091.28	6.47342e-16
4092.74	6.81251e-16
4094.2	6.50776e-16
4095.66	7.04747e-16
4097.12	5.65814e-16
4098.58	8.39434e-16
4100.04	8.33316e-16
4101.5	6.68969e-16
4102.96	6.11688e-16
4104.42	5.00937e-16
4105.88	5.55873e-16
4107.34	7.38613e-16
4108.8	7.60394e-16
4110.26	7.19397e-16
4111.72	6.62501e-16
4113.18	7.12694e-16
4114.64	7.09595e-16
4116.1	7.36646e-16
4117.56	6.19659e-16
4119.02	7.08078e-16
4120.48	8.63811e-16
4121.94	8.00123e-16
4123.4	7.99248e-16
4124.86	5.25373e-16
4126.32	3.93846e-16
4127.78	6.21353e-16
4129.24	6.88209e-16
4130.7	5.89998e-16
4132.16	6.87117e-16
4133.61	7.54524e-16
4135.07	6.35778e-16
4136.53	7.16168e-16
4137.99	6.78922e-16
4139.45	5.53691e-16
4140.91	6.55382e-16
4142.37	4.9201e-16
4143.83	6.10477e-16
4145.29	6.46461e-16
4146.75	5.00299e-16
4148.21	5.92044e-16
4149.67	6.67335e-16
4151.13	5.75054e-16
4152.59	5.04889e-16
4154.05	6.06293e-16
4155.51	7.54658e-16
4156.97	6.25094e-16
4158.43	5.26329e-16
4159.89	5.67439e-16
4161.35	5.6848e-16
4162.81	5.531e-16
4164.27	5.24063e-16
4165.73	5.63838e-16
4167.19	6.8717e-16
4168.65	7.64072e-16
4170.11	5.36165e-16
4171.57	5.75189e-16
4173.03	5.72199e-16
4174.49	5.69209e-16
4175.95	5.66217e-16
4177.41	5.63225e-16
4178.87	5.60231e-16
4180.33	5.57236e-16
4181.79	5.5424e-16
4183.25	5.51242e-16
4184.71	5.5136e-16
4186.17	4.58383e-16
4187.63	6.30922e-16
4189.09	5.15013e-16
4190.55	5.24173e-16
4192.01	6.93346e-16
4193.47	6.31339e-16
4194.93	5.48997e-16
4196.39	5.81502e-16
4197.85	5.3596e-16
4199.31	5.96812e-16
4200.76	5.30885e-16
4202.22	3.74551e-16
4203.68	6.04117e-16
4205.14	4.93853e-16
4206.6	5.33581e-16
4208.06	6.04141e-16
4209.52	5.09321e-16
4210.98	6.25568e-16
4212.44	5.58405e-16
4213.9	5.4172e-16
4215.36	4.37018e-16
4216.82	4.55264e-16
4218.28	5.41917e-16
4219.74	6.06428e-16
4221.2	6.46272e-16
4222.66	3.92993e-16
4224.12	4.87484e-16
4225.58	5.7255e-16
4227.04	6.69827e-16
4228.5	6.21859e-16
4229.96	6.15115e-16
4231.42	5.31282e-16
4232.88	4.82198e-16
4234.34	3.72128e-16
4235.8	5.86632e-16
4237.26	6.7362e-16
4238.72	5.80793e-16
4240.18	5.63435e-16
4241.64	6.91512e-16
4243.1	4.63903e-16
4244.56	4.77399e-16
4246.02	5.38832e-16
4247.48	5.97872e-16
4248.94	5.89104e-16
4250.4	5.80064e-16
4251.86	5.45573e-16
4253.32	6.20296e-16
4254.78	5.8864e-16
4256.24	7.11873e-16
4257.7	6.97715e-16
4259.16	6.08371e-16
4260.62	6.85107e-16
4262.08	6.31214e-16
4263.54	6.57312e-16
4265	6.23374e-16
4266.45	6.70634e-16
4267.91	6.50618e-16
4269.37	6.27046e-16
4270.83	6.06583e-16
4272.29	6.56083e-16
4273.75	5.95316e-16
4275.21	6.23524e-16
4276.67	6.84422e-16
4278.13	6.52137e-16
4279.59	6.32665e-16
4281.05	5.98631e-16
4282.51	5.81101e-16
4283.97	5.45558e-16
4285.43	5.69354e-16
4286.89	6.99106e-16
4288.35	5.85591e-16
4289.81	6.68078e-16
4291.27	6.89968e-16
4292.73	7.12638e-16
4294.19	6.64606e-16
4295.65	7.14564e-16
4297.11	6.99424e-16
4298.57	5.79544e-16
4300.03	5.43532e-16
4301.49	6.47901e-16
4302.95	7.16178e-16
4304.41	7.3046e-16
4305.87	4.61039e-16
4307.33	6.13637e-16
4308.79	5.7666e-16
4310.25	5.70987e-16
4311.71	5.77205e-16
4313.17	7.66347e-16
4314.63	7.49269e-16
4316.09	6.12473e-16
4317.55	7.30611e-16
4319.01	7.38042e-16
4320.47	7.26526e-16
4321.93	6.53488e-16
4323.39	5.07255e-16
4324.85	5.39444e-16
4326.31	7.5065e-16
4327.77	8.02824e-16
4329.23	7.87179e-16
4330.69	8.01502e-16
4332.15	7.48871e-16
4333.6	7.24411e-16
4335.06	7.89543e-16
4336.52	7.82814e-16
4337.98	7.74249e-16
4339.44	9.27457e-16
4340.9	9.59119e-16
4342.36	8.60044e-16
4343.82	8.11034e-16
4345.28	8.10904e-16
4346.74	8.10773e-16
4348.2	8.10642e-16
4349.66	8.10511e-16
4351.12	8.1038e-16
4352.58	8.1025e-16
4354.04	8.10118e-16
4355.5	8.09987e-16
4356.96	8.09856e-16
4358.42	8.09725e-16
4359.88	8.09593e-16
4361.34	8.09462e-16
4362.8	8.0933e-16
4364.26	8.09199e-16
4365.72	8.09067e-16
4367.18	8.08935e-16
4368.64	8.08803e-16
4370.1	8.08671e-16
4371.56	8.08539e-16
4373.02	8.08407e-16
4374.48	8.08275e-16
4375.94	8.08142e-16
4377.4	8.0801e-16
4378.86	8.07877e-16
4380.32	8.07745e-16
4381.78	8.07612e-16
4383.24	7.94188e-16
4384.7	8.98916e-16
4386.16	8.88102e-16
4387.62	7.54306e-16
4389.08	7.52033e-16
4390.54	7.61116e-16
4392	8.08298e-16
4393.46	7.8205e-16
4394.92	7.26619e-16
4396.38	7.25429e-16
4397.84	7.89447e-16
4399.29	8.30941e-16
4400.75	8.0544e-16
4402.21	8.17971e-16
4403.67	9.94504e-16
4405.13	9.28819e-16
4406.59	7.08343e-16
4408.05	6.48801e-16
4409.51	7.04649e-16
4410.97	8.49551e-16
4412.43	8.20595e-16
4413.89	6.85022e-16
4415.35	7.33226e-16
4416.81	7.52529e-16
4418.27	7.31001e-16
4419.73	7.93625e-16
4421.19	8.25584e-16
4422.65	7.85099e-16
4424.11	6.81949e-16
4425.57	9.53954e-16
4427.03	9.44023e-16
4428.49	6.60588e-16
4429.95	8.14545e-16
4431.41	8.89345e-16
4432.87	7.77853e-16
4434.33	7.79337e-16
4435.79	7.72484e-16
4437.25	7.29376e-16
4438.71	7.34372e-16
4440.17	8.52757e-16
4441.63	9.00159e-16
4443.09	7.74776e-16
4444.55	8.22764e-16
4446.01	7.38709e-16
4447.47	6.40049e-16
4448.93	6.3004e-16
4450.39	7.67787e-16
4451.85	7.81172e-16
4453.31	7.99553e-16
4454.77	8.14096e-16
4456.23	7.56554e-16
4457.69	7.60231e-16
4459.15	7.58551e-16
4460.61	7.50581e-16
4462.07	8.72915e-16
4463.53	9.01012e-16
4464.99	8.49615e-16
4466.44	7.19507e-16
4467.9	6.58094e-16
4469.36	7.12417e-16
4470.82	6.83904e-16
4472.28	7.31347e-16
4473.74	5.11542e-16
4475.2	4.3541e-16
4476.66	5.66722e-16
4478.12	6.71431e-16
4479.58	7.72831e-16
4481.04	6.42744e-16
4482.5	6.97449e-16
4483.96	7.54522e-16
4485.42	6.92074e-16
4486.88	5.43378e-16
4488.34	6.63837e-16
4489.8	6.55876e-16
4491.26	6.53101e-16
4492.72	7.53515e-16
4494.18	7.92663e-16
4495.64	6.88851e-16
4497.1	7.15593e-16
4498.56	6.80507e-16
4500.02	8.23289e-16
4501.48	8.04154e-16
4502.94	7.86362e-16
4504.4	7.9379e-16
4505.86	6.44337e-16
4507.32	7.33117e-16
4508.78	7.07494e-16
4510.24	6.77021e-16
4511.7	7.34403e-16
4513.16	6.60355e-16
4514.62	6.86119e-16
4516.08	6.52963e-16
4517.54	6.39932e-16
4519	7.51118e-16
4520.46	8.07103e-16
4521.92	7.32184e-16
4523.38	7.05325e-16
4524.84	6.60006e-16
4526.3	5.96948e-16
4527.76	6.65069e-16
4529.22	6.86659e-16
4530.68	7.88175e-16
4532.13	6.57545e-16
4533.59	8.13202e-16
4535.05	7.80095e-16
4536.51	6.41223e-16
4537.97	6.5045e-16
4539.43	7.11404e-16
4540.89	7.75808e-16
4542.35	6.76307e-16
4543.81	7.66093e-16
4545.27	8.04232e-16
4546.73	6.50351e-16
4548.19	7.35587e-16
4549.65	7.12327e-16
4551.11	7.63639e-16
4552.57	7.44238e-16
4554.03	6.57289e-16
4555.49	7.21153e-16
4556.95	7.80573e-16
4558.41	5.73159e-16
4559.87	5.0122e-16
4561.33	6.34567e-16
4562.79	7.00189e-16
4564.25	6.83316e-16
4565.71	6.77138e-16
4567.17	5.59808e-16
4568.63	5.87821e-16
4570.09	6.80571e-16
4571.55	6.41924e-16
4573.01	5.52723e-16
4574.47	7.70668e-16
4575.93	5.86846e-16
4577.39	5.37006e-16
4578.85	6.50843e-16
4580.31	5.98499e-16
4581.77	6.60869e-16
4583.23	7.0443e-16
4584.69	5.78509e-16
4586.15	5.32914e-16
4587.61	6.04368e-16
4589.07	6.84135e-16
4590.53	6.43216e-16
4591.99	6.42251e-16
4593.45	5.57935e-16
4594.91	7.33892e-16
4596.37	6.67382e-16
4597.83	5.27667e-16
4599.29	7.32569e-16
4600.74	7.14583e-16
4602.2	7.90029e-16
4603.66	8.43506e-16
4605.12	6.89412e-16
4606.58	6.33077e-16
4608.04	6.28111e-16
4609.5	7.28491e-16
4610.96	6.5951e-16
4612.42	6.63966e-16
4613.88	6.68425e-16
4615.34	6.72885e-16
4616.8	6.77347e-16
4618.26	6.8181e-16
4619.72	6.86275e-16
4621.18	6.90741e-16
4622.64	6.90885e-16
4624.1	6.44576e-16
4625.56	7.77401e-16
4627.02	5.84447e-16
4628.48	6.74801e-16
4629.94	7.8134e-16
4631.4	7.25401e-16
4632.86	6.62904e-16
4634.32	7.11458e-16
4635.78	6.64515e-16
4637.24	5.74175e-16
4638.7	6.55925e-16
4640.16	5.33814e-16
4641.62	5.96049e-16
4643.08	7.09915e-16
4644.54	4.51247e-16
4646	5.0326e-16
4647.46	6.91237e-16
4648.92	6.54038e-16
4650.38	5.25667e-16
4651.84	6.45483e-16
4653.3	5.57057e-16
4654.76	7.04884e-16
4656.22	6.72215e-16
4657.68	5.8606e-16
4659.14	6.17666e-16
4660.6	6.68646e-16
4662.06	6.25838e-16
4663.52	5.55978e-16
4664.98	5.2541e-16
4666.44	5.56473e-16
4667.89	5.49907e-16
4669.35	5.808e-16
4670.81	5.33587e-16
4672.27	5.93834e-16
4673.73	6.34822e-16
4675.19	5.54058e-16
4676.65	6.0098e-16
4678.11	6.66103e-16
4679.57	5.78884e-16
4681.03	5.55053e-16
4682.49	5.4961e-16
4683.95	5.83047e-16
4685.41	6.36915e-16
4686.87	6.72591e-16
4688.33	6.11737e-16
4689.79	5.82321e-16
4691.25	5.53462e-16
4692.71	5.57848e-16
4694.17	5.92916e-16
4695.63	5.81407e-16
4697.09	4.73534e-16
4698.55	3.7968e-16
4700.01	5.50675e-16
4701.47	5.39692e-16
4702.93	6.07043e-16
4704.39	6.96941e-16
4705.85	5.77448e-16
4707.31	5.11557e-16
4708.77	5.4056e-16
4710.23	5.96223e-16
4711.69	6.81946e-16
4713.15	6.45622e-16
4714.61	6.29956e-16
4716.07	7.22707e-16
4717.53	7.27686e-16
4718.99	6.30247e-16
4720.45	5.53209e-16
4721.91	5.70557e-16
4723.37	6.77492e-16
4724.83	6.74432e-16
4726.29	7.38332e-16
4727.75	7.10544e-16
4729.21	6.87135e-16
4730.67	6.91415e-16
4732.13	6.04829e-16
4733.59	5.86553e-16
4735.04	6.26866e-16
4736.5	6.54802e-16
4737.96	6.7429e-16
4739.42	5.80695e-16
4740.88	5.41376e-16
4742.34	6.91555e-16
4743.8	6.94746e-16
4745.26	6.34138e-16
4746.72	6.29497e-16
4748.18	6.37222e-16
4749.64	6.97133e-16
4751.1	7.20509e-16
4752.56	6.49576e-16
4754.02	6.68213e-16
4755.48	7.24287e-16
4756.94	5.53486e-16
4758.4	6.19675e-16
4759.86	7.30643e-16
4761.32	6.84639e-16
4762.78	6.83304e-16
4764.24	7.91961e-16
4765.7	6.49537e-16
4767.16	6.97646e-16
4768.62	6.72314e-16
4770.08	6.9438e-16
4771.54	7.24898e-16
4773	7.30836e-16
4774.46	6.26033e-16
4775.92	6.30497e-16
4777.38	6.77985e-16
4778.84	6.23163e-16
4780.3	6.30656e-16
4781.76	7.0464e-16
4783.22	6.91464e-16
4784.68	6.66045e-16
4786.14	5.99822e-16
4787.6	5.9509e-16
4789.06	6.97006e-16
4790.52	6.02333e-16
4791.98	4.34272e-16
4793.44	4.77453e-16
4794.9	5.91173e-16
4796.36	6.32639e-16
4797.82	6.8374e-16
4799.28	5.72403e-16
4800.73	4.72363e-16
4802.19	5.7723e-16
4803.65	6.41514e-16
4805.11	6.36725e-16
4806.57	5.99248e-16
4808.03	7.04912e-16
4809.49	6.1138e-16
4810.95	4.50388e-16
4812.41	6.25144e-16
4813.87	6.24714e-16
4815.33	5.08798e-16
4816.79	5.53962e-16
4818.25	6.55324e-16
4819.71	5.62735e-16
4821.17	5.60723e-16
4822.63	5.63134e-16
4824.09	4.99055e-16
4825.55	5.31294e-16
4827.01	5.63542e-16
4828.47	5.95799e-16
4829.93	6.28066e-16
4831.39	6.60343e-16
4832.85	6.60443e-16
4834.31	6.46197e-16
4835.77	6.95958e-16
4837.23	7.0721e-16
4838.69	6.04606e-16
4840.15	5.10937e-16
4841.61	5.60186e-16
4843.07	6.94105e-16
4844.53	6.9045e-16
4845.99	6.86792e-16
4847.45	6.83134e-16
4848.91	6.79473e-16
4850.37	6.75812e-16
4851.83	6.72147e-16
4853.29	6.68483e-16
4854.75	6.64816e-16
4856.21	6.61149e-16
4857.67	6.5748e-16
4859.13	6.5381e-16
4860.59	6.50139e-16
4862.05	6.46465e-16
4863.51	6.42792e-16
4864.97	6.39115e-16
4866.43	6.35438e-16
4867.88	6.3176e-16
4869.34	6.28079e-16
4870.8	6.24399e-16
4872.26	6.20714e-16
4873.72	6.17031e-16
4875.18	6.13345e-16
4876.64	6.09659e-16
4878.1	6.05971e-16
4879.56	6.02281e-16
4881.02	5.58104e-16
4882.48	5.31356e-16
4883.94	7.17064e-16
4885.4	7.22399e-16
4886.86	5.43415e-16
4888.32	5.54772e-16
4889.78	6.00594e-16
4891.24	7.66404e-16
4892.7	8.41555e-16
4894.16	7.42852e-16
4895.62	6.30969e-16
4897.08	6.76479e-16
4898.54	6.93874e-16
4900	6.57691e-16
4901.46	6.25725e-16
4902.92	6.51586e-16
4904.38	7.02628e-16
4905.84	7.1707e-16
4907.3	6.07273e-16
4908.76	6.24623e-16
4910.22	6.55661e-16
4911.68	7.28413e-16
4913.14	6.5067e-16
4914.6	6.88091e-16
4916.06	7.30542e-16
4917.52	7.07624e-16
4918.98	7.51821e-16
4920.44	6.53035e-16
4921.9	6.64132e-16
4923.36	7.3183e-16
4924.82	6.14991e-16
4926.28	5.89198e-16
4927.74	6.08547e-16
4929.2	7.43899e-16
4930.66	7.08149e-16
4932.12	7.09043e-16
4933.57	8.76517e-16
4935.03	7.71423e-16
4936.49	7.12965e-16
4937.95	6.41708e-16
4939.41	7.00798e-16
4940.87	7.73428e-16
4942.33	7.72719e-16
4943.79	7.7201e-16
4945.25	7.713e-16
4946.71	7.7059e-16
4948.17	7.69878e-16
4949.63	7.69167e-16
4951.09	7.68454e-16
4952.55	7.67741e-16
4954.01	7.67027e-16
4955.47	7.66313e-16
4956.93	7.65598e-16
4958.39	7.64883e-16
4959.85	7.64166e-16
4961.31	7.6345e-16
4962.77	7.62732e-16
4964.23	7.62014e-16
4965.69	7.61295e-16
4967.15	7.60576e-16
4968.61	7.59856e-16
4970.07	7.59135e-16
4971.53	7.58414e-16
4972.99	7.57692e-16
4974.45	7.56969e-16
4975.91	7.56246e-16
4977.37	7.55523e-16
4978.83	6.35711e-16
4980.29	6.78858e-16
4981.75	7.19703e-16
4983.21	6.66148e-16
4984.67	7.26261e-16
4986.13	6.90641e-16
4987.59	6.78662e-16
4989.05	6.82861e-16
4990.51	6.87059e-16
4991.97	6.91259e-16
4993.43	6.95458e-16
4994.89	6.99658e-16
4996.35	7.03857e-16
4997.81	7.08058e-16
4999.26	7.12257e-16
5000.72	7.16458e-16
5002.18	7.20659e-16
5003.64	7.24859e-16
5005.1	7.29061e-16
5006.56	7.33261e-16
5008.02	7.37463e-16
5009.48	7.41664e-16
5010.94	7.45866e-16
5012.4	7.50069e-16
5013.86	7.54271e-16
5015.32	7.58474e-16
5016.78	7.62675e-16
5018.24	7.66878e-16
5019.7	7.7108e-16
5021.16	7.75283e-16
5022.62	7.79485e-16
5024.08	7.83688e-16
5025.54	7.87892e-16
5027	7.41356e-16
5028.46	7.7331e-16
5029.92	8.1877e-16
5031.38	7.65801e-16
5032.84	6.47381e-16
5034.3	7.14891e-16
5035.76	6.67896e-16
5037.22	6.72198e-16
5038.68	7.24047e-16
5040.14	7.77947e-16
5041.6	8.69364e-16
5043.06	8.37741e-16
5044.52	7.37666e-16
5045.98	7.24714e-16
5047.44	6.83178e-16
5048.9	7.43297e-16
5050.36	7.87662e-16
5051.82	6.99795e-16
5053.28	6.82381e-16
5054.74	6.77736e-16
5056.2	6.44566e-16
5057.66	7.00306e-16
5059.12	7.74357e-16
5060.58	7.91914e-16
5062.04	7.74099e-16
5063.5	7.74916e-16
5064.96	6.81263e-16
5066.41	6.38754e-16
5067.87	6.3271e-16
5069.33	7.47288e-16
5070.79	8.03371e-16
5072.25	7.72728e-16
5073.71	7.52971e-16
5075.17	6.01596e-16
5076.63	7.11127e-16
5078.09	7.96802e-16
5079.55	7.32223e-16
5081.01	7.21336e-16
5082.47	6.74468e-16
5083.93	7.09446e-16
5085.39	7.76861e-16
5086.85	7.10139e-16
5088.31	6.80468e-16
5089.77	8.3574e-16
5091.23	7.97569e-16
5092.69	7.16552e-16
5094.15	7.98047e-16
5095.61	6.94882e-16
5097.07	7.50528e-16
5098.53	7.2612e-16
5099.99	5.92147e-16
5101.45	7.20989e-16
5102.91	7.09657e-16
5104.37	6.4099e-16
5105.83	7.21054e-16
5107.29	7.4949e-16
5108.75	6.39689e-16
5110.21	7.17839e-16
5111.67	7.37568e-16
5113.13	7.04806e-16
5114.59	8.16631e-16
5116.05	7.81589e-16
5117.51	7.56835e-16
5118.97	6.5576e-16
5120.43	7.53831e-16
5121.89	7.44221e-16
5123.35	7.31536e-16
5124.81	6.00826e-16
5126.27	6.76236e-16
5127.73	7.42243e-16
5129.19	7.09022e-16
5130.65	7.92866e-16
5132.11	8.18442e-16
5133.57	6.69487e-16
5135.03	7.49844e-16
5136.48	7.46449e-16
5137.94	6.95945e-16
5139.4	7.12298e-16
5140.86	7.36607e-16
5142.32	7.28369e-16
5143.78	7.60959e-16
5145.24	6.77123e-16
5146.7	7.34091e-16
5148.16	7.48078e-16
5149.62	6.95016e-16
5151.08	7.68082e-16
5152.54	8.66156e-16
5154	8.37148e-16
5155.46	7.6948e-16
5156.92	7.68761e-16
5158.38	7.63586e-16
5159.84	6.99582e-16
5161.3	7.5439e-16
5162.76	7.46355e-16
5164.22	7.57681e-16
5165.68	7.5861e-16
5167.14	7.73418e-16
5168.6	7.37697e-16
5170.06	7.80175e-16
5171.52	7.95925e-16
5172.98	8.31975e-16
5174.44	8.74499e-16
5175.9	7.4508e-16
5177.36	7.48141e-16
5178.82	7.35871e-16
5180.28	6.82309e-16
5181.74	7.51578e-16
5183.2	7.51494e-16
5184.66	7.35952e-16
5186.12	7.34213e-16
5187.58	7.37829e-16
5189.04	7.47433e-16
5190.5	8.27016e-16
5191.96	8.00569e-16
5193.42	7.90841e-16
5194.88	7.5937e-16
5196.34	7.0683e-16
5197.8	7.74944e-16
5199.26	7.96546e-16
5200.72	7.45442e-16
5202.17	7.50839e-16
5203.63	7.12726e-16
5205.09	7.60634e-16
5206.55	7.97663e-16
5208.01	6.96623e-16
5209.47	6.78455e-16
5210.93	7.60854e-16
5212.39	6.78253e-16
5213.85	6.93616e-16
5215.31	7.1775e-16
5216.77	7.27274e-16
5218.23	8.26675e-16
5219.69	7.49999e-16
5221.15	6.35508e-16
5222.61	6.81123e-16
5224.07	6.97001e-16
5225.53	7.00055e-16
5226.99	6.9592e-16
5228.45	6.99674e-16
5229.91	7.32528e-16
5231.37	7.17806e-16
5232.83	5.84678e-16
5234.29	5.67558e-16
5235.75	5.95806e-16
5237.21	7.03616e-16
5238.67	7.49932e-16
5240.13	7.15875e-16
5241.59	6.08441e-16
5243.05	6.79023e-16
5244.51	6.96139e-16
5245.97	6.52112e-16
5247.43	6.55425e-16
5248.89	6.6328e-16
5250.35	6.48027e-16
5251.81	6.7654e-16
5253.27	7.20248e-16
5254.73	7.24495e-16
5256.19	7.75123e-16
5257.65	7.23281e-16
5259.11	7.22866e-16
5260.57	7.23776e-16
5262.03	6.00846e-16
5263.49	6.057e-16
5264.95	6.75984e-16
5266.41	7.11685e-16
5267.87	6.99722e-16
5269.32	7.08612e-16
5270.78	7.28327e-16
5272.24	6.37422e-16
5273.7	6.13598e-16
5275.16	5.98085e-16
5276.62	6.42246e-16
5278.08	7.35744e-16
5279.54	7.03937e-16
5281	6.53062e-16
5282.46	5.86033e-16
5283.92	6.42982e-16
5285.38	6.44905e-16
5286.84	6.31105e-16
5288.3	6.59737e-16
5289.76	7.05165e-16
5291.22	6.42463e-16
5292.68	5.91665e-16
5294.14	6.64727e-16
5295.6	6.88391e-16
5297.06	6.6785e-16
5298.52	5.6202e-16
5299.98	5.05837e-16
5301.44	6.02178e-16
5302.9	6.63233e-16
5304.36	6.39866e-16
5305.82	6.3317e-16
5307.28	7.03425e-16
5308.74	7.82036e-16
5310.2	7.09163e-16
5311.66	6.43088e-16
5313.12	6.07592e-16
5314.58	5.87757e-16
5316.04	6.57858e-16
5317.5	7.25361e-16
5318.96	8.0472e-16
5320.42	6.89871e-16
5321.88	5.66168e-16
5323.34	5.81864e-16
5324.8	6.45285e-16
5326.26	6.74875e-16
5327.72	6.10744e-16
5329.18	6.6924e-16
5330.64	7.58855e-16
5332.1	7.39895e-16
5333.56	6.071e-16
5335.01	5.59408e-16
5336.47	6.41246e-16
5337.93	7.4059e-16
5339.39	7.38413e-16
5340.85	6.93282e-16
5342.31	6.95574e-16
5343.77	7.79792e-16
5345.23	7.26807e-16
5346.69	6.17046e-16
5348.15	6.21037e-16
5349.61	6.42047e-16
5351.07	6.47467e-16
5352.53	6.12162e-16
5353.99	6.3991e-16
5355.45	7.60067e-16
5356.91	6.78628e-16
5358.37	6.47511e-16
5359.83	6.75676e-16
5361.29	6.27432e-16
5362.75	5.9786e-16
5364.21	6.3242e-16
5365.67	7.82517e-16
5367.13	7.0625e-16
5368.59	6.13599e-16
5370.05	6.13485e-16
5371.51	6.14101e-16
5372.97	6.5615e-16
5374.43	7.2469e-16
5375.89	6.68432e-16
5377.35	6.77365e-16
5378.81	6.55219e-16
5380.27	6.7512e-16
5381.73	6.36895e-16
5383.19	5.83373e-16
5384.65	5.84335e-16
5386.11	6.1528e-16
5387.57	5.692e-16
5389.03	5.70682e-16
5390.49	5.74585e-16
5391.95	5.57354e-16
5393.41	5.60344e-16
5394.87	6.02518e-16
5396.33	6.03857e-16
5397.79	5.79438e-16
5399.25	5.7575e-16
5400.7	5.21221e-16
5402.16	5.5635e-16
5403.62	5.59544e-16
5405.08	4.42115e-16
5406.54	4.52652e-16
5408	4.9416e-16
5409.46	4.56932e-16
5410.92	5.6608e-16
5412.38	5.00346e-16
5413.84	4.85373e-16
5415.3	5.01971e-16
5416.76	4.93916e-16
5418.22	5.25966e-16
5419.68	5.69656e-16
5421.14	5.21041e-16
5422.6	3.79233e-16
5424.06	4.72766e-16
5425.52	4.75322e-16
5426.98	6.20335e-16
5428.44	5.08857e-16
5429.9	3.34245e-16
5431.36	4.0001e-16
5432.82	4.84836e-16
5434.28	3.8322e-16
5435.74	3.97908e-16
5437.2	4.53885e-16
5438.66	4.55614e-16
5440.12	4.74842e-16
5441.58	4.58705e-16
5443.04	3.9257e-16
5444.5	4.5915e-16
5445.96	4.68581e-16
5447.42	3.95e-16
5448.88	4.07557e-16
5450.34	4.97373e-16
5451.8	4.72629e-16
5453.26	5.11494e-16
5454.72	4.59634e-16
5456.18	4.34885e-16
5457.64	5.21915e-16
5459.1	4.91528e-16
5460.56	4.28692e-16
5462.02	4.71748e-16
5463.48	4.15367e-16
5464.94	4.62622e-16
5466.4	4.55079e-16
5467.85	5.19532e-16
5469.31	5.78615e-16
5470.77	5.15249e-16
5472.23	4.40652e-16
5473.69	5.13118e-16
5475.15	5.26187e-16
5476.61	5.40358e-16
5478.07	5.92161e-16
5479.53	5.10311e-16
5480.99	4.68384e-16
5482.45	5.47553e-16
5483.91	5.59034e-16
5485.37	5.14484e-16
5486.83	5.19834e-16
5488.29	6.02422e-16
5489.75	5.21226e-16
5491.21	5.41785e-16
5492.67	5.42848e-16
5494.13	4.58743e-16
5495.59	6.40637e-16
5497.05	6.19767e-16
5498.51	5.87977e-16
5499.97	5.83612e-16
5501.43	6.44971e-16
5502.89	6.5146e-16
5504.35	5.71485e-16
5505.81	4.98965e-16
5507.27	5.0298e-16
5508.73	4.85502e-16
5510.19	5.3964e-16
5511.65	5.97008e-16
5513.11	5.34286e-16
5514.57	6.28116e-16
5516.03	6.64742e-16
5517.49	5.81182e-16
5518.95	5.76588e-16
5520.41	5.83464e-16
5521.87	5.52939e-16
5523.33	5.72977e-16
5524.79	4.82312e-16
5526.25	4.18319e-16
5527.71	4.89828e-16
5529.17	5.82374e-16
5530.63	6.45961e-16
5532.09	6.2057e-16
5533.54	5.91504e-16
5535	5.2515e-16
5536.46	5.36587e-16
5537.92	6.82356e-16
5539.38	6.44202e-16
5540.84	6.94907e-16
5542.3	7.25301e-16
5543.76	6.30314e-16
5545.22	5.93061e-16
5546.68	6.49191e-16
5548.14	5.97494e-16
5549.6	5.58267e-16
5551.06	5.85615e-16
5552.52	6.21193e-16
5553.98	5.14534e-16
5555.44	5.13752e-16
5556.9	5.86658e-16
5558.36	6.08848e-16
5559.82	5.47341e-16
5561.28	5.10716e-16
5562.74	6.16064e-16
5564.2	6.9511e-16
5565.66	7.66031e-16
5567.12	6.4896e-16
5568.58	5.82745e-16
5570.04	6.39993e-16
5571.5	6.12529e-16
5572.96	6.26343e-16
5574.42	6.86848e-16
5575.88	5.85919e-16
5577.34	5.10777e-16
5578.8	5.90085e-16
5580.26	6.36913e-16
5581.72	6.39988e-16
5583.18	6.40192e-16
5584.64	5.91983e-16
5586.1	5.6263e-16
5587.56	5.69869e-16
5589.02	6.70384e-16
5590.48	7.02736e-16
5591.94	5.96755e-16
5593.4	6.01877e-16
5594.86	6.23989e-16
5596.32	6.30162e-16
5597.78	6.57281e-16
5599.24	6.1413e-16
5600.7	6.03488e-16
5602.16	7.01452e-16
5603.61	7.2955e-16
5605.07	7.02954e-16
5606.53	6.62989e-16
5607.99	5.71361e-16
5609.45	5.61131e-16
5610.91	6.40668e-16
5612.37	6.90851e-16
5613.83	7.35952e-16
5615.29	7.57752e-16
5616.75	7.07309e-16
5618.21	7.19177e-16
5619.67	7.00513e-16
5621.13	6.06628e-16
5622.59	6.23513e-16
5624.05	6.28091e-16
5625.51	6.24371e-16
5626.97	5.7874e-16
5628.43	5.79799e-16
5629.89	6.38631e-16
5631.35	5.61411e-16
5632.81	6.0931e-16
5634.27	6.40894e-16
5635.73	6.48461e-16
5637.19	5.40272e-16
5638.65	5.61393e-16
5640.11	5.18964e-16
5641.57	4.56204e-16
5643.03	5.60674e-16
5644.49	6.55391e-16
5645.95	6.87149e-16
5647.41	7.98099e-16
5648.87	7.54978e-16
5650.33	6.34736e-16
5651.79	6.06201e-16
5653.25	6.69099e-16
5654.71	7.41103e-16
5656.17	6.79484e-16
5657.63	5.8193e-16
5659.09	5.63063e-16
5660.55	6.46333e-16
5662.01	7.16748e-16
5663.47	5.66989e-16
5664.93	6.39654e-16
5666.39	7.63209e-16
5667.85	7.13943e-16
5669.31	7.173e-16
5670.76	6.51797e-16
5672.22	6.03217e-16
5673.68	6.52819e-16
5675.14	6.22179e-16
5676.6	5.46078e-16
5678.06	5.89918e-16
5679.52	7.23707e-16
5680.98	6.95683e-16
5682.44	5.49986e-16
5683.9	4.64636e-16
5685.36	5.69814e-16
5686.82	6.20673e-16
5688.28	5.69556e-16
5689.74	4.86662e-16
5691.2	4.95434e-16
5692.66	5.12477e-16
5694.12	5.94355e-16
5695.58	6.19108e-16
5697.04	6.07976e-16
5698.5	5.41056e-16
5699.96	5.67667e-16
5701.42	5.72816e-16
5702.88	5.91004e-16
5704.34	5.73079e-16
5705.8	5.6376e-16
5707.26	5.53865e-16
5708.72	5.85259e-16
5710.18	6.25445e-16
5711.64	6.75659e-16
5713.1	6.72991e-16
5714.56	5.99779e-16
5716.02	5.79517e-16
5717.48	6.17352e-16
5718.94	6.62808e-16
5720.4	5.63981e-16
5721.86	5.49895e-16
5723.32	5.67242e-16
5724.78	6.10958e-16
5726.24	6.34918e-16
5727.7	7.01127e-16
5729.16	6.60115e-16
5730.62	5.37219e-16
5732.08	5.82561e-16
5733.54	6.25249e-16
5735	5.98366e-16
5736.45	6.46904e-16
5737.91	6.39467e-16
5739.37	5.83241e-16
5740.83	5.35277e-16
5742.29	5.36683e-16
5743.75	5.69628e-16
5745.21	6.31037e-16
5746.67	6.85501e-16
5748.13	5.96487e-16
5749.59	5.75603e-16
5751.05	6.82305e-16
5752.51	6.49259e-16
5753.97	5.59493e-16
5755.43	5.37472e-16
5756.89	5.03643e-16
5758.35	6.19066e-16
5759.81	5.98738e-16
5761.27	5.38821e-16
5762.73	5.99537e-16
5764.19	5.99896e-16
5765.65	5.81225e-16
5767.11	6.04556e-16
5768.57	6.59849e-16
5770.03	6.62644e-16
5771.49	6.06328e-16
5772.95	5.56688e-16
5774.41	5.03693e-16
5775.87	5.22416e-16
5777.33	5.50118e-16
5778.79	5.6352e-16
5780.25	5.38053e-16
5781.71	5.11886e-16
5783.17	5.67361e-16
5784.63	5.99579e-16
5786.09	5.48402e-16
5787.55	6.0836e-16
5789.01	6.23015e-16
5790.47	6.07679e-16
5791.93	5.77699e-16
5793.39	5.38466e-16
5794.85	5.61497e-16
5796.31	6.6721e-16
5797.77	6.60043e-16
5799.23	5.60404e-16
5800.69	5.60715e-16
5802.14	6.03227e-16
5803.6	6.44455e-16
5805.06	5.85374e-16
5806.52	5.86017e-16
5807.98	6.1441e-16
5809.44	4.64503e-16
5810.9	4.64394e-16
5812.36	5.26372e-16
5813.82	5.55842e-16
5815.28	5.52669e-16
5816.74	5.69562e-16
5818.2	6.41745e-16
5819.66	6.14035e-16
5821.12	5.28576e-16
5822.58	5.02732e-16
5824.04	6.10259e-16
5825.5	6.32e-16
5826.96	6.07413e-16
5828.42	5.85302e-16
5829.88	5.56725e-16
5831.34	5.75155e-16
5832.8	5.71128e-16
5834.26	5.77975e-16
5835.72	5.51251e-16
5837.18	5.07228e-16
5838.64	5.45577e-16
5840.1	5.60778e-16
5841.56	5.59484e-16
5843.02	5.10128e-16
5844.48	5.08334e-16
5845.94	5.68328e-16
5847.4	5.62448e-16
5848.86	3.90205e-16
5850.32	4.06426e-16
5851.78	5.41961e-16
5853.24	4.94756e-16
5854.7	4.27684e-16
5856.16	5.51675e-16
5857.62	5.72388e-16
5859.08	4.81211e-16
5860.54	5.08824e-16
5862	5.2707e-16
5863.46	5.71767e-16
5864.92	5.87608e-16
5866.38	5.12431e-16
5867.84	5.4175e-16
5869.29	6.20262e-16
5870.75	4.77717e-16
5872.21	4.86272e-16
5873.67	5.55614e-16
5875.13	4.48574e-16
5876.59	4.07221e-16
5878.05	5.49856e-16
5879.51	4.86222e-16
5880.97	3.96399e-16
5882.43	4.48861e-16
5883.89	3.88911e-16
5885.35	3.75043e-16
5886.81	4.27906e-16
5888.27	4.93362e-16
5889.73	4.36482e-16
5891.19	4.69334e-16
5892.65	5.00795e-16
5894.11	4.09623e-16
5895.57	4.26434e-16
5897.03	3.76365e-16
5898.49	3.41338e-16
5899.95	3.94509e-16
5901.41	4.83867e-16
5902.87	4.4088e-16
5904.33	3.82063e-16
5905.79	3.84759e-16
5907.25	3.51523e-16
5908.71	3.25709e-16
5910.17	2.98012e-16
5911.63	3.46162e-16
5913.09	4.21369e-16
5914.55	4.26263e-16
5916.01	4.02892e-16
5917.47	3.41571e-16
5918.93	3.85143e-16
5920.39	4.32305e-16
5921.85	4.45971e-16
5923.31	3.33043e-16
5924.77	2.14474e-16
5926.23	3.38997e-16
5927.69	3.24967e-16
5929.15	2.57536e-16
5930.61	2.68324e-16
5932.07	3.28081e-16
5933.53	3.43392e-16
5934.98	3.15405e-16
5936.44	3.41825e-16
5937.9	4.20031e-16
5939.36	3.73145e-16
5940.82	3.53313e-16
5942.28	3.62398e-16
5943.74	3.68194e-16
5945.2	3.59726e-16
5946.66	4.72538e-16
5948.12	4.7733e-16
5949.58	3.30463e-16
5951.04	3.24826e-16
5952.5	2.90394e-16
5953.96	3.31818e-16
5955.42	3.89966e-16
5956.88	3.6581e-16
5958.34	3.68155e-16
5959.8	4.21225e-16
5961.26	5.09865e-16
5962.72	4.67766e-16
5964.18	3.79405e-16
5965.64	3.70124e-16
5967.1	3.97941e-16
5968.56	4.7023e-16
5970.02	5.01545e-16
5971.48	4.35014e-16
5972.94	3.61007e-16
5974.4	3.65211e-16
5975.86	4.22585e-16
5977.32	4.46805e-16
5978.78	4.12063e-16
5980.24	3.20188e-16
5981.7	3.53349e-16
5983.16	4.49542e-16
5984.62	4.89765e-16
5986.08	4.59446e-16
5987.54	3.5214e-16
5989	3.90757e-16
5990.46	4.66954e-16
5991.92	3.81418e-16
5993.38	3.61476e-16
5994.84	3.677e-16
5996.3	3.3864e-16
5997.76	3.80356e-16
5999.22	4.90551e-16
6000.68	4.46187e-16
6002.13	3.69726e-16
6003.59	3.97275e-16
6005.05	4.29744e-16
6006.51	4.57271e-16
6007.97	4.55876e-16
6009.43	4.00422e-16
6010.89	4.50876e-16
6012.35	4.90411e-16
6013.81	4.89792e-16
6015.27	5.08434e-16
6016.73	4.0169e-16
6018.19	3.61947e-16
6019.65	4.61169e-16
6021.11	4.94104e-16
6022.57	4.72277e-16
6024.03	4.56112e-16
6025.49	4.37256e-16
6026.95	4.07909e-16
6028.41	3.86762e-16
6029.87	4.44751e-16
6031.33	4.5243e-16
6032.79	3.93954e-16
6034.25	4.43841e-16
6035.71	4.99066e-16
6037.17	4.80852e-16
6038.63	5.0503e-16
6040.09	5.10077e-16
6041.55	3.89443e-16
6043.01	3.65249e-16
6044.47	4.26288e-16
6045.93	4.98049e-16
6047.39	5.92234e-16
6048.85	5.51217e-16
6050.31	5.3486e-16
6051.77	5.35819e-16
6053.23	4.48574e-16
6054.69	4.13414e-16
6056.15	4.56829e-16
6057.61	4.53023e-16
6059.07	3.98992e-16
6060.53	3.74495e-16
6061.99	3.62147e-16
6063.45	4.38908e-16
6064.91	4.79452e-16
6066.37	4.85347e-16
6067.83	4.92419e-16
6069.29	4.78572e-16
6070.74	5.11089e-16
6072.2	5.48215e-16
6073.66	5.45144e-16
6075.12	5.0087e-16
6076.58	4.95978e-16
6078.04	4.99451e-16
6079.5	5.04432e-16
6080.96	4.79559e-16
6082.42	4.60522e-16
6083.88	4.93715e-16
6085.34	4.77675e-16
6086.8	4.9528e-16
6088.26	4.97867e-16
6089.72	4.73001e-16
6091.18	5.15718e-16
6092.64	5.87469e-16
6094.1	5.38094e-16
6095.56	4.83804e-16
6097.02	4.59622e-16
6098.48	4.96088e-16
6099.94	5.4366e-16
6101.4	5.49179e-16
6102.86	5.56941e-16
6104.32	5.43872e-16
6105.78	5.17242e-16
6107.24	4.76252e-16
6108.7	5.05026e-16
6110.16	4.92316e-16
6111.62	4.43855e-16
6113.08	4.5482e-16
6114.54	5.87365e-16
6116	5.70546e-16
6117.46	5.17159e-16
6118.92	4.70467e-16
6120.38	4.25635e-16
6121.84	5.06579e-16
6123.3	4.67608e-16
6124.76	4.54789e-16
6126.22	4.99011e-16
6127.68	5.32417e-16
6129.14	4.59947e-16
6130.6	4.54143e-16
6132.06	4.74741e-16
6133.52	3.86169e-16
6134.98	3.57295e-16
6136.44	3.90317e-16
6137.89	3.77302e-16
6139.35	3.97544e-16
6140.81	4.20728e-16
6142.27	4.46736e-16
6143.73	4.3708e-16
6145.19	4.21911e-16
6146.65	4.28753e-16
6148.11	4.2807e-16
6149.57	5.00117e-16
6151.03	4.92118e-16
6152.49	4.60748e-16
6153.95	4.85537e-16
6155.41	4.8492e-16
6156.87	4.17403e-16
6158.33	3.17871e-16
6159.79	3.81439e-16
6161.25	4.01935e-16
6162.71	3.79245e-16
6164.17	3.39977e-16
6165.63	3.23633e-16
6167.09	4.00516e-16
6168.55	4.23957e-16
6170.01	4.14472e-16
6171.47	4.25774e-16
6172.93	3.53529e-16
6174.39	2.87011e-16
6175.85	3.68474e-16
6177.31	4.71153e-16
6178.77	4.13301e-16
6180.23	4.12117e-16
6181.69	4.0041e-16
6183.15	3.80152e-16
6184.61	3.2941e-16
6186.07	3.2948e-16
6187.53	4.26408e-16
6188.99	4.01565e-16
6190.45	3.42011e-16
6191.91	3.52544e-16
6193.37	3.30331e-16
6194.83	3.49937e-16
6196.29	3.2814e-16
6197.75	3.60677e-16
6199.21	3.68153e-16
6200.67	3.09756e-16
6202.13	3.67513e-16
6203.58	3.81714e-16
6205.04	3.64786e-16
6206.5	3.61197e-16
6207.96	3.95186e-16
6209.42	4.27291e-16
6210.88	3.88363e-16
6212.34	4.12228e-16
6213.8	4.31528e-16
6215.26	4.11985e-16
6216.72	3.96447e-16
6218.18	3.70237e-16
6219.64	4.15159e-16
6221.1	4.59051e-16
6222.56	4.22563e-16
6224.02	4.27389e-16
6225.48	4.28766e-16
6226.94	4.13136e-16
6228.4	4.46164e-16
6229.86	4.00659e-16
6231.32	3.33236e-16
6232.78	3.78859e-16
6234.24	4.32929e-16
6235.7	4.28933e-16
6237.16	4.01652e-16
6238.62	3.84368e-16
6240.08	4.0586e-16
6241.54	4.14823e-16
6243	4.15762e-16
6244.46	3.95721e-16
6245.92	4.27251e-16
6247.38	4.44411e-16
6248.84	4.26998e-16
6250.3	3.7157e-16
6251.76	3.18583e-16
6253.22	3.65661e-16
6254.68	4.63934e-16
6256.14	4.45703e-16
6257.6	3.36595e-16
6259.06	2.43081e-16
6260.52	4.18679e-16
6261.98	5.51997e-16
6263.44	4.90322e-16
6264.9	4.40879e-16
6266.36	4.20681e-16
6267.82	4.07295e-16
6269.28	4.45724e-16
6270.73	4.75185e-16
6272.19	4.59791e-16
6273.65	4.87521e-16
6275.11	4.64613e-16
6276.57	3.76039e-16
6278.03	4.41638e-16
6279.49	4.56454e-16
6280.95	4.98915e-16
6282.41	5.09086e-16
6283.87	4.57822e-16
6285.33	5.24341e-16
6286.79	5.89703e-16
6288.25	4.68488e-16
6289.71	3.44783e-16
6291.17	3.80588e-16
6292.63	4.32229e-16
6294.09	4.01338e-16
6295.55	3.72217e-16
6297.01	4.07188e-16
6298.47	4.11884e-16
6299.93	3.98156e-16
6301.39	3.62622e-16
6302.85	3.84467e-16
6304.31	4.69868e-16
6305.77	5.04114e-16
6307.23	4.82141e-16
6308.69	4.26129e-16
6310.15	4.16502e-16
6311.61	4.40507e-16
6313.07	4.15933e-16
6314.53	4.36289e-16
6315.99	4.71659e-16
6317.45	4.21028e-16
6318.91	4.63687e-16
6320.37	4.25397e-16
6321.83	4.06234e-16
6323.29	4.74251e-16
6324.75	4.4904e-16
6326.21	3.82984e-16
6327.67	4.38317e-16
6329.13	4.40815e-16
6330.59	4.25853e-16
6332.05	3.8592e-16
6333.51	3.79412e-16
6334.97	4.00184e-16
6336.42	4.62393e-16
6337.88	5.13732e-16
6339.34	4.15798e-16
6340.8	3.72256e-16
6342.26	3.76647e-16
6343.72	3.51001e-16
6345.18	4.1522e-16
6346.64	4.31427e-16
6348.1	4.16064e-16
6349.56	3.96472e-16
6351.02	4.22626e-16
6352.48	4.57298e-16
6353.94	3.89227e-16
6355.4	3.64039e-16
6356.86	4.02761e-16
6358.32	3.85514e-16
6359.78	3.98987e-16
6361.24	4.53409e-16
6362.7	4.5117e-16
6364.16	4.09262e-16
6365.62	4.25361e-16
6367.08	4.4532e-16
6368.54	4.35126e-16
6370	4.46238e-16
6371.46	4.44896e-16
6372.92	4.19584e-16
6374.38	4.13134e-16
6375.84	4.52851e-16
6377.3	4.54735e-16
6378.76	4.35645e-16
6380.22	4.2456e-16
6381.68	3.91836e-16
6383.14	4.03339e-16
6384.6	3.90722e-16
6386.06	3.06045e-16
6387.52	3.78634e-16
6388.98	5.23049e-16
6390.44	5.22989e-16
6391.9	4.61523e-16
6393.36	4.03548e-16
6394.82	3.7753e-16
6396.28	4.16274e-16
6397.74	4.55153e-16
6399.2	4.45204e-16
6400.66	4.29987e-16
6402.12	4.0298e-16
6403.57	3.9589e-16
6405.03	4.00102e-16
6406.49	4.18695e-16
6407.95	4.21578e-16
6409.41	3.63624e-16
6410.87	3.87178e-16
6412.33	3.75013e-16
6413.79	3.0908e-16
6415.25	3.78271e-16
6416.71	4.31728e-16
6418.17	3.84727e-16
6419.63	3.59406e-16
6421.09	3.97526e-16
6422.55	4.03845e-16
6424.01	3.64057e-16
6425.47	3.68006e-16
6426.93	3.91722e-16
6428.39	3.81005e-16
6429.85	3.75335e-16
6431.31	4.25427e-16
6432.77	4.22374e-16
6434.23	3.58887e-16
6435.69	3.54869e-16
6437.15	3.81163e-16
6438.61	4.07384e-16
6440.07	3.92392e-16
6441.53	3.49159e-16
6442.99	3.48423e-16
6444.45	3.65496e-16
6445.91	3.93794e-16
6447.37	4.1111e-16
6448.83	3.77123e-16
6450.29	3.69159e-16
6451.75	4.24176e-16
6453.21	4.4651e-16
6454.67	4.27693e-16
6456.13	4.1723e-16
6457.59	3.99861e-16
6459.05	4.20931e-16
6460.51	4.03111e-16
6461.97	3.74644e-16
6463.43	3.34267e-16
6464.89	3.48433e-16
6466.35	4.09419e-16
6467.81	4.2909e-16
6469.26	4.21774e-16
6470.72	4.10022e-16
6472.18	4.08147e-16
6473.64	4.17779e-16
6475.1	4.11843e-16
6476.56	4.21964e-16
6478.02	4.47402e-16
6479.48	3.58352e-16
6480.94	2.7943e-16
6482.4	3.49563e-16
6483.86	3.93318e-16
6485.32	3.63036e-16
6486.78	3.22788e-16
6488.24	3.24631e-16
6489.7	3.90364e-16
6491.16	4.13751e-16
6492.62	3.66717e-16
6494.08	3.5364e-16
6495.54	3.53602e-16
6497	3.2629e-16
6498.46	3.03692e-16
6499.92	3.51406e-16
6501.38	4.3063e-16
6502.84	4.03317e-16
6504.3	3.72595e-16
6505.76	3.73037e-16
6507.22	3.39055e-16
6508.68	3.53103e-16
6510.14	3.68209e-16
6511.6	3.51366e-16
6513.06	3.18355e-16
6514.52	3.73444e-16
6515.98	4.07637e-16
6517.44	3.70363e-16
6518.9	3.73227e-16
6520.36	4.10129e-16
6521.82	3.82148e-16
6523.28	3.13069e-16
6524.74	3.35689e-16
6526.2	3.2154e-16
6527.66	2.67258e-16
6529.12	3.06315e-16
6530.58	3.07336e-16
6532.04	3.08355e-16
6533.5	3.09374e-16
6534.96	3.10392e-16
6536.41	3.11408e-16
6537.87	3.12424e-16
6539.33	3.13439e-16
6540.79	3.14453e-16
6542.25	3.15465e-16
6543.71	3.16477e-16
6545.17	3.17488e-16
6546.63	3.18498e-16
6548.09	3.19506e-16
6549.55	3.20514e-16
6551.01	3.21521e-16
6552.47	3.22526e-16
6553.93	3.23531e-16
6555.39	3.24535e-16
6556.85	3.25538e-16
6558.31	3.2654e-16
6559.77	3.27541e-16
6561.23	3.28541e-16
6562.69	3.29539e-16
6564.15	3.30538e-16
6565.61	3.31534e-16
6567.07	3.3253e-16
6568.53	3.32247e-16
6569.99	3.31963e-16
6571.45	3.3168e-16
6572.91	3.31397e-16
6574.37	3.31114e-16
6575.83	3.30831e-16
6577.29	3.30549e-16
6578.75	3.30267e-16
6580.21	3.29985e-16
6581.67	3.29703e-16
6583.13	3.29422e-16
6584.59	3.29141e-16
6586.05	3.2886e-16
6587.51	3.28579e-16
6588.97	3.28299e-16
6590.43	3.28019e-16
6591.89	3.27739e-16
6593.35	3.27459e-16
6594.81	3.2718e-16
6596.27	3.26901e-16
6597.73	3.26622e-16
6599.19	3.26343e-16
6600.65	3.26065e-16
6602.11	3.25786e-16
6603.57	2.77818e-16
6605.02	3.05705e-16
6606.48	2.94342e-16
6607.94	3.3412e-16
6609.4	4.05095e-16
6610.86	3.57955e-16
6612.32	3.05915e-16
6613.78	2.79797e-16
6615.24	3.0358e-16
6616.7	3.56575e-16
6618.16	3.77722e-16
6619.62	3.94084e-16
6621.08	4.21393e-16
6622.54	4.13424e-16
6624	3.45524e-16
6625.46	3.17085e-16
6626.92	3.32377e-16
6628.38	3.53158e-16
6629.84	3.70597e-16
6631.3	3.59708e-16
6632.76	3.63107e-16
6634.22	3.73387e-16
6635.68	3.89126e-16
6637.14	4.07074e-16
6638.6	3.84057e-16
6640.06	3.65106e-16
6641.52	3.51801e-16
6642.98	3.47268e-16
6644.44	3.41161e-16
6645.9	3.53253e-16
6647.36	3.34676e-16
6648.82	2.87821e-16
6650.28	3.21817e-16
6651.74	3.27639e-16
6653.2	3.10372e-16
6654.66	3.75717e-16
6656.12	4.00269e-16
6657.58	3.45531e-16
6659.04	3.16331e-16
6660.5	3.56101e-16
6661.96	3.98828e-16
6663.42	4.02861e-16
6664.88	3.73132e-16
6666.34	3.64331e-16
6667.8	3.65778e-16
6669.26	3.08561e-16
6670.72	3.1795e-16
6672.17	3.71184e-16
6673.63	3.38848e-16
6675.09	2.64576e-16
6676.55	2.61825e-16
6678.01	3.18162e-16
6679.47	3.32348e-16
6680.93	3.12313e-16
6682.39	3.13525e-16
6683.85	2.78471e-16
6685.31	2.53224e-16
6686.77	2.99847e-16
6688.23	3.29483e-16
6689.69	3.12686e-16
6691.15	3.4559e-16
6692.61	3.94135e-16
6694.07	3.94201e-16
6695.53	3.8695e-16
6696.99	4.03332e-16
6698.45	4.24329e-16
6699.91	4.2088e-16
6701.37	4.17434e-16
6702.83	4.13991e-16
6704.29	4.10551e-16
6705.75	4.07115e-16
6707.21	4.03682e-16
6708.67	4.00253e-16
6710.13	3.96825e-16
6711.59	3.93402e-16
6713.05	3.9143e-16
6714.51	3.89461e-16
6715.97	3.87493e-16
6717.43	3.85526e-16
6718.89	3.83562e-16
6720.35	3.81599e-16
6721.81	3.79639e-16
6723.27	3.77679e-16
6724.73	3.75722e-16
6726.19	3.73767e-16
6727.65	3.71813e-16
6729.11	3.69861e-16
6730.57	3.6791e-16
6732.03	3.65962e-16
6733.49	3.64015e-16
6734.95	3.62071e-16
6736.41	3.60127e-16
6737.86	3.58186e-16
6739.32	3.56246e-16
6740.78	3.54308e-16
6742.24	3.52372e-16
6743.7	3.50437e-16
6745.16	3.48505e-16
6746.62	3.46574e-16
6748.08	3.44645e-16
6749.54	3.42717e-16
6751	2.84029e-16
6752.46	3.3272e-16
6753.92	3.62999e-16
6755.38	3.29971e-16
6756.84	3.15112e-16
6758.3	2.93731e-16
6759.76	3.06965e-16
6761.22	3.80049e-16
6762.68	3.57533e-16
6764.14	3.33287e-16
6765.6	3.38189e-16
6767.06	2.87211e-16
6768.52	2.79322e-16
6769.98	3.26965e-16
6771.44	3.92625e-16
6772.9	3.72494e-16
6774.36	3.50399e-16
6775.82	3.27246e-16
6777.28	3.1624e-16
6778.74	3.25445e-16
6780.2	2.76542e-16
6781.66	2.77038e-16
6783.12	3.36863e-16
6784.58	3.63911e-16
6786.04	3.35199e-16
6787.5	3.36833e-16
6788.96	3.74271e-16
6790.42	3.53538e-16
6791.88	3.24373e-16
6793.34	3.23352e-16
6794.8	3.34622e-16
6796.26	3.697e-16
6797.72	3.64107e-16
6799.18	3.24272e-16
6800.64	3.00429e-16
6802.1	3.02805e-16
6803.56	2.9702e-16
6805.01	2.83882e-16
6806.47	2.87992e-16
6807.93	3.13331e-16
6809.39	3.46715e-16
6810.85	3.23234e-16
6812.31	2.99838e-16
6813.77	3.45592e-16
6815.23	3.20166e-16
6816.69	2.81946e-16
6818.15	3.53034e-16
6819.61	3.76622e-16
6821.07	3.33032e-16
6822.53	3.21249e-16
6823.99	3.44329e-16
6825.45	3.38987e-16
6826.91	3.35358e-16
6828.37	3.52511e-16
6829.83	3.43084e-16
6831.29	3.11299e-16
6832.75	3.07161e-16
6834.21	3.11317e-16
6835.67	2.57683e-16
6837.13	2.55313e-16
6838.59	3.14944e-16
6840.05	3.22358e-16
6841.51	2.9219e-16
6842.97	2.89242e-16
6844.43	3.06291e-16
6845.89	2.90534e-16
6847.35	2.58237e-16
6848.81	3.12794e-16
6850.27	3.70407e-16
6851.73	3.08018e-16
6853.19	2.65037e-16
6854.65	2.53376e-16
6856.11	2.66281e-16
6857.57	3.47049e-16
6859.03	3.41544e-16
6860.49	2.82629e-16
6861.95	2.66693e-16
6863.41	2.75305e-16
6864.87	3.20231e-16
6866.33	3.48517e-16
6867.79	3.64734e-16
6869.25	3.39068e-16
6870.7	2.87857e-16
6872.16	3.06679e-16
6873.62	3.38108e-16
6875.08	3.26383e-16
6876.54	3.11861e-16
6878	3.33054e-16
6879.46	3.09292e-16
6880.92	2.21003e-16
6882.38	2.33682e-16
6883.84	3.28299e-16
6885.3	3.46275e-16
6886.76	3.23666e-16
6888.22	3.22561e-16
6889.68	3.04688e-16
6891.14	3.02962e-16
6892.6	3.02842e-16
6894.06	2.95511e-16
6895.52	3.268e-16
6896.98	3.29596e-16
6898.44	2.75329e-16
6899.9	2.6124e-16
6901.36	2.97831e-16
6902.82	2.78093e-16
6904.28	2.7455e-16
6905.74	3.31048e-16
6907.2	3.54465e-16
6908.66	3.41657e-16
6910.12	3.40025e-16
6911.58	3.34742e-16
6913.04	3.12698e-16
6914.5	2.8817e-16
6915.96	2.92475e-16
6917.42	3.03776e-16
6918.88	2.82894e-16
6920.34	2.91761e-16
6921.8	2.93887e-16
6923.26	2.56903e-16
6924.72	2.69623e-16
6926.18	3.09649e-16
6927.64	3.05663e-16
6929.1	3.02044e-16
6930.56	3.36292e-16
6932.02	3.35275e-16
6933.48	3.09453e-16
6934.94	3.24597e-16
6936.4	3.30108e-16
6937.85	3.211e-16
6939.31	3.1865e-16
6940.77	2.99285e-16
6942.23	2.81421e-16
6943.69	2.9549e-16
6945.15	3.29168e-16
6946.61	3.21883e-16
6948.07	2.86092e-16
6949.53	2.77612e-16
6950.99	2.54323e-16
6952.45	2.84876e-16
6953.91	3.24783e-16
6955.37	3.20246e-16
6956.83	3.44614e-16
6958.29	3.08009e-16
6959.75	2.53674e-16
6961.21	3.13836e-16
6962.67	3.83908e-16
6964.13	3.70829e-16
6965.59	3.32724e-16
6967.05	3.06787e-16
6968.51	3.03731e-16
6969.97	3.06158e-16
6971.43	2.97357e-16
6972.89	2.98958e-16
6974.35	2.89388e-16
6975.81	2.80328e-16
6977.27	2.75164e-16
6978.73	3.20159e-16
6980.19	3.03007e-16
6981.65	2.40887e-16
6983.11	2.66367e-16
6984.57	2.86462e-16
6986.03	2.98985e-16
6987.49	3.24303e-16
6988.95	3.22364e-16
6990.41	2.8499e-16
6991.87	2.86903e-16
6993.33	2.6313e-16
6994.79	2.8914e-16
6996.25	3.3966e-16
6997.71	3.12723e-16
6999.17	2.72933e-16
7000.63	2.64442e-16
7002.09	3.00892e-16
7003.54	3.28565e-16
7005	2.87498e-16
7006.46	2.68515e-16
7007.92	2.67303e-16
7009.38	2.58764e-16
7010.84	2.88419e-16
7012.3	2.7633e-16
7013.76	2.77775e-16
7015.22	3.3014e-16
7016.68	3.07734e-16
7018.14	2.49716e-16
7019.6	2.65239e-16
7021.06	2.80166e-16
7022.52	2.78124e-16
7023.98	2.51442e-16
7025.44	2.44171e-16
7026.9	2.99517e-16
7028.36	3.17679e-16
7029.82	2.93271e-16
7031.28	2.99952e-16
7032.74	3.01261e-16
7034.2	3.02373e-16
7035.66	3.05011e-16
7037.12	3.13314e-16
7038.58	2.84038e-16
7040.04	2.4001e-16
7041.5	2.78086e-16
7042.96	2.93023e-16
7044.42	2.84232e-16
7045.88	2.95041e-16
7047.34	2.86511e-16
7048.8	2.70741e-16
7050.26	2.77827e-16
7051.72	2.77453e-16
7053.18	2.78358e-16
7054.64	2.70624e-16
7056.1	2.73941e-16
7057.56	2.71172e-16
7059.02	2.46971e-16
7060.48	2.40456e-16
7061.94	2.6211e-16
7063.4	3.1107e-16
7064.86	3.07188e-16
7066.32	2.97773e-16
7067.78	2.96674e-16
7069.24	2.72793e-16
7070.7	2.71015e-16
7072.16	2.98058e-16
7073.61	2.82765e-16
7075.07	2.15759e-16
7076.53	1.53244e-16
7077.99	1.64884e-16
7079.45	2.19254e-16
7080.91	2.48609e-16
7082.37	2.93288e-16
7083.83	3.16807e-16
7085.29	3.18404e-16
7086.75	3.03294e-16
7088.21	3.08584e-16
7089.67	3.15006e-16
7091.13	2.848e-16
7092.59	2.62941e-16
7094.05	2.53202e-16
7095.51	2.39938e-16
7096.97	2.44112e-16
7098.43	2.6629e-16
7099.89	2.64244e-16
7101.35	2.40733e-16
7102.81	2.38052e-16
7104.27	2.47784e-16
7105.73	2.44758e-16
7107.19	2.33519e-16
7108.65	2.35675e-16
7110.11	2.56229e-16
7111.57	2.58736e-16
7113.03	2.64896e-16
7114.49	2.8121e-16
7115.95	2.59976e-16
7117.41	2.51967e-16
7118.87	3.2406e-16
7120.33	3.77243e-16
7121.79	3.19217e-16
7123.25	2.5896e-16
7124.71	2.43828e-16
7126.17	2.47434e-16
7127.63	3.03619e-16
7129.09	3.23879e-16
7130.55	2.96117e-16
7132.01	2.79735e-16
7133.47	2.68887e-16
7134.93	2.79313e-16
7136.39	2.7253e-16
7137.85	2.91057e-16
7139.3	3.09086e-16
7140.76	2.72953e-16
7142.22	2.36489e-16
7143.68	2.50785e-16
7145.14	2.87977e-16
7146.6	2.73094e-16
7148.06	2.31752e-16
7149.52	2.05006e-16
7150.98	2.46845e-16
7152.44	2.86322e-16
7153.9	2.59999e-16
7155.36	2.46681e-16
7156.82	2.44357e-16
7158.28	2.53765e-16
7159.74	2.86768e-16
7161.2	2.88844e-16
7162.66	2.6909e-16
7164.12	2.58921e-16
7165.58	2.4743e-16
7167.04	2.25378e-16
7168.5	1.9696e-16
7169.96	2.13099e-16
7171.42	2.69429e-16
7172.88	2.93202e-16
7174.34	2.60231e-16
7175.8	2.51101e-16
7177.26	2.61296e-16
7178.72	2.54908e-16
7180.18	2.32349e-16
7181.64	2.26584e-16
7183.1	2.88789e-16
7184.56	2.99694e-16
7186.02	2.45656e-16
7187.48	2.10197e-16
7188.94	2.2696e-16
7190.4	3.15507e-16
7191.86	3.4533e-16
7193.32	2.49886e-16
7194.78	1.85763e-16
7196.24	1.96082e-16
7197.7	2.21619e-16
7199.16	2.54612e-16
7200.62	2.58301e-16
7202.08	2.45338e-16
7203.54	2.66366e-16
7205	2.55161e-16
7206.45	2.22607e-16
7207.91	2.55647e-16
7209.37	2.99849e-16
7210.83	2.96878e-16
7212.29	2.75594e-16
7213.75	2.36856e-16
7215.21	2.36922e-16
7216.67	2.8211e-16
7218.13	2.68567e-16
7219.59	2.45136e-16
7221.05	2.01614e-16
7222.51	1.86795e-16
7223.97	2.26825e-16
7225.43	2.44866e-16
7226.89	2.67999e-16
7228.35	2.75528e-16
7229.81	2.44692e-16
7231.27	1.991e-16
7232.73	1.83107e-16
7234.19	2.2212e-16
7235.65	2.8865e-16
7237.11	2.65817e-16
7238.57	2.3986e-16
7240.03	2.72903e-16
7241.49	2.64306e-16
7242.95	1.9784e-16
7244.41	2.09583e-16
7245.87	2.05564e-16
7247.33	1.67286e-16
7248.79	1.54558e-16
7250.25	1.81662e-16
7251.71	2.67128e-16
7253.17	3.08273e-16
7254.63	2.38593e-16
7256.09	1.94429e-16
7257.55	1.65542e-16
7259.01	1.9432e-16
7260.47	2.49463e-16
7261.93	2.21337e-16
7263.39	2.13894e-16
7264.85	3.23425e-16
7266.31	4.21325e-16
7267.77	2.77258e-16
7269.23	1.41402e-16
7270.69	2.02696e-16
7272.14	2.30778e-16
7273.6	2.10657e-16
7275.06	2.11289e-16
7276.52	2.14206e-16
7277.98	1.92961e-16
7279.44	2.10884e-16
7280.9	2.77066e-16
7282.36	2.5754e-16
7283.82	2.24454e-16
7285.28	2.01313e-16
7286.74	1.68164e-16
7288.2	1.70291e-16
7289.66	2.26117e-16
7291.12	1.93554e-16
7292.58	1.58233e-16
7294.04	2.15391e-16
7295.5	1.82438e-16
7296.96	1.82625e-16
7298.42	2.41778e-16
7299.88	2.13836e-16
7301.34	2.17789e-16
7302.8	2.2218e-16
7304.26	1.82315e-16
7305.72	2.13958e-16
7307.18	2.29616e-16
7308.64	2.20169e-16
7310.1	1.73787e-16
7311.56	1.64417e-16
7313.02	2.10934e-16
7314.48	2.19718e-16
7315.94	1.88638e-16
7317.4	1.77534e-16
7318.86	1.79444e-16
7320.32	2.20436e-16
7321.78	2.31358e-16
7323.24	1.86621e-16
7324.7	1.72882e-16
7326.16	1.78867e-16
7327.62	2.10836e-16
7329.08	2.13721e-16
7330.54	2.12588e-16
7332	2.334e-16
7333.46	2.07107e-16
7334.92	1.7237e-16
7336.38	1.99671e-16
7337.84	1.75696e-16
7339.29	1.31682e-16
7340.75	1.75411e-16
7342.21	2.16842e-16
7343.67	1.97165e-16
7345.13	1.89078e-16
7346.59	1.93707e-16
7348.05	1.45599e-16
7349.51	1.69637e-16
7350.97	2.37108e-16
7352.43	2.78782e-16
7353.89	2.25774e-16
7355.35	1.77609e-16
7356.81	1.82651e-16
7358.27	1.93288e-16
7359.73	2.20712e-16
7361.19	1.63288e-16
7362.65	1.72082e-16
7364.11	1.99109e-16
7365.57	1.9935e-16
7367.03	2.07123e-16
7368.49	2.22661e-16
7369.95	2.2385e-16
