3183.71	6.01144e-16
3185.65	5.99185e-16
3187.59	5.85137e-16
3189.52	5.86417e-16
3191.46	5.75755e-16
3193.4	5.95178e-16
3195.33	5.94332e-16
3197.27	5.9962e-16
3199.21	5.75539e-16
3201.14	5.59363e-16
3203.08	5.64118e-16
3205.01	5.63763e-16
3206.95	5.59757e-16
3208.89	5.47554e-16
3210.82	5.64906e-16
3212.76	5.53853e-16
3214.7	5.669e-16
3216.63	5.85659e-16
3218.57	5.70465e-16
3220.51	5.75876e-16
3222.44	5.70986e-16
3224.38	5.54997e-16
3226.32	5.61099e-16
3228.25	5.77637e-16
3230.19	5.63019e-16
3232.13	5.88483e-16
3234.06	5.85859e-16
3236	5.7752e-16
3237.93	5.65424e-16
3239.87	5.79212e-16
3241.81	5.88727e-16
3243.74	6.11541e-16
3245.68	6.35854e-16
3247.62	6.31701e-16
3249.55	6.12258e-16
3251.49	6.14927e-16
3253.43	6.12124e-16
3255.36	6.13191e-16
3257.3	6.299e-16
3259.24	6.16991e-16
3261.17	6.09949e-16
3263.11	6.27656e-16
3265.04	6.22019e-16
3266.98	6.19846e-16
3268.92	6.35957e-16
3270.85	6.46715e-16
3272.79	6.33944e-16
3274.73	6.39316e-16
3276.66	6.63933e-16
3278.6	6.62701e-16
3280.54	6.59063e-16
3282.47	6.46239e-16
3284.41	6.49318e-16
3286.35	6.51238e-16
3288.28	6.43794e-16
3290.22	6.40401e-16
3292.15	6.4996e-16
3294.09	6.6927e-16
3296.03	6.67865e-16
3297.96	6.61556e-16
3299.9	6.90122e-16
3301.84	6.97642e-16
3303.77	6.86528e-16
3305.71	6.87402e-16
3307.65	6.78425e-16
3309.58	7.00726e-16
3311.52	7.17619e-16
3313.46	7.16412e-16
3315.39	7.07794e-16
3317.33	6.93765e-16
3319.27	6.8254e-16
3321.2	6.84987e-16
3323.14	6.76527e-16
3325.07	7.0754e-16
3327.01	7.5026e-16
3328.95	7.52115e-16
3330.88	7.49052e-16
3332.82	7.42785e-16
3334.76	7.48345e-16
3336.69	7.69652e-16
3338.63	7.53559e-16
3340.57	7.63669e-16
3342.5	7.93793e-16
3344.44	7.9617e-16
3346.38	7.96385e-16
3348.31	8.05408e-16
3350.25	8.11274e-16
3352.18	8.01805e-16
3354.12	8.18629e-16
3356.06	8.20372e-16
3357.99	8.00598e-16
3359.93	8.13252e-16
3361.87	8.37492e-16
3363.8	8.3442e-16
3365.74	8.44496e-16
3367.68	8.63085e-16
3369.61	8.65957e-16
3371.55	8.81349e-16
3373.49	8.75194e-16
3375.42	8.5557e-16
3377.36	8.54722e-16
3379.29	8.63532e-16
3381.23	8.6963e-16
3383.17	8.74443e-16
3385.1	8.76438e-16
3387.04	8.83932e-16
3388.98	8.83157e-16
3390.91	8.95105e-16
3392.85	9.00827e-16
3394.79	9.01983e-16
3396.72	8.93974e-16
3398.66	8.92769e-16
3400.6	8.86916e-16
3402.53	8.88615e-16
3404.47	9.02509e-16
3406.41	9.00747e-16
3408.34	9.0075e-16
3410.28	9.13557e-16
3412.21	9.1586e-16
3414.15	9.03518e-16
3416.09	9.11553e-16
3418.02	9.03423e-16
3419.96	8.97316e-16
3421.9	9.13837e-16
3423.83	9.10863e-16
3425.77	9.18116e-16
3427.71	9.29705e-16
3429.64	9.34442e-16
3431.58	9.17604e-16
3433.52	9.04305e-16
3435.45	9.13727e-16
3437.39	9.20813e-16
3439.32	9.23111e-16
3441.26	9.1696e-16
3443.2	9.10386e-16
3445.13	9.10556e-16
3447.07	9.07727e-16
3449.01	8.93651e-16
3450.94	9.03344e-16
3452.88	9.1677e-16
3454.82	9.07728e-16
3456.75	9.13316e-16
3458.69	9.04732e-16
3460.63	8.83894e-16
3462.56	8.87115e-16
3464.5	8.84215e-16
3466.43	8.84128e-16
3468.37	8.8184e-16
3470.31	8.80851e-16
3472.24	8.93282e-16
3474.18	8.95678e-16
3476.12	8.72285e-16
3478.05	8.64888e-16
3479.99	8.86169e-16
3481.93	8.87225e-16
3483.86	8.71895e-16
3485.8	8.69298e-16
3487.74	8.69533e-16
3489.67	8.7083e-16
3491.61	8.6893e-16
3493.55	8.66505e-16
3495.48	8.60306e-16
3497.42	8.522e-16
3499.35	8.54921e-16
3501.29	8.57349e-16
3503.23	8.54504e-16
3505.16	8.5405e-16
3507.1	8.69741e-16
3509.04	8.55558e-16
3510.97	8.48502e-16
3512.91	8.49455e-16
3514.85	8.45502e-16
3516.78	8.63424e-16
3518.72	8.68204e-16
3520.66	8.51193e-16
3522.59	8.49158e-16
3524.53	8.64721e-16
3526.46	8.71541e-16
3528.4	8.67898e-16
3530.34	8.62969e-16
3532.27	8.74426e-16
3534.21	8.81411e-16
3536.15	8.68207e-16
3538.08	8.53835e-16
3540.02	8.6655e-16
3541.96	8.69007e-16
3543.89	8.74683e-16
3545.83	8.93762e-16
3547.77	8.86e-16
3549.7	8.76183e-16
3551.64	8.7559e-16
3553.57	8.71578e-16
3555.51	8.74805e-16
3557.45	8.80273e-16
3559.38	8.81995e-16
3561.32	8.79165e-16
3563.26	8.8209e-16
3565.19	8.81465e-16
3567.13	8.81318e-16
3569.07	9.01258e-16
3571	9.2163e-16
3572.94	9.22481e-16
3574.88	9.11045e-16
3576.81	9.18666e-16
3578.75	9.19878e-16
3580.69	9.10619e-16
3582.62	9.23236e-16
3584.56	9.32988e-16
3586.49	9.15892e-16
3588.43	9.04603e-16
3590.37	9.09739e-16
3592.3	8.94553e-16
3594.24	8.70471e-16
3596.18	8.7065e-16
3598.11	8.65116e-16
3600.05	8.48557e-16
3601.99	8.35302e-16
3603.92	8.25807e-16
3605.86	8.30905e-16
3607.8	8.17819e-16
3609.73	7.98517e-16
3611.67	8.02288e-16
3613.6	7.99548e-16
3615.54	7.79961e-16
3617.48	7.73668e-16
3619.41	7.76468e-16
3621.35	7.68778e-16
3623.29	7.63074e-16
3625.22	7.51839e-16
3627.16	7.44856e-16
3629.1	7.41915e-16
3631.03	7.36774e-16
3632.97	7.36001e-16
3634.91	7.30836e-16
3636.84	7.156e-16
3638.78	7.0014e-16
3640.71	7.0139e-16
3642.65	6.94893e-16
3644.59	6.7536e-16
3646.52	6.6746e-16
3648.46	6.57388e-16
3650.4	6.36678e-16
3652.33	6.31207e-16
3654.27	6.32459e-16
3656.21	6.23634e-16
3658.14	6.13654e-16
3660.08	6.11474e-16
3662.02	6.00614e-16
3663.95	5.9789e-16
3665.89	6.15581e-16
3667.83	6.0716e-16
3669.76	5.84722e-16
3671.7	5.78871e-16
3673.63	5.76873e-16
3675.57	5.76134e-16
3677.51	5.72168e-16
3679.44	5.68456e-16
3681.38	5.66859e-16
3683.32	5.63678e-16
3685.25	5.50268e-16
3687.19	5.55301e-16
3689.13	5.53669e-16
3691.06	5.50427e-16
3693	5.46597e-16
3694.94	5.42507e-16
3696.87	5.39565e-16
3698.81	5.39246e-16
3700.74	5.34077e-16
3702.68	5.36237e-16
3704.62	5.35387e-16
3706.55	5.40896e-16
3708.49	5.4437e-16
3710.43	5.47845e-16
3712.36	5.51829e-16
3714.3	5.55813e-16
3716.24	5.59799e-16
3718.17	5.63786e-16
3720.11	5.67775e-16
3722.05	5.71767e-16
3723.98	5.75759e-16
3725.92	5.79754e-16
3727.86	5.83749e-16
3729.79	5.87747e-16
3731.73	5.91746e-16
3733.66	5.95747e-16
3735.6	5.9975e-16
3737.54	6.03754e-16
3739.47	6.0776e-16
3741.41	6.11768e-16
3743.35	6.15777e-16
3745.28	6.19788e-16
3747.22	6.238e-16
3749.16	6.32444e-16
3751.09	6.30265e-16
3753.03	6.33993e-16
3754.97	6.49441e-16
3756.9	6.60657e-16
3758.84	6.70194e-16
3760.77	6.8697e-16
3762.71	7.09736e-16
3764.65	7.30836e-16
3766.58	7.46106e-16
3768.52	7.57392e-16
3770.46	7.70817e-16
3772.39	7.817e-16
3774.33	7.84832e-16
3776.27	7.97854e-16
3778.2	8.24219e-16
3780.14	8.34022e-16
3782.08	8.55047e-16
3784.01	8.75998e-16
3785.95	9.02772e-16
3787.88	9.35447e-16
3789.82	9.55111e-16
3791.76	9.85123e-16
3793.69	1.00842e-15
3795.63	1.03268e-15
3797.57	1.06327e-15
3799.5	1.07785e-15
3801.44	1.10886e-15
3803.38	1.14621e-15
3805.31	1.1822e-15
3807.25	1.21242e-15
3809.19	1.21613e-15
3811.12	1.2355e-15
3813.06	1.27278e-15
3815	1.30066e-15
3816.93	1.3207e-15
3818.87	1.33391e-15
3820.8	1.36066e-15
3822.74	1.38643e-15
3824.68	1.39482e-15
3826.61	1.38508e-15
3828.55	1.41037e-15
3830.49	1.43149e-15
3832.42	1.4464e-15
3834.36	1.46347e-15
3836.3	1.48255e-15
3838.23	1.47786e-15
3840.17	1.50399e-15
3842.11	1.51719e-15
3844.04	1.53457e-15
3845.98	1.50703e-15
3847.91	1.50874e-15
3849.85	1.5162e-15
3851.79	1.49809e-15
3853.72	1.47952e-15
3855.66	1.46071e-15
3857.6	1.42032e-15
3859.53	1.34144e-15
3861.47	1.25667e-15
3863.41	1.23786e-15
3865.34	1.28778e-15
3867.28	1.33425e-15
3869.22	1.35959e-15
3871.15	1.34783e-15
3873.09	1.34504e-15
3875.02	1.32217e-15
3876.96	1.3169e-15
3878.9	1.30476e-15
3880.83	1.30496e-15
3882.77	1.31472e-15
3884.71	1.32263e-15
3886.64	1.32145e-15
3888.58	1.31189e-15
3890.52	1.29294e-15
3892.45	1.3066e-15
3894.39	1.30298e-15
3896.33	1.30031e-15
3898.26	1.30819e-15
3900.2	1.30581e-15
3902.14	1.28661e-15
3904.07	1.24542e-15
3906.01	1.26188e-15
3907.94	1.29413e-15
3909.88	1.32903e-15
3911.82	1.3547e-15
3913.75	1.34773e-15
3915.69	1.36559e-15
3917.63	1.34706e-15
3919.56	1.33678e-15
3921.5	1.34241e-15
3923.44	1.33922e-15
3925.37	1.31918e-15
3927.31	1.27477e-15
3929.25	1.20756e-15
3931.18	1.20288e-15
3933.12	1.263e-15
3935.05	1.32644e-15
3936.99	1.32317e-15
3938.93	1.30403e-15
3940.86	1.2988e-15
3942.8	1.30409e-15
3944.74	1.32341e-15
3946.67	1.33845e-15
3948.61	1.35238e-15
3950.55	1.35534e-15
3952.48	1.35767e-15
3954.42	1.35751e-15
3956.36	1.34003e-15
3958.29	1.34048e-15
3960.23	1.33733e-15
3962.16	1.30324e-15
3964.1	1.26383e-15
3966.04	1.27176e-15
3967.97	1.30803e-15
3969.91	1.3244e-15
3971.85	1.32663e-15
3973.78	1.32208e-15
3975.72	1.33038e-15
3977.66	1.30906e-15
3979.59	1.28057e-15
3981.53	1.27413e-15
3983.47	1.26105e-15
3985.4	1.23833e-15
3987.34	1.22747e-15
3989.28	1.22151e-15
3991.21	1.21235e-15
3993.15	1.20253e-15
3995.08	1.18889e-15
3997.02	1.18395e-15
3998.96	1.15916e-15
4000.89	1.15447e-15
4002.83	1.1622e-15
4004.77	1.15341e-15
4006.7	1.15029e-15
4008.64	1.14705e-15
4010.58	1.13881e-15
4012.51	1.12581e-15
4014.45	1.11677e-15
4016.39	1.10695e-15
4018.32	1.10334e-15
4020.26	1.10413e-15
4022.19	1.09338e-15
4024.13	1.09189e-15
4026.07	1.09102e-15
4028	1.0882e-15
4029.94	1.09476e-15
4031.88	1.11074e-15
4033.81	1.10721e-15
4035.75	1.10526e-15
4037.69	1.11395e-15
4039.62	1.10838e-15
4041.56	1.11752e-15
4043.5	1.13257e-15
4045.43	1.14145e-15
4047.37	1.14173e-15
4049.3	1.15135e-15
4051.24	1.1388e-15
4053.18	1.13716e-15
4055.11	1.15242e-15
4057.05	1.16225e-15
4058.99	1.17665e-15
4060.92	1.16797e-15
4062.86	1.15757e-15
4064.8	1.16507e-15
4066.73	1.16484e-15
4068.67	1.15328e-15
4070.61	1.14607e-15
4072.54	1.13628e-15
4074.48	1.13458e-15
4076.42	1.121e-15
4078.35	1.10938e-15
4080.29	1.09826e-15
4082.22	1.08364e-15
4084.16	1.07951e-15
4086.1	1.0669e-15
4088.03	1.06872e-15
4089.97	1.06219e-15
4091.91	1.05132e-15
4093.84	1.03503e-15
4095.78	1.05258e-15
4097.72	1.06453e-15
4099.65	1.05646e-15
4101.59	1.02459e-15
4103.53	1.00661e-15
4105.46	1.01654e-15
4107.4	1.01687e-15
4109.33	1.01786e-15
4111.27	1.02384e-15
4113.21	1.02012e-15
4115.14	1.02267e-15
4117.08	1.01614e-15
4119.02	1.02226e-15
4120.95	1.02902e-15
4122.89	1.0159e-15
4124.83	1.00639e-15
4126.76	9.96585e-16
4128.7	9.87966e-16
4130.64	9.79251e-16
4132.57	9.77003e-16
4134.51	9.91506e-16
4136.44	9.91762e-16
4138.38	9.98315e-16
4140.32	9.98139e-16
4142.25	9.88566e-16
4144.19	9.7653e-16
4146.13	9.61648e-16
4148.06	9.60628e-16
4150	9.60924e-16
4151.94	9.63477e-16
4153.87	9.59945e-16
4155.81	9.57883e-16
4157.75	9.65562e-16
4159.68	9.60847e-16
4161.62	9.62213e-16
4163.56	9.57228e-16
4165.49	9.56285e-16
4167.43	9.52374e-16
4169.36	9.33286e-16
4171.3	9.2187e-16
4173.24	9.25108e-16
4175.17	9.42126e-16
4177.11	9.51677e-16
4179.05	9.51121e-16
4180.98	9.59551e-16
4182.92	9.67414e-16
4184.86	9.56217e-16
4186.79	9.52188e-16
4188.73	9.60355e-16
4190.67	9.71172e-16
4192.6	9.63982e-16
4194.54	9.53755e-16
4196.47	9.45547e-16
4198.41	9.4079e-16
4200.35	9.38153e-16
4202.28	9.33354e-16
4204.22	9.18971e-16
4206.16	9.07611e-16
4208.09	9.01064e-16
4210.03	9.05733e-16
4211.97	9.042e-16
4213.9	8.96774e-16
4215.84	8.93555e-16
4217.78	8.88756e-16
4219.71	8.82436e-16
4221.65	8.67948e-16
4223.58	8.59104e-16
4225.52	8.6834e-16
4227.46	8.65697e-16
4229.39	8.46162e-16
4231.33	8.37108e-16
4233.27	8.35648e-16
4235.2	8.27159e-16
4237.14	8.27444e-16
4239.08	8.3563e-16
4241.01	8.42415e-16
4242.95	8.3652e-16
4244.89	8.30236e-16
4246.82	8.17648e-16
4248.76	8.06587e-16
4250.7	8.18175e-16
4252.63	8.23374e-16
4254.57	8.21374e-16
4256.5	8.24222e-16
4258.44	8.23939e-16
4260.38	8.22349e-16
4262.31	8.22284e-16
4264.25	8.31808e-16
4266.19	8.39446e-16
4268.12	8.3326e-16
4270.06	8.36883e-16
4272	8.45479e-16
4273.93	8.60888e-16
4275.87	8.64548e-16
4277.81	8.6567e-16
4279.74	8.71927e-16
4281.68	8.80326e-16
4283.61	8.92839e-16
4285.55	8.93763e-16
4287.49	8.89121e-16
4289.42	8.92671e-16
4291.36	9.11163e-16
4293.3	9.2305e-16
4295.23	9.2197e-16
4297.17	9.32389e-16
4299.11	9.39342e-16
4301.04	9.22683e-16
4302.98	9.18071e-16
4304.92	9.27186e-16
4306.85	9.37851e-16
4308.79	9.56895e-16
4310.72	9.70334e-16
4312.66	9.83427e-16
4314.6	9.95512e-16
4316.53	9.9239e-16
4318.47	9.98636e-16
4320.41	1.00267e-15
4322.34	1.01132e-15
4324.28	1.02047e-15
4326.22	1.02087e-15
4328.15	1.03743e-15
4330.09	1.05088e-15
4332.03	1.0711e-15
4333.96	1.09938e-15
4335.9	1.12996e-15
4337.84	1.14128e-15
4339.77	1.13151e-15
4341.71	1.12154e-15
4343.64	1.1264e-15
4345.58	1.14497e-15
4347.52	1.16355e-15
4349.45	1.18214e-15
4351.39	1.20074e-15
4353.33	1.21935e-15
4355.26	1.23797e-15
4357.2	1.2566e-15
4359.14	1.27524e-15
4361.07	1.29388e-15
4363.01	1.31254e-15
4364.95	1.33121e-15
4366.88	1.34989e-15
4368.82	1.36858e-15
4370.75	1.38728e-15
4372.69	1.40598e-15
4374.63	1.4247e-15
4376.56	1.44343e-15
4378.5	1.46216e-15
4380.44	1.48091e-15
4382.37	1.49967e-15
4384.31	1.52077e-15
4386.25	1.55665e-15
4388.18	1.57314e-15
4390.12	1.60022e-15
4392.06	1.62667e-15
4393.99	1.62724e-15
4395.93	1.6469e-15
4397.86	1.66996e-15
4399.8	1.68801e-15
4401.74	1.70975e-15
4403.67	1.73673e-15
4405.61	1.7495e-15
4407.55	1.75233e-15
4409.48	1.75356e-15
4411.42	1.74412e-15
4413.36	1.72551e-15
4415.29	1.71484e-15
4417.23	1.70769e-15
4419.17	1.69351e-15
4421.1	1.68519e-15
4423.04	1.69543e-15
4424.98	1.69697e-15
4426.91	1.69719e-15
4428.85	1.70404e-15
4430.78	1.70795e-15
4432.72	1.71011e-15
4434.66	1.698e-15
4436.59	1.67954e-15
4438.53	1.66199e-15
4440.47	1.6505e-15
4442.4	1.66615e-15
4444.34	1.7055e-15
4446.28	1.74108e-15
4448.21	1.75687e-15
4450.15	1.76568e-15
4452.09	1.7671e-15
4454.02	1.75346e-15
4455.96	1.74111e-15
4457.89	1.73576e-15
4459.83	1.73604e-15
4461.77	1.72201e-15
4463.7	1.70227e-15
4465.64	1.71797e-15
4467.58	1.73247e-15
4469.51	1.72041e-15
4471.45	1.70738e-15
4473.39	1.69466e-15
4475.32	1.67465e-15
4477.26	1.65362e-15
4479.2	1.62857e-15
4481.13	1.61521e-15
4483.07	1.60083e-15
4485	1.58254e-15
4486.94	1.58321e-15
4488.88	1.56816e-15
4490.81	1.54857e-15
4492.75	1.54406e-15
4494.69	1.53917e-15
4496.62	1.53664e-15
4498.56	1.52343e-15
4500.5	1.5075e-15
4502.43	1.50676e-15
4504.37	1.506e-15
4506.31	1.47881e-15
4508.24	1.47024e-15
4510.18	1.46734e-15
4512.12	1.44142e-15
4514.05	1.42287e-15
4515.99	1.42942e-15
4517.92	1.42813e-15
4519.86	1.42339e-15
4521.8	1.41299e-15
4523.73	1.40666e-15
4525.67	1.40013e-15
4527.61	1.39164e-15
4529.54	1.3887e-15
4531.48	1.39277e-15
4533.42	1.38954e-15
4535.35	1.39305e-15
4537.29	1.40269e-15
4539.23	1.40289e-15
4541.16	1.40038e-15
4543.1	1.41205e-15
4545.03	1.41834e-15
4546.97	1.41682e-15
4548.91	1.42882e-15
4550.84	1.43924e-15
4552.78	1.44219e-15
4554.72	1.44894e-15
4556.65	1.44849e-15
4558.59	1.44494e-15
4560.53	1.4469e-15
4562.46	1.43806e-15
4564.4	1.43911e-15
4566.34	1.44081e-15
4568.27	1.43069e-15
4570.21	1.42656e-15
4572.14	1.40709e-15
4574.08	1.40662e-15
4576.02	1.39155e-15
4577.95	1.37559e-15
4579.89	1.37519e-15
4581.83	1.35976e-15
4583.76	1.36601e-15
4585.7	1.36885e-15
4587.64	1.35659e-15
4589.57	1.34651e-15
4591.51	1.35263e-15
4593.45	1.3492e-15
4595.38	1.34883e-15
4597.32	1.35625e-15
4599.26	1.35349e-15
4601.19	1.36059e-15
4603.13	1.36788e-15
4605.06	1.37734e-15
4607	1.37931e-15
4608.94	1.37848e-15
4610.87	1.38365e-15
4612.81	1.41008e-15
4614.75	1.42442e-15
4616.68	1.42051e-15
4618.62	1.43078e-15
4620.56	1.44328e-15
4622.49	1.454e-15
4624.43	1.44431e-15
4626.37	1.44321e-15
4628.3	1.4547e-15
4630.24	1.44526e-15
4632.17	1.44339e-15
4634.11	1.4478e-15
4636.05	1.43547e-15
4637.98	1.41629e-15
4639.92	1.41024e-15
4641.86	1.41311e-15
4643.79	1.39489e-15
4645.73	1.40261e-15
4647.67	1.39039e-15
4649.6	1.34274e-15
4651.54	1.30336e-15
4653.48	1.28324e-15
4655.41	1.25468e-15
4657.35	1.24407e-15
4659.28	1.2171e-15
4661.22	1.17464e-15
4663.16	1.15038e-15
4665.09	1.12147e-15
4667.03	1.11711e-15
4668.97	1.10964e-15
4670.9	1.10122e-15
4672.84	1.09604e-15
4674.78	1.1037e-15
4676.71	1.10112e-15
4678.65	1.08845e-15
4680.59	1.10036e-15
4682.52	1.1018e-15
4684.46	1.11303e-15
4686.4	1.13426e-15
4688.33	1.14337e-15
4690.27	1.14033e-15
4692.2	1.15533e-15
4694.14	1.16436e-15
4696.08	1.17218e-15
4698.01	1.1798e-15
4699.95	1.20163e-15
4701.89	1.20897e-15
4703.82	1.21561e-15
4705.76	1.22394e-15
4707.7	1.22845e-15
4709.63	1.23581e-15
4711.57	1.24349e-15
4713.51	1.24188e-15
4715.44	1.25736e-15
4717.38	1.27517e-15
4719.31	1.28448e-15
4721.25	1.29802e-15
4723.19	1.3092e-15
4725.12	1.32419e-15
4727.06	1.33551e-15
4729	1.3201e-15
4730.93	1.32201e-15
4732.87	1.33828e-15
4734.81	1.33814e-15
4736.74	1.34797e-15
4738.68	1.3527e-15
4740.62	1.36537e-15
4742.55	1.37455e-15
4744.49	1.37071e-15
4746.42	1.36399e-15
4748.36	1.36357e-15
4750.3	1.35883e-15
4752.23	1.35369e-15
4754.17	1.32949e-15
4756.11	1.30452e-15
4758.04	1.29881e-15
4759.98	1.29837e-15
4761.92	1.2956e-15
4763.85	1.29552e-15
4765.79	1.29226e-15
4767.73	1.29319e-15
4769.66	1.29156e-15
4771.6	1.29173e-15
4773.54	1.29679e-15
4775.47	1.28802e-15
4777.41	1.27072e-15
4779.34	1.26939e-15
4781.28	1.26545e-15
4783.22	1.25634e-15
4785.15	1.24754e-15
4787.09	1.23364e-15
4789.03	1.22574e-15
4790.96	1.21251e-15
4792.9	1.20489e-15
4794.84	1.20074e-15
4796.77	1.19224e-15
4798.71	1.17597e-15
4800.65	1.16175e-15
4802.58	1.14975e-15
4804.52	1.14655e-15
4806.45	1.13662e-15
4808.39	1.12258e-15
4810.33	1.10555e-15
4812.26	1.0857e-15
4814.2	1.07132e-15
4816.14	1.06779e-15
4818.07	1.06706e-15
4820.01	1.0592e-15
4821.95	1.05953e-15
4823.88	1.06148e-15
4825.82	1.06777e-15
4827.76	1.06599e-15
4829.69	1.06685e-15
4831.63	1.07209e-15
4833.56	1.0762e-15
4835.5	1.08645e-15
4837.44	1.0896e-15
4839.37	1.09719e-15
4841.31	1.08833e-15
4843.25	1.10013e-15
4845.18	1.1029e-15
4847.12	1.10567e-15
4849.06	1.10843e-15
4850.99	1.1112e-15
4852.93	1.11397e-15
4854.87	1.11674e-15
4856.8	1.11951e-15
4858.74	1.12228e-15
4860.68	1.12505e-15
4862.61	1.12782e-15
4864.55	1.13059e-15
4866.48	1.13336e-15
4868.42	1.13613e-15
4870.36	1.1389e-15
4872.29	1.14167e-15
4874.23	1.14444e-15
4876.17	1.14721e-15
4878.1	1.14998e-15
4880.04	1.15275e-15
4881.98	1.14724e-15
4883.91	1.16292e-15
4885.85	1.15616e-15
4887.79	1.15432e-15
4889.72	1.16562e-15
4891.66	1.16308e-15
4893.59	1.17375e-15
4895.53	1.19377e-15
4897.47	1.19241e-15
4899.4	1.19828e-15
4901.34	1.19143e-15
4903.28	1.19541e-15
4905.21	1.20229e-15
4907.15	1.21198e-15
4909.09	1.2185e-15
4911.02	1.2296e-15
4912.96	1.23001e-15
4914.9	1.23261e-15
4916.83	1.26075e-15
4918.77	1.26181e-15
4920.7	1.25602e-15
4922.64	1.2622e-15
4924.58	1.2686e-15
4926.51	1.2658e-15
4928.45	1.26612e-15
4930.39	1.27116e-15
4932.32	1.27092e-15
4934.26	1.26817e-15
4936.2	1.25941e-15
4938.13	1.27033e-15
4940.07	1.26792e-15
4942.01	1.27078e-15
4943.94	1.27363e-15
4945.88	1.27648e-15
4947.82	1.27933e-15
4949.75	1.28219e-15
4951.69	1.28504e-15
4953.62	1.28789e-15
4955.56	1.29074e-15
4957.5	1.29359e-15
4959.43	1.29644e-15
4961.37	1.29929e-15
4963.31	1.30214e-15
4965.24	1.30499e-15
4967.18	1.30784e-15
4969.12	1.31069e-15
4971.05	1.31353e-15
4972.99	1.31638e-15
4974.93	1.31923e-15
4976.86	1.32207e-15
4978.8	1.32492e-15
4980.73	1.31931e-15
4982.67	1.33033e-15
4984.61	1.35722e-15
4986.54	1.38243e-15
4988.48	1.40787e-15
4990.42	1.41683e-15
4992.35	1.42578e-15
4994.29	1.43474e-15
4996.23	1.4437e-15
4998.16	1.45265e-15
5000.1	1.46161e-15
5002.04	1.47057e-15
5003.97	1.47953e-15
5005.91	1.48849e-15
5007.84	1.49745e-15
5009.78	1.50641e-15
5011.72	1.51537e-15
5013.65	1.52434e-15
5015.59	1.5333e-15
5017.53	1.54226e-15
5019.46	1.55122e-15
5021.4	1.56019e-15
5023.34	1.56915e-15
5025.27	1.57812e-15
5027.21	1.57078e-15
5029.15	1.57865e-15
5031.08	1.59837e-15
5033.02	1.59249e-15
5034.96	1.5769e-15
5036.89	1.59901e-15
5038.83	1.61499e-15
5040.76	1.6251e-15
5042.7	1.63717e-15
5044.64	1.64905e-15
5046.57	1.65737e-15
5048.51	1.67567e-15
5050.45	1.68632e-15
5052.38	1.6926e-15
5054.32	1.72271e-15
5056.26	1.72948e-15
5058.19	1.74094e-15
5060.13	1.75039e-15
5062.07	1.7489e-15
5064	1.76877e-15
5065.94	1.79458e-15
5067.87	1.80259e-15
5069.81	1.81301e-15
5071.75	1.82617e-15
5073.68	1.8492e-15
5075.62	1.86732e-15
5077.56	1.85821e-15
5079.49	1.85412e-15
5081.43	1.86758e-15
5083.37	1.8688e-15
5085.3	1.85959e-15
5087.24	1.8583e-15
5089.18	1.86248e-15
5091.11	1.85282e-15
5093.05	1.85433e-15
5094.99	1.86425e-15
5096.92	1.85222e-15
5098.86	1.84997e-15
5100.79	1.84971e-15
5102.73	1.85113e-15
5104.67	1.85257e-15
5106.6	1.83793e-15
5108.54	1.84505e-15
5110.48	1.86018e-15
5112.41	1.86148e-15
5114.35	1.83783e-15
5116.29	1.82195e-15
5118.22	1.82751e-15
5120.16	1.83432e-15
5122.1	1.83147e-15
5124.03	1.82042e-15
5125.97	1.81796e-15
5127.9	1.82029e-15
5129.84	1.80661e-15
5131.78	1.80841e-15
5133.71	1.81513e-15
5135.65	1.81051e-15
5137.59	1.80759e-15
5139.52	1.81963e-15
5141.46	1.82655e-15
5143.4	1.82797e-15
5145.33	1.83667e-15
5147.27	1.85439e-15
5149.21	1.86626e-15
5151.14	1.8632e-15
5153.08	1.86323e-15
5155.01	1.87645e-15
5156.95	1.893e-15
5158.89	1.90473e-15
5160.82	1.90877e-15
5162.76	1.90775e-15
5164.7	1.92101e-15
5166.63	1.93858e-15
5168.57	1.94431e-15
5170.51	1.94963e-15
5172.44	1.96747e-15
5174.38	1.97973e-15
5176.32	1.97619e-15
5178.25	1.97644e-15
5180.19	1.9718e-15
5182.13	1.97271e-15
5184.06	1.97532e-15
5186	1.97625e-15
5187.93	1.98105e-15
5189.87	1.98786e-15
5191.81	1.98907e-15
5193.74	1.98751e-15
5195.68	2.00093e-15
5197.62	2.00863e-15
5199.55	2.00449e-15
5201.49	2.01004e-15
5203.43	2.02368e-15
5205.36	2.03281e-15
5207.3	2.04116e-15
5209.24	2.0397e-15
5211.17	2.02491e-15
5213.11	2.01988e-15
5215.04	2.02668e-15
5216.98	2.02817e-15
5218.92	2.04053e-15
5220.85	2.05315e-15
5222.79	2.03196e-15
5224.73	2.01801e-15
5226.66	2.03351e-15
5228.6	2.04062e-15
5230.54	2.02232e-15
5232.47	2.0047e-15
5234.41	1.99612e-15
5236.35	1.98442e-15
5238.28	1.97016e-15
5240.22	1.9687e-15
5242.16	1.98564e-15
5244.09	1.98296e-15
5246.03	1.95901e-15
5247.96	1.95347e-15
5249.9	1.95907e-15
5251.84	1.94697e-15
5253.77	1.94422e-15
5255.71	1.95404e-15
5257.65	1.9482e-15
5259.58	1.94398e-15
5261.52	1.9404e-15
5263.46	1.93071e-15
5265.39	1.91755e-15
5267.33	1.91757e-15
5269.27	1.92493e-15
5271.2	1.92308e-15
5273.14	1.92327e-15
5275.07	1.92103e-15
5277.01	1.91804e-15
5278.95	1.91477e-15
5280.88	1.89627e-15
5282.82	1.90317e-15
5284.76	1.9114e-15
5286.69	1.90587e-15
5288.63	1.91536e-15
5290.57	1.92575e-15
5292.5	1.92382e-15
5294.44	1.91626e-15
5296.38	1.91422e-15
5298.31	1.9159e-15
5300.25	1.91341e-15
5302.18	1.90756e-15
5304.12	1.90608e-15
5306.06	1.91115e-15
5307.99	1.89526e-15
5309.93	1.89227e-15
5311.87	1.90015e-15
5313.8	1.89501e-15
5315.74	1.89961e-15
5317.68	1.89572e-15
5319.61	1.88771e-15
5321.55	1.90567e-15
5323.49	1.92053e-15
5325.42	1.90625e-15
5327.36	1.89989e-15
5329.3	1.9085e-15
5331.23	1.90622e-15
5333.17	1.90126e-15
5335.1	1.89504e-15
5337.04	1.89042e-15
5338.98	1.87876e-15
5340.91	1.88366e-15
5342.85	1.88122e-15
5344.79	1.86268e-15
5346.72	1.86298e-15
5348.66	1.8712e-15
5350.6	1.87343e-15
5352.53	1.86632e-15
5354.47	1.84065e-15
5356.41	1.83702e-15
5358.34	1.83428e-15
5360.28	1.83021e-15
5362.21	1.82014e-15
5364.15	1.8161e-15
5366.09	1.81935e-15
5368.02	1.8111e-15
5369.96	1.80489e-15
5371.9	1.79585e-15
5373.83	1.77219e-15
5375.77	1.76704e-15
5377.71	1.77219e-15
5379.64	1.76392e-15
5381.58	1.75673e-15
5383.52	1.74625e-15
5385.45	1.73885e-15
5387.39	1.73868e-15
5389.32	1.73259e-15
5391.26	1.73687e-15
5393.2	1.74148e-15
5395.13	1.71235e-15
5397.07	1.70748e-15
5399.01	1.704e-15
5400.94	1.68691e-15
5402.88	1.66892e-15
5404.82	1.67044e-15
5406.75	1.66688e-15
5408.69	1.65588e-15
5410.63	1.64539e-15
5412.56	1.63216e-15
5414.5	1.61858e-15
5416.44	1.60664e-15
5418.37	1.59225e-15
5420.31	1.56796e-15
5422.24	1.5635e-15
5424.18	1.53922e-15
5426.12	1.47346e-15
5428.05	1.43538e-15
5429.99	1.39842e-15
5431.93	1.36076e-15
5433.86	1.3161e-15
5435.8	1.30706e-15
5437.74	1.29305e-15
5439.67	1.28446e-15
5441.61	1.28937e-15
5443.55	1.29879e-15
5445.48	1.29824e-15
5447.42	1.31128e-15
5449.35	1.3034e-15
5451.29	1.30238e-15
5453.23	1.3116e-15
5455.16	1.30948e-15
5457.1	1.31445e-15
5459.04	1.31734e-15
5460.97	1.32852e-15
5462.91	1.30853e-15
5464.85	1.31291e-15
5466.78	1.31327e-15
5468.72	1.31522e-15
5470.66	1.32818e-15
5472.59	1.3158e-15
5474.53	1.30167e-15
5476.46	1.29875e-15
5478.4	1.29175e-15
5480.34	1.30398e-15
5482.27	1.30794e-15
5484.21	1.31666e-15
5486.15	1.31587e-15
5488.08	1.30281e-15
5490.02	1.29067e-15
5491.96	1.29546e-15
5493.89	1.3036e-15
5495.83	1.30307e-15
5497.77	1.29089e-15
5499.7	1.28316e-15
5501.64	1.2651e-15
5503.58	1.25131e-15
5505.51	1.26059e-15
5507.45	1.26484e-15
5509.38	1.23601e-15
5511.32	1.23419e-15
5513.26	1.23371e-15
5515.19	1.23507e-15
5517.13	1.22366e-15
5519.07	1.22299e-15
5521	1.2377e-15
5522.94	1.22032e-15
5524.88	1.22417e-15
5526.81	1.23274e-15
5528.75	1.23229e-15
5530.69	1.24994e-15
5532.62	1.25491e-15
5534.56	1.24481e-15
5536.49	1.2262e-15
5538.43	1.23805e-15
5540.37	1.23865e-15
5542.3	1.2565e-15
5544.24	1.25478e-15
5546.18	1.25811e-15
5548.11	1.24849e-15
5550.05	1.25129e-15
5551.99	1.25444e-15
5553.92	1.26224e-15
5555.86	1.2459e-15
5557.8	1.24922e-15
5559.73	1.26162e-15
5561.67	1.28355e-15
5563.6	1.27655e-15
5565.54	1.28102e-15
5567.48	1.27534e-15
5569.41	1.28688e-15
5571.35	1.29846e-15
5573.29	1.30136e-15
5575.22	1.28588e-15
5577.16	1.27778e-15
5579.1	1.30296e-15
5581.03	1.30578e-15
5582.97	1.31702e-15
5584.91	1.31513e-15
5586.84	1.2948e-15
5588.78	1.29188e-15
5590.72	1.29876e-15
5592.65	1.28297e-15
5594.59	1.27622e-15
5596.52	1.26525e-15
5598.46	1.24545e-15
5600.4	1.26673e-15
5602.33	1.27218e-15
5604.27	1.2615e-15
5606.21	1.24343e-15
5608.14	1.27162e-15
5610.08	1.27754e-15
5612.02	1.28071e-15
5613.95	1.29245e-15
5615.89	1.29349e-15
5617.83	1.2935e-15
5619.76	1.3054e-15
5621.7	1.30131e-15
5623.63	1.29964e-15
5625.57	1.34068e-15
5627.51	1.35411e-15
5629.44	1.34329e-15
5631.38	1.33845e-15
5633.32	1.35753e-15
5635.25	1.36877e-15
5637.19	1.39031e-15
5639.13	1.39824e-15
5641.06	1.41312e-15
5643	1.40098e-15
5644.94	1.40288e-15
5646.87	1.39771e-15
5648.81	1.38348e-15
5650.74	1.39004e-15
5652.68	1.40705e-15
5654.62	1.40489e-15
5656.55	1.41085e-15
5658.49	1.43288e-15
5660.43	1.41837e-15
5662.36	1.42331e-15
5664.3	1.42291e-15
5666.24	1.43427e-15
5668.17	1.42965e-15
5670.11	1.44461e-15
5672.05	1.46119e-15
5673.98	1.45401e-15
5675.92	1.45115e-15
5677.86	1.45593e-15
5679.79	1.4722e-15
5681.73	1.4899e-15
5683.66	1.5003e-15
5685.6	1.50406e-15
5687.54	1.50611e-15
5689.47	1.51521e-15
5691.41	1.51192e-15
5693.35	1.50787e-15
5695.28	1.48075e-15
5697.22	1.50406e-15
5699.16	1.52769e-15
5701.09	1.53787e-15
5703.03	1.55725e-15
5704.97	1.5551e-15
5706.9	1.53004e-15
5708.84	1.53453e-15
5710.77	1.54632e-15
5712.71	1.55886e-15
5714.65	1.55972e-15
5716.58	1.55482e-15
5718.52	1.54681e-15
5720.46	1.54288e-15
5722.39	1.5456e-15
5724.33	1.55839e-15
5726.27	1.54665e-15
5728.2	1.56207e-15
5730.14	1.57569e-15
5732.08	1.5747e-15
5734.01	1.58413e-15
5735.95	1.58787e-15
5737.88	1.61507e-15
5739.82	1.63277e-15
5741.76	1.62567e-15
5743.69	1.60171e-15
5745.63	1.59527e-15
5747.57	1.56913e-15
5749.5	1.56155e-15
5751.44	1.56817e-15
5753.38	1.57187e-15
5755.31	1.59119e-15
5757.25	1.60136e-15
5759.19	1.56217e-15
5761.12	1.55574e-15
5763.06	1.56196e-15
5765	1.54251e-15
5766.93	1.54299e-15
5768.87	1.54928e-15
5770.8	1.54878e-15
5772.74	1.53684e-15
5774.68	1.52145e-15
5776.61	1.51404e-15
5778.55	1.52094e-15
5780.49	1.525e-15
5782.42	1.51446e-15
5784.36	1.52054e-15
5786.3	1.51998e-15
5788.23	1.49959e-15
5790.17	1.49928e-15
5792.11	1.50547e-15
5794.04	1.49845e-15
5795.98	1.49973e-15
5797.91	1.49727e-15
5799.85	1.508e-15
5801.79	1.49584e-15
5803.72	1.4807e-15
5805.66	1.47133e-15
5807.6	1.47725e-15
5809.53	1.47617e-15
5811.47	1.45454e-15
5813.41	1.4597e-15
5815.34	1.44732e-15
5817.28	1.44029e-15
5819.22	1.4306e-15
5821.15	1.4191e-15
5823.09	1.42446e-15
5825.02	1.4103e-15
5826.96	1.40722e-15
5828.9	1.42383e-15
5830.83	1.44131e-15
5832.77	1.49244e-15
5834.71	1.56862e-15
5836.64	1.53851e-15
5838.58	1.46168e-15
5840.52	1.40926e-15
5842.45	1.38736e-15
5844.39	1.38267e-15
5846.33	1.40626e-15
5848.26	1.46808e-15
5850.2	1.50492e-15
5852.14	1.49215e-15
5854.07	1.48754e-15
5856.01	1.48864e-15
5857.94	1.42878e-15
5859.88	1.38978e-15
5861.82	1.38499e-15
5863.75	1.37934e-15
5865.69	1.37831e-15
5867.63	1.39403e-15
5869.56	1.3999e-15
5871.5	1.39138e-15
5873.44	1.39424e-15
5875.37	1.40234e-15
5877.31	1.4119e-15
5879.25	1.42051e-15
5881.18	1.38538e-15
5883.12	1.32799e-15
5885.05	1.3227e-15
5886.99	1.354e-15
5888.93	1.36416e-15
5890.86	1.34388e-15
5892.8	1.35231e-15
5894.74	1.35812e-15
5896.67	1.35133e-15
5898.61	1.3519e-15
5900.55	1.33984e-15
5902.48	1.33318e-15
5904.42	1.31102e-15
5906.36	1.28808e-15
5908.29	1.25863e-15
5910.23	1.22518e-15
5912.16	1.21754e-15
5914.1	1.20147e-15
5916.04	1.17563e-15
5917.97	1.14936e-15
5919.91	1.13173e-15
5921.85	1.11237e-15
5923.78	1.10317e-15
5925.72	1.08986e-15
5927.66	1.06561e-15
5929.59	1.0527e-15
5931.53	1.02865e-15
5933.47	1e-15
5935.4	1.00129e-15
5937.34	9.92685e-16
5939.28	9.70863e-16
5941.21	9.6518e-16
5943.15	9.70558e-16
5945.08	9.62133e-16
5947.02	9.56555e-16
5948.96	9.33619e-16
5950.89	9.22213e-16
5952.83	9.2271e-16
5954.77	9.20587e-16
5956.7	9.09769e-16
5958.64	9.00395e-16
5960.58	8.95098e-16
5962.51	8.80019e-16
5964.45	8.77477e-16
5966.39	8.93036e-16
5968.32	8.84373e-16
5970.26	8.77995e-16
5972.19	8.84033e-16
5974.13	8.7949e-16
5976.07	8.57721e-16
5978	8.53948e-16
5979.94	8.64824e-16
5981.88	8.69317e-16
5983.81	8.66314e-16
5985.75	8.61717e-16
5987.69	8.6374e-16
5989.62	8.64878e-16
5991.56	8.68189e-16
5993.5	8.59384e-16
5995.43	8.5457e-16
5997.37	8.52553e-16
5999.3	8.51212e-16
6001.24	8.47282e-16
6003.18	8.47667e-16
6005.11	8.33427e-16
6007.05	8.33019e-16
6008.99	8.41884e-16
6010.92	8.3809e-16
6012.86	8.35253e-16
6014.8	8.37485e-16
6016.73	8.31436e-16
6018.67	8.28214e-16
6020.61	8.21945e-16
6022.54	8.15065e-16
6024.48	8.18335e-16
6026.42	8.22918e-16
6028.35	8.21239e-16
6030.29	8.16776e-16
6032.22	8.1214e-16
6034.16	8.11654e-16
6036.1	8.17139e-16
6038.03	8.21081e-16
6039.97	8.19687e-16
6041.91	8.26411e-16
6043.84	8.27215e-16
6045.78	8.30338e-16
6047.72	8.37852e-16
6049.65	8.46964e-16
6051.59	8.56664e-16
6053.53	8.55219e-16
6055.46	8.55336e-16
6057.4	8.61124e-16
6059.33	8.60552e-16
6061.27	8.72414e-16
6063.21	8.8588e-16
6065.14	8.86443e-16
6067.08	8.83503e-16
6069.02	8.75597e-16
6070.95	8.87002e-16
6072.89	9.0592e-16
6074.83	9.18218e-16
6076.76	9.29106e-16
6078.7	9.34988e-16
6080.64	9.35426e-16
6082.57	9.34602e-16
6084.51	9.40116e-16
6086.44	9.4864e-16
6088.38	9.56403e-16
6090.32	9.55996e-16
6092.25	9.48614e-16
6094.19	9.51447e-16
6096.13	9.67951e-16
6098.06	9.86132e-16
6100	9.95264e-16
6101.94	9.96346e-16
6103.87	9.93771e-16
6105.81	9.93138e-16
6107.75	9.92834e-16
6109.68	9.96797e-16
6111.62	9.99019e-16
6113.56	1.00424e-15
6115.49	1.02647e-15
6117.43	1.03694e-15
6119.36	1.03523e-15
6121.3	1.04423e-15
6123.24	1.04423e-15
6125.17	1.04398e-15
6127.11	1.04587e-15
6129.05	1.05365e-15
6130.98	1.06258e-15
6132.92	1.07063e-15
6134.86	1.07444e-15
6136.79	1.07652e-15
6138.73	1.08828e-15
6140.67	1.08944e-15
6142.6	1.08523e-15
6144.54	1.09126e-15
6146.47	1.09206e-15
6148.41	1.09572e-15
6150.35	1.09312e-15
6152.28	1.08794e-15
6154.22	1.09364e-15
6156.16	1.10249e-15
6158.09	1.09017e-15
6160.03	1.09344e-15
6161.97	1.10225e-15
6163.9	1.09349e-15
6165.84	1.08693e-15
6167.78	1.08596e-15
6169.71	1.07646e-15
6171.65	1.06344e-15
6173.58	1.06687e-15
6175.52	1.06318e-15
6177.46	1.04871e-15
6179.39	1.04706e-15
6181.33	1.05705e-15
6183.27	1.06081e-15
6185.2	1.06653e-15
6187.14	1.06658e-15
6189.08	1.05742e-15
6191.01	1.05451e-15
6192.95	1.05134e-15
6194.89	1.04731e-15
6196.82	1.05226e-15
6198.76	1.05106e-15
6200.7	1.04234e-15
6202.63	1.05614e-15
6204.57	1.06034e-15
6206.5	1.06966e-15
6208.44	1.07656e-15
6210.38	1.07651e-15
6212.31	1.07634e-15
6214.25	1.07287e-15
6216.19	1.07766e-15
6218.12	1.08629e-15
6220.06	1.08581e-15
6222	1.08677e-15
6223.93	1.10576e-15
6225.87	1.11206e-15
6227.81	1.10828e-15
6229.74	1.11494e-15
6231.68	1.1122e-15
6233.61	1.1234e-15
6235.55	1.14281e-15
6237.49	1.15487e-15
6239.42	1.15951e-15
6241.36	1.1587e-15
6243.3	1.16336e-15
6245.23	1.1475e-15
6247.17	1.12367e-15
6249.11	1.12392e-15
6251.04	1.1328e-15
6252.98	1.124e-15
6254.92	1.11945e-15
6256.85	1.13106e-15
6258.79	1.13182e-15
6260.72	1.11943e-15
6262.66	1.12451e-15
6264.6	1.11667e-15
6266.53	1.10131e-15
6268.47	1.10694e-15
6270.41	1.10562e-15
6272.34	1.10827e-15
6274.28	1.12231e-15
6276.22	1.11599e-15
6278.15	1.08943e-15
6280.09	1.07672e-15
6282.03	1.09328e-15
6283.96	1.09195e-15
6285.9	1.08115e-15
6287.84	1.0996e-15
6289.77	1.1151e-15
6291.71	1.12388e-15
6293.64	1.11219e-15
6295.58	1.1112e-15
6297.52	1.12082e-15
6299.45	1.1119e-15
6301.39	1.1071e-15
6303.33	1.11272e-15
6305.26	1.09823e-15
6307.2	1.07731e-15
6309.14	1.10487e-15
6311.07	1.09733e-15
6313.01	1.0712e-15
6314.95	1.07207e-15
6316.88	1.04046e-15
6318.82	1.05161e-15
6320.75	1.05158e-15
6322.69	1.03936e-15
6324.63	1.0406e-15
6326.56	1.03547e-15
6328.5	1.04007e-15
6330.44	1.03594e-15
6332.37	1.02649e-15
6334.31	1.02362e-15
6336.25	1.02238e-15
6338.18	1.01879e-15
6340.12	1.01205e-15
6342.06	1.02058e-15
6343.99	1.02123e-15
6345.93	1.02339e-15
6347.86	1.04223e-15
6349.8	1.03909e-15
6351.74	1.02761e-15
6353.67	1.0359e-15
6355.61	1.03059e-15
6357.55	1.01402e-15
6359.48	1.01061e-15
6361.42	1.00174e-15
6363.36	1.00464e-15
6365.29	1.00674e-15
6367.23	1.01112e-15
6369.17	1.01093e-15
6371.1	1.00944e-15
6373.04	1.00899e-15
6374.98	1.0152e-15
6376.91	1.02252e-15
6378.85	1.01768e-15
6380.78	1.02422e-15
6382.72	1.03434e-15
6384.66	1.04844e-15
6386.59	1.03888e-15
6388.53	1.02812e-15
6390.47	1.01815e-15
6392.4	1.02647e-15
6394.34	1.04166e-15
6396.28	1.03522e-15
6398.21	1.04728e-15
6400.15	1.04636e-15
6402.09	1.04237e-15
6404.02	1.04244e-15
6405.96	1.06168e-15
6407.89	1.08158e-15
6409.83	1.07646e-15
6411.77	1.07686e-15
6413.7	1.07427e-15
6415.64	1.0796e-15
6417.58	1.07322e-15
6419.51	1.06555e-15
6421.45	1.07125e-15
6423.39	1.07838e-15
6425.32	1.0768e-15
6427.26	1.07878e-15
6429.2	1.06598e-15
6431.13	1.07312e-15
6433.07	1.09082e-15
6435	1.08853e-15
6436.94	1.08846e-15
6438.88	1.08479e-15
6440.81	1.08068e-15
6442.75	1.07577e-15
6444.69	1.09188e-15
6446.62	1.09919e-15
6448.56	1.08815e-15
6450.5	1.08237e-15
6452.43	1.10127e-15
6454.37	1.09688e-15
6456.31	1.09656e-15
6458.24	1.09481e-15
6460.18	1.09023e-15
6462.12	1.10378e-15
6464.05	1.10093e-15
6465.99	1.10003e-15
6467.92	1.10465e-15
6469.86	1.10606e-15
6471.8	1.10028e-15
6473.73	1.09374e-15
6475.67	1.08306e-15
6477.61	1.07578e-15
6479.54	1.09113e-15
6481.48	1.09819e-15
6483.42	1.08376e-15
6485.35	1.0594e-15
6487.29	1.06463e-15
6489.23	1.06864e-15
6491.16	1.0606e-15
6493.1	1.06515e-15
6495.03	1.04481e-15
6496.97	1.05152e-15
6498.91	1.05336e-15
6500.84	1.05698e-15
6502.78	1.05364e-15
6504.72	1.04002e-15
6506.65	1.03668e-15
6508.59	1.0323e-15
6510.53	1.02873e-15
6512.46	1.02963e-15
6514.4	1.01622e-15
6516.34	1.00862e-15
6518.27	1.01184e-15
6520.21	1.01948e-15
6522.14	1.02858e-15
6524.08	1.01515e-15
6526.02	1.00148e-15
6527.95	9.91915e-16
6529.89	9.85937e-16
6531.83	9.85213e-16
6533.76	9.8449e-16
6535.7	9.83767e-16
6537.64	9.83044e-16
6539.57	9.82323e-16
6541.51	9.81602e-16
6543.45	9.80882e-16
6545.38	9.80162e-16
6547.32	9.79443e-16
6549.26	9.78725e-16
6551.19	9.78007e-16
6553.13	9.77291e-16
6555.06	9.76574e-16
6557	9.75859e-16
6558.94	9.75144e-16
6560.87	9.7443e-16
6562.81	9.73716e-16
6564.75	9.73003e-16
6566.68	9.72291e-16
6568.62	9.71668e-16
6570.56	9.71046e-16
6572.49	9.70425e-16
6574.43	9.69804e-16
6576.37	9.69184e-16
6578.3	9.68564e-16
6580.24	9.67945e-16
6582.17	9.67326e-16
6584.11	9.66708e-16
6586.05	9.66091e-16
6587.98	9.65474e-16
6589.92	9.64858e-16
6591.86	9.64242e-16
6593.79	9.63627e-16
6595.73	9.63012e-16
6597.67	9.62398e-16
6599.6	9.61784e-16
6601.54	9.61171e-16
6603.48	9.60616e-16
6605.41	9.64279e-16
6607.35	9.72441e-16
6609.28	9.68567e-16
6611.22	9.61755e-16
6613.16	9.58061e-16
6615.09	9.60076e-16
6617.03	9.65268e-16
6618.97	9.55661e-16
6620.9	9.41814e-16
6622.84	9.40953e-16
6624.78	9.37268e-16
6626.71	9.2195e-16
6628.65	9.0768e-16
6630.59	9.18686e-16
6632.52	9.14024e-16
6634.46	9.0313e-16
6636.4	9.01718e-16
6638.33	9.11011e-16
6640.27	9.13947e-16
6642.2	9.08737e-16
6644.14	9.07512e-16
6646.08	9.1187e-16
6648.01	9.07375e-16
6649.95	9.11794e-16
6651.89	9.33564e-16
6653.82	9.36118e-16
6655.76	9.17956e-16
6657.7	9.16376e-16
6659.63	9.08901e-16
6661.57	9.05156e-16
6663.51	9.04574e-16
6665.44	8.89843e-16
6667.38	8.80272e-16
6669.31	8.86188e-16
6671.25	8.78408e-16
6673.19	8.71154e-16
6675.12	8.68089e-16
6677.06	8.4697e-16
6679	8.48503e-16
6680.93	8.56823e-16
6682.87	8.51144e-16
6684.81	8.45308e-16
6686.74	8.30903e-16
6688.68	8.25503e-16
6690.62	8.21688e-16
6692.55	8.0643e-16
6694.49	8.01275e-16
6696.42	8.12608e-16
6698.36	8.20619e-16
6700.3	8.20045e-16
6702.23	8.19471e-16
6704.17	8.18898e-16
6706.11	8.18326e-16
6708.04	8.17753e-16
6709.98	8.17182e-16
6711.92	8.16611e-16
6713.85	8.1736e-16
6715.79	8.18108e-16
6717.73	8.18856e-16
6719.66	8.19603e-16
6721.6	8.20349e-16
6723.54	8.21095e-16
6725.47	8.21841e-16
6727.41	8.22586e-16
6729.34	8.2333e-16
6731.28	8.24074e-16
6733.22	8.24817e-16
6735.15	8.25559e-16
6737.09	8.26301e-16
6739.03	8.27043e-16
6740.96	8.27784e-16
6742.9	8.28524e-16
6744.84	8.29264e-16
6746.77	8.30003e-16
6748.71	8.30742e-16
6750.65	8.3148e-16
6752.58	8.24287e-16
6754.52	8.22019e-16
6756.45	8.40184e-16
6758.39	8.44296e-16
6760.33	8.404e-16
6762.26	8.45547e-16
6764.2	8.43351e-16
6766.14	8.43815e-16
6768.07	8.58102e-16
6770.01	8.59797e-16
6771.95	8.57874e-16
6773.88	8.58286e-16
6775.82	8.64497e-16
6777.76	8.66768e-16
6779.69	8.70726e-16
6781.63	8.7931e-16
6783.56	8.76022e-16
6785.5	8.72018e-16
6787.44	8.67612e-16
6789.37	8.67513e-16
6791.31	8.67724e-16
6793.25	8.71218e-16
6795.18	8.74801e-16
6797.12	8.70774e-16
6799.06	8.65774e-16
6800.99	8.74953e-16
6802.93	8.7432e-16
6804.87	8.66997e-16
6806.8	8.71133e-16
6808.74	8.65927e-16
6810.68	8.68113e-16
6812.61	8.6713e-16
6814.55	8.53948e-16
6816.48	8.66647e-16
6818.42	8.71184e-16
6820.36	8.61476e-16
6822.29	8.36119e-16
6824.23	8.31245e-16
6826.17	8.32279e-16
6828.1	8.30371e-16
6830.04	8.40673e-16
6831.98	8.4843e-16
6833.91	8.53517e-16
6835.85	8.56442e-16
6837.79	8.5746e-16
6839.72	8.63117e-16
6841.66	8.65634e-16
6843.59	8.62762e-16
6845.53	8.63717e-16
6847.47	8.69325e-16
6849.4	8.82034e-16
6851.34	8.79804e-16
6853.28	8.78226e-16
6855.21	8.77454e-16
6857.15	8.69896e-16
6859.09	8.62067e-16
6861.02	8.61439e-16
6862.96	8.66886e-16
6864.9	8.63868e-16
6866.83	8.64264e-16
6868.77	8.64574e-16
6870.7	8.69643e-16
6872.64	8.75979e-16
6874.58	8.76655e-16
6876.51	8.74868e-16
6878.45	8.79626e-16
6880.39	8.72617e-16
6882.32	8.83839e-16
6884.26	9.04638e-16
6886.2	8.96707e-16
6888.13	8.91654e-16
6890.07	8.46615e-16
6892.01	8.14833e-16
6893.94	8.76641e-16
6895.88	9.00771e-16
6897.82	8.9275e-16
6899.75	9.01542e-16
6901.69	9.08845e-16
6903.62	9.09629e-16
6905.56	8.87693e-16
6907.5	8.63934e-16
6909.43	8.67989e-16
6911.37	8.6591e-16
6913.31	8.5619e-16
6915.24	8.62892e-16
6917.18	8.67293e-16
6919.12	8.64146e-16
6921.05	8.65949e-16
6922.99	8.64349e-16
6924.93	8.5598e-16
6926.86	8.55732e-16
6928.8	8.50459e-16
6930.73	8.48252e-16
6932.67	8.632e-16
6934.61	8.65296e-16
6936.54	8.51617e-16
6938.48	8.46835e-16
6940.42	8.54857e-16
6942.35	8.66153e-16
6944.29	8.67786e-16
6946.23	8.59714e-16
6948.16	8.50671e-16
6950.1	8.44482e-16
6952.04	8.41935e-16
6953.97	8.39215e-16
6955.91	8.42651e-16
6957.84	8.36557e-16
6959.78	8.14428e-16
6961.72	8.12179e-16
6963.65	8.15857e-16
6965.59	8.11185e-16
6967.53	8.184e-16
6969.46	8.32389e-16
6971.4	8.35424e-16
6973.34	8.3075e-16
6975.27	8.37512e-16
6977.21	8.36857e-16
6979.15	8.16026e-16
6981.08	8.12409e-16
6983.02	8.31078e-16
6984.96	8.30661e-16
6986.89	8.25344e-16
6988.83	8.32692e-16
6990.76	8.19694e-16
6992.7	8.06858e-16
6994.64	8.09388e-16
6996.57	8.00422e-16
6998.51	7.87501e-16
7000.45	7.90835e-16
7002.38	7.98337e-16
7004.32	7.9884e-16
7006.26	7.98379e-16
7008.19	8.01887e-16
7010.13	8.00898e-16
7012.07	8.08456e-16
7014	8.38817e-16
7015.94	8.60485e-16
7017.87	8.54273e-16
7019.81	8.43152e-16
7021.75	8.30387e-16
7023.68	8.16254e-16
7025.62	8.14967e-16
7027.56	8.08347e-16
7029.49	8.08142e-16
7031.43	8.02778e-16
7033.37	8.01145e-16
7035.3	7.98563e-16
7037.24	7.93595e-16
7039.18	7.8888e-16
7041.11	7.84693e-16
7043.05	7.90056e-16
7044.98	7.89802e-16
7046.92	7.82784e-16
7048.86	7.77649e-16
7050.79	7.88213e-16
7052.73	8.01212e-16
7054.67	8.19444e-16
7056.6	8.17186e-16
7058.54	8.1075e-16
7060.48	8.1071e-16
7062.41	8.10784e-16
7064.35	8.13788e-16
7066.29	8.10987e-16
7068.22	8.08919e-16
7070.16	7.99974e-16
7072.1	8.0135e-16
7074.03	7.98706e-16
7075.97	7.92979e-16
7077.9	7.9285e-16
7079.84	7.89233e-16
7081.78	7.84703e-16
7083.71	7.94808e-16
7085.65	7.91618e-16
7087.59	7.91739e-16
7089.52	7.91003e-16
7091.46	7.84068e-16
7093.4	7.94317e-16
7095.33	8.1397e-16
7097.27	7.98666e-16
7099.21	7.89295e-16
7101.14	8.0201e-16
7103.08	8.06849e-16
7105.01	8.14474e-16
7106.95	8.1914e-16
7108.89	8.13502e-16
7110.82	7.97106e-16
7112.76	7.96207e-16
7114.7	7.99817e-16
7116.63	7.92821e-16
7118.57	7.76133e-16
7120.51	7.7887e-16
7122.44	7.86015e-16
7124.38	7.82022e-16
7126.32	7.90841e-16
7128.25	7.94361e-16
7130.19	7.87463e-16
7132.12	7.86942e-16
7134.06	7.83891e-16
7136	7.87712e-16
7137.93	7.96972e-16
7139.87	7.93973e-16
7141.81	7.96645e-16
7143.74	7.83496e-16
7145.68	7.81846e-16
7147.62	7.91691e-16
7149.55	7.83961e-16
7151.49	7.68329e-16
7153.43	7.6631e-16
7155.36	7.60941e-16
7157.3	7.51781e-16
7159.24	7.46976e-16
7161.17	7.56228e-16
7163.11	7.54215e-16
7165.04	7.54626e-16
7166.98	7.43099e-16
7168.92	7.3835e-16
7170.85	7.45475e-16
7172.79	7.58083e-16
7174.73	7.69079e-16
7176.66	7.6514e-16
7178.6	7.5953e-16
7180.54	7.70761e-16
7182.47	7.69449e-16
7184.41	7.60361e-16
7186.35	7.57022e-16
7188.28	7.53767e-16
7190.22	7.41422e-16
7192.15	7.4326e-16
7194.09	7.37117e-16
7196.03	7.26992e-16
7197.96	7.21529e-16
7199.9	7.20311e-16
7201.84	7.16008e-16
7203.77	7.08622e-16
7205.71	7.03256e-16
7207.65	6.94972e-16
7209.58	6.9949e-16
7211.52	7.05664e-16
7213.46	7.08853e-16
7215.39	7.04148e-16
7217.33	6.91535e-16
7219.26	6.91963e-16
7221.2	7.05817e-16
7223.14	7.03171e-16
7225.07	6.91851e-16
7227.01	6.976e-16
7228.95	6.97065e-16
7230.88	6.95433e-16
7232.82	6.88399e-16
7234.76	6.7037e-16
7236.69	6.5401e-16
7238.63	6.41275e-16
7240.57	6.38206e-16
7242.5	6.31665e-16
7244.44	6.28802e-16
7246.38	6.44506e-16
7248.31	6.56793e-16
7250.25	6.41595e-16
7252.18	6.23753e-16
7254.12	6.27705e-16
7256.06	6.36313e-16
7257.99	6.31236e-16
7259.93	6.18607e-16
7261.87	6.20539e-16
7263.8	6.16406e-16
7265.74	6.11443e-16
7267.68	6.2544e-16
7269.61	6.06111e-16
7271.55	5.89232e-16
7273.49	5.98933e-16
7275.42	5.95529e-16
7277.36	5.9306e-16
7279.29	5.91175e-16
7281.23	5.89816e-16
7283.17	5.84883e-16
7285.1	5.79453e-16
7287.04	5.82179e-16
7288.98	5.74648e-16
7290.91	5.52924e-16
7292.85	5.61031e-16
7294.79	5.66329e-16
7296.72	5.56623e-16
7298.66	5.68033e-16
7300.6	5.68394e-16
7302.53	5.68897e-16
7304.47	5.69329e-16
7306.4	5.57038e-16
7308.34	5.53248e-16
7310.28	5.73458e-16
7312.21	5.72458e-16
7314.15	5.68938e-16
7316.09	5.63293e-16
7318.02	5.68841e-16
7319.96	5.60871e-16
7321.9	5.55462e-16
7323.83	5.49809e-16
7325.77	5.40008e-16
7327.71	5.5108e-16
7329.64	5.52533e-16
7331.58	5.39208e-16
7333.52	5.34996e-16
7335.45	5.44803e-16
7337.39	5.38394e-16
7339.32	5.36912e-16
7341.26	5.32131e-16
7343.2	5.39701e-16
7345.13	5.45359e-16
7347.07	5.61638e-16
7349.01	5.44823e-16
7350.94	5.4243e-16
7352.88	5.51591e-16
7354.82	5.38098e-16
7356.75	5.46189e-16
7358.69	5.50826e-16
7360.63	5.38073e-16
7362.56	5.27211e-16
7364.5	5.20923e-16
7366.43	5.20546e-16
7368.37	5.16835e-16
7370.31	5.05196e-16
7372.24	4.98415e-16
7374.18	4.91636e-16
7376.12	4.98704e-16
7378.05	4.9642e-16
7379.99	4.87222e-16
7381.93	4.9604e-16
7383.86	4.97209e-16
7385.8	4.94863e-16
7387.74	4.98407e-16
7389.67	5.03687e-16
7391.61	5.06314e-16
7393.54	5.06132e-16
7395.48	5.16401e-16
7397.42	5.03611e-16
7399.35	5.04505e-16
7401.29	5.15051e-16
7403.23	5.20204e-16
7405.16	5.0924e-16
7407.1	5.10373e-16
7409.04	5.10606e-16
7410.97	5.05721e-16
7412.91	5.02406e-16
7414.85	4.98231e-16
7416.78	4.99597e-16
7418.72	4.93961e-16
7420.66	4.9383e-16
7422.59	5.03865e-16
7424.53	4.98403e-16
7426.46	5.03419e-16
7428.4	5.06937e-16
7430.34	5.03764e-16
7432.27	5.02954e-16
7434.21	5.13816e-16
7436.15	5.2089e-16
7438.08	5.18799e-16
7440.02	5.26364e-16
7441.96	5.31407e-16
7443.89	5.32226e-16
7445.83	5.34306e-16
7447.77	5.31212e-16
7449.7	5.28814e-16
7451.64	5.26564e-16
7453.57	5.13246e-16
7455.51	5.00816e-16
7457.45	5.06149e-16
7459.38	5.14615e-16
7461.32	5.12507e-16
7463.26	5.10069e-16
7465.19	5.15635e-16
7467.13	5.18101e-16
7469.07	5.13188e-16
7471	5.15697e-16
7472.94	5.24121e-16
7474.88	5.23674e-16
7476.81	5.28257e-16
7478.75	5.31e-16
7480.69	5.27279e-16
7482.62	5.35422e-16
7484.56	5.35741e-16
7486.49	5.35801e-16
7488.43	5.33337e-16
7490.37	5.30531e-16
7492.3	5.41645e-16
7494.24	5.41343e-16
7496.18	5.22683e-16
7498.11	5.21513e-16
7500.05	5.23759e-16
7501.99	5.23782e-16
7503.92	5.27255e-16
7505.86	5.30967e-16
7507.8	5.2606e-16
7509.73	5.374e-16
7511.67	5.41984e-16
7513.6	5.48501e-16
7515.54	5.4719e-16
7517.48	5.49857e-16
7519.41	5.6223e-16
7521.35	5.50396e-16
7523.29	5.52742e-16
7525.22	5.69282e-16
7527.16	5.75358e-16
7529.1	5.77785e-16
7531.03	5.65387e-16
7532.97	5.60826e-16
7534.91	5.69095e-16
7536.84	5.76574e-16
7538.78	5.70254e-16
7540.71	5.64891e-16
7542.65	5.42959e-16
7544.59	5.49995e-16
7546.52	5.52255e-16
7548.46	5.42438e-16
7550.4	5.29072e-16
7552.33	5.19766e-16
7554.27	5.35467e-16
7556.21	5.32937e-16
7558.14	5.42774e-16
7560.08	5.35919e-16
7562.02	5.43226e-16
7563.95	5.66921e-16
7565.89	5.99698e-16
7567.83	6.06207e-16
7569.76	5.89675e-16
7571.7	5.72927e-16
7573.63	5.66658e-16
7575.57	5.75397e-16
7577.51	5.71259e-16
7579.44	5.68179e-16
7581.38	5.80857e-16
7583.32	5.86448e-16
7585.25	5.84594e-16
7587.19	5.81105e-16
7589.13	5.66502e-16
7591.06	5.52457e-16
7593	5.58879e-16
7594.94	5.63019e-16
7596.87	5.65955e-16
7598.81	5.70257e-16
7600.74	5.62315e-16
7602.68	5.61738e-16
7604.62	5.83001e-16
7606.55	5.92856e-16
7608.49	6.04466e-16
7610.43	6.10544e-16
7612.36	6.11835e-16
7614.3	6.2412e-16
7616.24	6.29031e-16
7618.17	6.3622e-16
7620.11	6.36275e-16
7622.05	6.30003e-16
7623.98	6.23311e-16
7625.92	6.17601e-16
7627.86	6.01834e-16
7629.79	5.96916e-16
7631.73	6.00754e-16
7633.66	5.95167e-16
7635.6	5.93285e-16
7637.54	5.90523e-16
7639.47	5.7648e-16
7641.41	5.71213e-16
7643.35	5.77795e-16
7645.28	5.86332e-16
7647.22	5.89029e-16
7649.16	5.85448e-16
7651.09	5.80524e-16
7653.03	5.81202e-16
7654.97	5.95104e-16
7656.9	6.04286e-16
7658.84	6.06363e-16
7660.77	6.08648e-16
7662.71	6.0514e-16
7664.65	5.93615e-16
7666.58	5.89118e-16
7668.52	5.88657e-16
7670.46	5.83183e-16
7672.39	5.84607e-16
7674.33	5.86523e-16
7676.27	5.84767e-16
7678.2	5.80862e-16
7680.14	5.7292e-16
7682.08	5.63901e-16
7684.01	5.60626e-16
7685.95	5.58939e-16
7687.89	5.56634e-16
7689.82	5.50704e-16
7691.76	5.50415e-16
7693.69	5.55857e-16
7695.63	5.55536e-16
7697.57	5.5608e-16
7699.5	5.66075e-16
7701.44	5.74759e-16
7703.38	5.70762e-16
7705.31	5.7018e-16
7707.25	5.80784e-16
7709.19	5.93699e-16
7711.12	5.97411e-16
7713.06	5.89234e-16
7715	5.85472e-16
7716.93	5.93983e-16
7718.87	5.95146e-16
7720.8	5.9471e-16
7722.74	5.84668e-16
7724.68	5.67469e-16
7726.61	5.6097e-16
7728.55	5.47214e-16
7730.49	5.50258e-16
7732.42	5.56952e-16
7734.36	5.41884e-16
7736.3	5.38183e-16
7738.23	5.41033e-16
7740.17	5.32287e-16
7742.11	5.34654e-16
7744.04	5.45055e-16
7745.98	5.48406e-16
7747.91	5.54978e-16
7749.85	5.48693e-16
7751.79	5.46484e-16
7753.72	5.54719e-16
7755.66	5.52786e-16
7757.6	5.55317e-16
7759.53	5.64278e-16
7761.47	5.65601e-16
7763.41	5.54944e-16
7765.34	5.42194e-16
7767.28	5.39854e-16
7769.22	5.43574e-16
7771.15	5.42031e-16
7773.09	5.32844e-16
7775.03	5.21733e-16
7776.96	5.15323e-16
7778.9	5.15516e-16
7780.83	5.10695e-16
7782.77	5.09603e-16
7784.71	5.08418e-16
7786.64	5.06601e-16
7788.58	5.14177e-16
7790.52	5.16801e-16
7792.45	5.16379e-16
7794.39	5.21074e-16
7796.33	5.23303e-16
7798.26	5.23104e-16
7800.2	5.22715e-16
7802.14	5.21644e-16
7804.07	5.2087e-16
7806.01	5.22499e-16
7807.94	5.24744e-16
7809.88	5.23036e-16
7811.82	5.26072e-16
7813.75	5.2239e-16
7815.69	5.13387e-16
7817.63	5.09655e-16
7819.56	5.03319e-16
7821.5	5.03909e-16
7823.44	5.02403e-16
7825.37	4.94543e-16
7827.31	4.89555e-16
7829.25	4.91481e-16
7831.18	4.96059e-16
7833.12	4.93665e-16
7835.05	4.90542e-16
7836.99	4.89104e-16
7838.93	4.92142e-16
7840.86	4.99708e-16
7842.8	5.04281e-16
7844.74	5.01595e-16
7846.67	5.02622e-16
7848.61	5.03915e-16
7850.55	4.97633e-16
7852.48	4.94384e-16
7854.42	4.92506e-16
7856.36	4.91647e-16
7858.29	4.82785e-16
7860.23	4.76581e-16
7862.17	4.75286e-16
7864.1	4.58746e-16
7866.04	4.47481e-16
7867.97	4.44725e-16
7869.91	4.27456e-16
7871.85	4.14532e-16
7873.78	4.09019e-16
7875.72	3.90932e-16
7877.66	3.73751e-16
7879.59	3.74249e-16
7881.53	3.74004e-16
7883.47	3.67128e-16
7885.4	3.55368e-16
7887.34	3.47368e-16
7889.28	3.43211e-16
7891.21	3.36837e-16
7893.15	3.29177e-16
7895.08	3.25769e-16
7897.02	3.23076e-16
7898.96	3.2261e-16
7900.89	3.2054e-16
7902.83	3.23477e-16
7904.77	3.12483e-16
7906.7	2.99042e-16
7908.64	2.96827e-16
7910.58	2.94673e-16
7912.51	2.81919e-16
7914.45	2.70324e-16
7916.39	2.68739e-16
7918.32	2.63657e-16
7920.26	2.68345e-16
7922.19	2.58353e-16
7924.13	2.5341e-16
7926.07	2.43322e-16
7928	2.34244e-16
7929.94	2.34571e-16
7931.88	2.30865e-16
7933.81	2.25291e-16
7935.75	2.28484e-16
7937.69	2.28422e-16
7939.62	2.32312e-16
7941.56	2.30902e-16
7943.5	2.23586e-16
7945.43	2.20596e-16
7947.37	2.3151e-16
7949.31	2.34007e-16
7951.24	2.23472e-16
7953.18	2.25527e-16
7955.11	2.2994e-16
7957.05	2.32503e-16
7958.99	2.26778e-16
7960.92	2.22134e-16
7962.86	2.2216e-16
7964.8	2.18585e-16
7966.73	2.182e-16
7968.67	2.22513e-16
7970.61	2.21758e-16
7972.54	2.12562e-16
7974.48	2.10274e-16
7976.42	2.21144e-16
7978.35	2.22875e-16
7980.29	2.18539e-16
7982.22	2.16638e-16
7984.16	2.19198e-16
7986.1	2.25149e-16
7988.03	2.28904e-16
7989.97	2.32147e-16
7991.91	2.37401e-16
7993.84	2.37234e-16
7995.78	2.37781e-16
7997.72	2.39547e-16
7999.65	2.38883e-16
8001.59	2.35969e-16
8003.53	2.31172e-16
8005.46	2.37026e-16
8007.4	2.28576e-16
8009.33	2.20327e-16
8011.27	2.31915e-16
8013.21	2.32197e-16
8015.14	2.2428e-16
8017.08	2.25938e-16
8019.02	2.20062e-16
8020.95	2.23525e-16
8022.89	2.25626e-16
8024.83	2.17047e-16
8026.76	2.14996e-16
8028.7	2.1536e-16
8030.64	2.17869e-16
8032.57	2.15649e-16
8034.51	2.10148e-16
8036.45	2.08471e-16
8038.38	2.05589e-16
8040.32	2.02991e-16
8042.25	2.06278e-16
8044.19	2.06034e-16
8046.13	1.99348e-16
8048.06	1.93009e-16
8050	1.87381e-16
8051.94	1.90417e-16
8053.87	1.93477e-16
8055.81	1.8911e-16
8057.75	1.9067e-16
8059.68	1.88907e-16
8061.62	1.80848e-16
8063.56	1.82028e-16
8065.49	1.77869e-16
8067.43	1.75097e-16
8069.36	1.84909e-16
8071.3	1.89485e-16
8073.24	1.90557e-16
8075.17	1.82826e-16
8077.11	1.85652e-16
8079.05	1.90548e-16
8080.98	1.97559e-16
8082.92	1.95352e-16
8084.86	1.913e-16
8086.79	1.88689e-16
8088.73	1.98753e-16
8090.67	1.97069e-16
8092.6	1.94693e-16
8094.54	1.92448e-16
8096.47	1.95817e-16
8098.41	1.96007e-16
8100.35	1.91806e-16
8102.28	2.02224e-16
8104.22	2.01896e-16
8106.16	1.9693e-16
8108.09	2.12214e-16
8110.03	2.19929e-16
8111.97	2.1124e-16
8113.9	2.13588e-16
8115.84	2.17369e-16
8117.78	2.22983e-16
8119.71	2.21357e-16
8121.65	2.24669e-16
8123.59	2.30869e-16
8125.52	2.21761e-16
8127.46	2.21623e-16
8129.39	2.32519e-16
8131.33	2.39309e-16
8133.27	2.34926e-16
8135.2	2.25663e-16
8137.14	2.2993e-16
8139.08	2.36819e-16
8141.01	2.46899e-16
8142.95	2.53448e-16
8144.89	2.54978e-16
8146.82	2.69532e-16
8148.76	2.6723e-16
8150.7	2.63644e-16
8152.63	2.70207e-16
8154.57	2.70207e-16
8156.5	2.7646e-16
8158.44	2.7995e-16
8160.38	2.83446e-16
8162.31	2.75359e-16
8164.25	2.69871e-16
8166.19	2.62676e-16
8168.12	2.70973e-16
8170.06	2.67568e-16
8172	2.75121e-16
8173.93	2.91253e-16
8175.87	2.89871e-16
8177.81	2.98058e-16
8179.74	3.15373e-16
8181.68	3.07546e-16
8183.62	3.03833e-16
8185.55	3.01414e-16
8187.49	3.08906e-16
8189.42	3.1046e-16
8191.36	3.10241e-16
8193.3	2.96804e-16
8195.23	3.01043e-16
8197.17	3.03581e-16
8199.11	3.01063e-16
8201.04	3.12404e-16
8202.98	3.18914e-16
8204.92	3.26792e-16
8206.85	3.27731e-16
8208.79	3.21879e-16
8210.73	3.26847e-16
8212.66	3.28856e-16
8214.6	3.19886e-16
8216.53	3.31399e-16
8218.47	3.29592e-16
8220.41	3.2148e-16
8222.34	3.41745e-16
8224.28	3.41514e-16
8226.22	3.49067e-16
8228.15	3.38411e-16
8230.09	3.40444e-16
8232.03	3.40531e-16
8233.96	3.4212e-16
8235.9	3.35586e-16
8237.84	3.40675e-16
8239.77	3.47438e-16
8241.71	3.56796e-16
8243.64	3.65277e-16
8245.58	3.59639e-16
8247.52	3.5944e-16
8249.45	3.6717e-16
8251.39	3.67815e-16
8253.33	3.71392e-16
8255.26	3.59103e-16
8257.2	3.63903e-16
8259.14	3.62979e-16
8261.07	3.68093e-16
8263.01	3.81012e-16
8264.95	3.77797e-16
8266.88	3.67028e-16
8268.82	3.68879e-16
8270.76	3.67797e-16
8272.69	3.60318e-16
8274.63	3.57103e-16
8276.56	3.64479e-16
8278.5	3.76984e-16
8280.44	3.78011e-16
8282.37	3.80735e-16
8284.31	3.76557e-16
8286.25	3.77225e-16
8288.18	3.86257e-16
8290.12	3.7849e-16
8292.06	3.80112e-16
8293.99	3.80829e-16
8295.93	3.81899e-16
8297.87	3.99227e-16
8299.8	3.91295e-16
8301.74	3.89143e-16
8303.67	3.87499e-16
8305.61	3.84257e-16
8307.55	3.98728e-16
8309.48	4.02291e-16
8311.42	4.03058e-16
8313.36	3.94917e-16
8315.29	3.91176e-16
8317.23	4.03362e-16
8319.17	4.13124e-16
8321.1	4.17266e-16
8323.04	4.21573e-16
8324.98	3.98223e-16
8326.91	3.89943e-16
8328.85	3.89476e-16
8330.78	3.89961e-16
8332.72	4.015e-16
8334.66	4.1277e-16
8336.59	3.96671e-16
8338.53	3.99713e-16
8340.47	4.00342e-16
