3450.84	2.36092e-17
3452.3	8.794e-17
3453.76	1.20585e-16
3455.22	-5.72361e-17
3456.68	5.11923e-19
3458.14	7.37302e-17
3459.6	6.52703e-17
3461.06	8.7834e-17
3462.52	6.98048e-17
3463.98	1.12147e-16
3465.44	2.74875e-17
3466.9	-3.54267e-17
3468.36	3.9551e-17
3469.82	1.48218e-16
3471.28	2.0293e-16
3472.74	1.59365e-16
3474.2	-8.61916e-18
3475.66	7.63875e-17
3477.12	1.50759e-16
3478.58	4.27845e-17
3480.04	-4.40854e-17
3481.5	-2.57952e-17
3482.96	3.90785e-17
3484.42	6.38808e-17
3485.88	6.64005e-17
3487.34	-4.50728e-18
3488.8	1.16797e-16
3490.26	1.54888e-16
3491.72	3.37432e-17
3493.18	8.03006e-17
3494.64	1.14142e-16
3496.1	1.23181e-17
3497.56	-1.25e-17
3499.02	2.62694e-17
3500.48	3.51441e-17
3501.94	4.39368e-17
3503.4	2.16036e-17
3504.86	1.47885e-17
3506.32	3.91139e-17
3507.78	8.83909e-17
3509.24	4.97643e-17
3510.7	6.07258e-17
3512.15	5.24801e-17
3513.61	-1.09476e-17
3515.07	5.30079e-17
3516.53	1.62937e-17
3517.99	2.1591e-18
3519.45	3.91528e-17
3520.91	1.70445e-16
3522.37	8.14067e-17
3523.83	6.64221e-17
3525.29	5.45832e-17
3526.75	3.94103e-17
3528.21	4.27502e-18
3529.67	1.06867e-16
3531.13	1.40961e-16
3532.59	1.53922e-16
3534.05	1.2661e-16
3535.51	2.51217e-17
3536.97	2.29319e-17
3538.43	4.53918e-17
3539.89	1.19487e-16
3541.35	1.10531e-16
3542.81	9.85966e-17
3544.27	5.73277e-17
3545.73	4.25445e-17
3547.19	7.76978e-18
3548.65	4.44773e-17
3550.11	8.71867e-17
3551.57	7.9314e-17
3553.03	6.87663e-17
3554.49	1.34618e-16
3555.95	1.10897e-16
3557.41	-1.21881e-17
3558.87	-3.3703e-17
3560.33	9.58842e-18
3561.79	6.24717e-17
3563.25	1.06175e-16
3564.71	1.47426e-16
3566.17	1.33456e-16
3567.63	1.15655e-16
3569.09	1.80071e-16
3570.55	1.30853e-16
3572.01	9.83315e-17
3573.47	9.3144e-17
3574.93	1.05768e-16
3576.39	1.05215e-16
3577.84	1.05565e-16
3579.3	1.93682e-16
3580.76	8.95452e-17
3582.22	1.32688e-17
3583.68	9.87043e-17
3585.14	1.11313e-16
3586.6	1.05031e-16
3588.06	9.1171e-17
3589.52	6.5981e-17
3590.98	9.40342e-17
3592.44	1.16445e-16
3593.9	-6.94015e-17
3595.36	-3.95749e-17
3596.82	1.74582e-17
3598.28	1.00909e-16
3599.74	1.84427e-16
3601.2	8.16854e-17
3602.66	2.59827e-17
3604.12	7.26694e-17
3605.58	1.15823e-16
3607.04	1.90354e-17
3608.5	1.02474e-16
3609.96	1.67525e-16
3611.42	1.35492e-16
3612.88	1.31182e-16
3614.34	1.48856e-16
3615.8	9.11259e-17
3617.26	2.63259e-17
3618.72	6.27895e-17
3620.18	1.21263e-16
3621.64	1.32872e-16
3623.1	1.42975e-16
3624.56	7.35124e-17
3626.02	4.98911e-18
3627.48	2.72221e-17
3628.94	9.5156e-17
3630.4	1.25391e-17
3631.86	2.83516e-18
3633.32	4.39316e-17
3634.78	2.29401e-17
3636.24	7.8551e-17
3637.7	1.28e-16
3639.16	9.64988e-17
3640.62	6.38705e-17
3642.08	4.29e-17
3643.54	1.06977e-16
3645	1.23721e-16
3646.45	1.08711e-16
3647.91	1.10864e-16
3649.37	1.24949e-16
3650.83	6.72659e-17
3652.29	1.02094e-16
3653.75	1.20412e-16
3655.21	8.80243e-17
3656.67	5.30966e-17
3658.13	5.06224e-17
3659.59	1.26608e-17
3661.05	2.46179e-17
3662.51	3.61696e-17
3663.97	1.05947e-16
3665.43	1.09107e-16
3666.89	4.68957e-17
3668.35	3.39029e-17
3669.81	5.62832e-17
3671.27	7.63543e-17
3672.73	7.76438e-17
3674.19	-6.39312e-19
3675.65	-1.93501e-17
3677.11	7.6567e-19
3678.57	2.85596e-17
3680.03	7.30855e-17
3681.49	4.77429e-17
3682.95	3.73609e-17
3684.41	1.28021e-17
3685.87	3.5845e-17
3687.33	-3.86731e-17
3688.79	-1.54129e-17
3690.25	1.70922e-17
3691.71	6.70131e-17
3693.17	9.20384e-17
3694.63	4.37353e-17
3696.09	2.96552e-17
3697.55	8.90892e-17
3699.01	9.46894e-17
3700.47	4.17687e-17
3701.93	3.96186e-17
3703.39	9.92673e-17
3704.85	8.92863e-17
3706.31	7.60215e-17
3707.77	4.27296e-17
3709.23	4.24725e-17
3710.69	4.22151e-17
3712.14	4.27943e-17
3713.6	4.33745e-17
3715.06	4.39554e-17
3716.52	4.45372e-17
3717.98	4.51198e-17
3719.44	4.57034e-17
3720.9	4.62878e-17
3722.36	4.6873e-17
3723.82	4.74591e-17
3725.28	4.80462e-17
3726.74	4.8634e-17
3728.2	4.92226e-17
3729.66	4.98123e-17
3731.12	5.04027e-17
3732.58	5.09939e-17
3734.04	5.15861e-17
3735.5	5.2179e-17
3736.96	5.2773e-17
3738.42	5.33677e-17
3739.88	5.39634e-17
3741.34	5.45599e-17
3742.8	5.51572e-17
3744.26	5.57554e-17
3745.72	5.63545e-17
3747.18	5.69544e-17
3748.64	7.61119e-17
3750.1	5.9772e-17
3751.56	1.79335e-17
3753.02	-1.80657e-17
3754.48	2.65655e-17
3755.94	1.04687e-16
3757.4	9.22705e-17
3758.86	5.89971e-17
3760.32	8.25656e-17
3761.78	4.14405e-17
3763.24	2.6553e-17
3764.7	7.37806e-19
3766.16	-8.14179e-18
3767.62	7.15116e-17
3769.08	6.57706e-17
3770.54	5.79424e-18
3772	3.97432e-17
3773.46	7.2774e-17
3774.92	4.40376e-17
3776.38	1.56498e-17
3777.84	1.80119e-18
3779.29	3.5352e-17
3780.75	4.08187e-17
3782.21	1.08789e-16
3783.67	1.25454e-16
3785.13	7.38631e-17
3786.59	6.3766e-17
3788.05	6.75177e-17
3789.51	5.68339e-17
3790.97	5.1883e-17
3792.43	7.48866e-17
3793.89	7.80316e-17
3795.35	1.18702e-16
3796.81	9.05592e-17
3798.27	6.23505e-17
3799.73	8.01317e-17
3801.19	9.87384e-17
3802.65	1.23089e-16
3804.11	8.71806e-17
3805.57	1.02162e-16
3807.03	9.0108e-17
3808.49	7.06356e-17
3809.95	5.19765e-17
3811.41	5.86094e-17
3812.87	1.03779e-16
3814.33	1.02962e-16
3815.79	7.52986e-17
3817.25	4.31344e-17
3818.71	5.84616e-17
3820.17	5.84885e-17
3821.63	7.97088e-17
3823.09	1.15884e-16
3824.55	8.3416e-17
3826.01	9.93421e-17
3827.47	1.15169e-16
3828.93	9.52774e-17
3830.39	5.07069e-17
3831.85	3.13813e-17
3833.31	1.65516e-17
3834.77	3.80515e-17
3836.23	1.03765e-16
3837.69	1.23938e-16
3839.15	1.07626e-16
3840.61	5.65256e-17
3842.07	4.93543e-17
3843.53	9.78616e-17
3844.99	1.38073e-16
3846.44	1.66191e-16
3847.9	1.04549e-16
3849.36	9.30822e-17
3850.82	7.52859e-17
3852.28	8.28488e-17
3853.74	6.73357e-17
3855.2	8.50055e-17
3856.66	7.91024e-17
3858.12	5.83179e-17
3859.58	6.00783e-17
3861.04	9.56478e-17
3862.5	1.0698e-16
3863.96	7.83123e-17
3865.42	6.28105e-17
3866.88	1.06052e-16
3868.34	8.00394e-17
3869.8	6.45778e-17
3871.26	9.39863e-17
3872.72	1.05784e-16
3874.18	7.10181e-17
3875.64	8.80752e-17
3877.1	1.49328e-16
3878.56	1.28228e-16
3880.02	7.33334e-17
3881.48	8.42014e-17
3882.94	1.58963e-16
3884.4	1.75459e-16
3885.86	1.5112e-16
3887.32	1.22499e-16
3888.78	1.41536e-16
3890.24	1.07449e-16
3891.7	6.25691e-17
3893.16	8.18462e-17
3894.62	7.15355e-17
3896.08	1.17368e-16
3897.54	1.69853e-16
3899	1.14976e-16
3900.46	1.11432e-16
3901.92	1.0623e-16
3903.38	7.04989e-17
3904.84	1.06592e-16
3906.3	1.51067e-16
3907.76	1.5818e-16
3909.22	1.44064e-16
3910.68	1.51018e-16
3912.14	1.2981e-16
3913.59	1.06869e-16
3915.05	1.13601e-16
3916.51	1.10273e-16
3917.97	1.2015e-16
3919.43	1.25372e-16
3920.89	1.20653e-16
3922.35	1.03724e-16
3923.81	8.64613e-17
3925.27	1.52913e-16
3926.73	1.50437e-16
3928.19	1.30238e-16
3929.65	1.08632e-16
3931.11	1.08348e-16
3932.57	7.20413e-17
3934.03	9.29792e-17
3935.49	1.3997e-16
3936.95	1.07389e-16
3938.41	1.26936e-16
3939.87	1.3707e-16
3941.33	1.50929e-16
3942.79	1.17904e-16
3944.25	1.06454e-16
3945.71	1.50162e-16
3947.17	8.1207e-17
3948.63	7.53952e-17
3950.09	1.27775e-16
3951.55	1.51076e-16
3953.01	1.62191e-16
3954.47	1.53161e-16
3955.93	1.61777e-16
3957.39	1.24618e-16
3958.85	1.21058e-16
3960.31	1.13967e-16
3961.77	8.76914e-17
3963.23	7.54108e-17
3964.69	9.48048e-17
3966.15	1.25898e-16
3967.61	1.27807e-16
3969.07	1.24063e-16
3970.53	1.05559e-16
3971.99	1.04729e-16
3973.45	1.04642e-16
3974.91	1.31595e-16
3976.37	1.48041e-16
3977.83	1.31778e-16
3979.28	9.11268e-17
3980.74	1.03667e-16
3982.2	1.2371e-16
3983.66	9.37127e-17
3985.12	1.32558e-16
3986.58	1.36661e-16
3988.04	1.01884e-16
3989.5	1.18522e-16
3990.96	8.62589e-17
3992.42	6.80997e-17
3993.88	1.16626e-16
3995.34	1.50088e-16
3996.8	1.66564e-16
3998.26	1.3392e-16
3999.72	1.06087e-16
4001.18	1.19461e-16
4002.64	1.30626e-16
4004.1	1.30717e-16
4005.56	1.53914e-16
4007.02	1.34985e-16
4008.48	1.14999e-16
4009.94	1.413e-16
4011.4	1.42595e-16
4012.86	9.94265e-17
4014.32	1.04611e-16
4015.78	1.26959e-16
4017.24	9.12582e-17
4018.7	4.7735e-17
4020.16	4.06027e-17
4021.62	6.03771e-17
4023.08	1.00578e-16
4024.54	9.67335e-17
4026	1.14308e-16
4027.46	1.16324e-16
4028.92	1.05054e-16
4030.38	1.35086e-16
4031.84	1.18457e-16
4033.3	1.2532e-16
4034.76	1.21668e-16
4036.22	9.84335e-17
4037.68	1.53184e-16
4039.14	1.35405e-16
4040.6	8.98341e-17
4042.06	1.41693e-16
4043.52	1.25795e-16
4044.98	1.24868e-16
4046.43	1.00162e-16
4047.89	1.14283e-16
4049.35	1.62848e-16
4050.81	1.37631e-16
4052.27	1.21031e-16
4053.73	1.35623e-16
4055.19	1.18802e-16
4056.65	1.18357e-16
4058.11	1.01802e-16
4059.57	5.01097e-17
4061.03	1.1569e-16
4062.49	1.16383e-16
4063.95	1.15958e-16
4065.41	1.31833e-16
4066.87	8.34014e-17
4068.33	1.08461e-16
4069.79	1.41473e-16
4071.25	1.21587e-16
4072.71	1.28026e-16
4074.17	1.05192e-16
4075.63	7.63541e-17
4077.09	1.07073e-16
4078.55	1.21414e-16
4080.01	1.26352e-16
4081.47	1.12354e-16
4082.93	1.11356e-16
4084.39	8.82436e-17
4085.85	1.03328e-16
4087.31	1.15986e-16
4088.77	4.95893e-17
4090.23	9.71086e-17
4091.69	1.26357e-16
4093.15	9.41336e-17
4094.61	1.51913e-16
4096.07	1.40961e-16
4097.53	1.30806e-16
4098.99	1.72368e-16
4100.45	1.62366e-16
4101.91	9.22136e-17
4103.37	8.90635e-17
4104.83	7.40196e-17
4106.29	1.1226e-16
4107.75	1.07142e-16
4109.21	9.4664e-17
4110.67	9.32078e-17
4112.13	1.2335e-16
4113.58	1.0846e-16
4115.04	1.46188e-16
4116.5	1.43241e-16
4117.96	1.24212e-16
4119.42	9.91265e-17
4120.88	1.44644e-16
4122.34	1.17881e-16
4123.8	8.61904e-17
4125.26	1.00668e-16
4126.72	6.59038e-17
4128.18	8.32049e-17
4129.64	1.29869e-16
4131.1	1.44604e-16
4132.56	1.0145e-16
4134.02	8.89291e-17
4135.48	1.0672e-16
4136.94	1.21263e-16
4138.4	1.08775e-16
4139.86	9.48271e-17
4141.32	9.90603e-17
4142.78	9.60096e-17
4144.24	9.40002e-17
4145.7	1.22334e-16
4147.16	1.39768e-16
4148.62	1.21219e-16
4150.08	1.01513e-16
4151.54	1.29339e-16
4153	1.20157e-16
4154.46	8.72824e-17
4155.92	1.1046e-16
4157.38	1.22407e-16
4158.84	1.1913e-16
4160.3	9.93505e-17
4161.76	1.04459e-16
4163.22	1.52301e-16
4164.68	1.22378e-16
4166.14	8.66289e-17
4167.6	1.05274e-16
4169.06	1.06889e-16
4170.52	9.24305e-17
4171.98	4.88904e-17
4173.44	6.57866e-17
4174.9	1.00047e-16
4176.36	1.13365e-16
4177.82	1.01978e-16
4179.27	1.00478e-16
4180.73	9.52723e-17
4182.19	1.32996e-16
4183.65	1.2468e-16
4185.11	1.3529e-16
4186.57	1.25139e-16
4188.03	9.25163e-17
4189.49	8.80266e-17
4190.95	1.09925e-16
4192.41	9.23024e-17
4193.87	9.56599e-17
4195.33	1.0363e-16
4196.79	9.90269e-17
4198.25	1.58886e-16
4199.71	1.50183e-16
4201.17	1.19072e-16
4202.63	1.14258e-16
4204.09	1.28622e-16
4205.55	1.19674e-16
4207.01	1.00057e-16
4208.47	1.26606e-16
4209.93	1.24188e-16
4211.39	1.23852e-16
4212.85	1.45424e-16
4214.31	1.69993e-16
4215.77	1.42248e-16
4217.23	9.28053e-17
4218.69	9.91698e-17
4220.15	8.46228e-17
4221.61	8.54387e-17
4223.07	7.85731e-17
4224.53	7.52981e-17
4225.99	7.80976e-17
4227.45	1.03739e-16
4228.91	1.17144e-16
4230.37	9.21109e-17
4231.83	1.10798e-16
4233.29	1.27479e-16
4234.75	9.1196e-17
4236.21	1.19916e-16
4237.67	1.06051e-16
4239.13	1.38298e-16
4240.59	1.31191e-16
4242.05	1.32976e-16
4243.51	1.60352e-16
4244.97	1.40897e-16
4246.42	1.14441e-16
4247.88	1.11415e-16
4249.34	1.30404e-16
4250.8	1.14462e-16
4252.26	1.26947e-16
4253.72	1.24674e-16
4255.18	1.19103e-16
4256.64	1.27886e-16
4258.1	9.25398e-17
4259.56	1.35731e-16
4261.02	1.66713e-16
4262.48	1.6513e-16
4263.94	1.62994e-16
4265.4	1.80343e-16
4266.86	1.21225e-16
4268.32	1.07886e-16
4269.78	1.09807e-16
4271.24	1.1358e-16
4272.7	1.24373e-16
4274.16	8.6374e-17
4275.62	1.30485e-16
4277.08	1.70373e-16
4278.54	1.32431e-16
4280	8.46929e-17
4281.46	8.37217e-17
4282.92	8.73598e-17
4284.38	1.13021e-16
4285.84	9.7072e-17
4287.3	1.39284e-16
4288.76	1.43573e-16
4290.22	1.05293e-16
4291.68	1.17878e-16
4293.14	1.14783e-16
4294.6	1.40629e-16
4296.06	5.73464e-17
4297.52	8.67016e-17
4298.98	1.2674e-16
4300.44	1.24042e-16
4301.9	1.16681e-16
4303.36	1.25958e-16
4304.82	1.14059e-16
4306.28	1.167e-16
4307.74	1.11977e-16
4309.2	1.03203e-16
4310.66	7.31345e-17
4312.11	1.21034e-16
4313.57	1.53219e-16
4315.03	1.20325e-16
4316.49	8.2505e-17
4317.95	1.11503e-16
4319.41	1.28226e-16
4320.87	8.39649e-17
4322.33	7.10133e-17
4323.79	9.83154e-17
4325.25	1.01059e-16
4326.71	6.06873e-17
4328.17	5.39818e-17
4329.63	8.24074e-17
4331.09	1.14131e-16
4332.55	1.22816e-16
4334.01	2.0391e-16
4335.47	2.6682e-16
4336.93	2.74689e-16
4338.39	2.71274e-16
4339.85	1.98933e-16
4341.31	1.26378e-16
4342.77	5.50357e-17
4344.23	1.28836e-16
4345.69	1.27582e-16
4347.15	1.26325e-16
4348.61	1.25067e-16
4350.07	1.23807e-16
4351.53	1.22545e-16
4352.99	1.21281e-16
4354.45	1.20016e-16
4355.91	1.18748e-16
4357.37	1.17479e-16
4358.83	1.16208e-16
4360.29	1.14934e-16
4361.75	1.13659e-16
4363.21	1.12382e-16
4364.67	1.11103e-16
4366.13	1.09823e-16
4367.59	1.0854e-16
4369.05	1.07255e-16
4370.51	1.05969e-16
4371.97	1.04681e-16
4373.43	1.0339e-16
4374.89	1.02098e-16
4376.35	1.00804e-16
4377.81	9.95083e-17
4379.27	9.82108e-17
4380.73	9.6911e-17
4382.18	9.56097e-17
4383.64	9.94533e-17
4385.1	9.2182e-17
4386.56	1.5553e-16
4388.02	1.61601e-16
4389.48	1.37963e-16
4390.94	1.15163e-16
4392.4	1.24766e-16
4393.86	1.16573e-16
4395.32	1.36781e-16
4396.78	1.60155e-16
4398.24	1.43568e-16
4399.7	1.05529e-16
4401.16	9.61944e-17
4402.62	1.02013e-16
4404.08	1.03727e-16
4405.54	1.23441e-16
4407	1.81659e-16
4408.46	1.07971e-16
4409.92	1.45271e-16
4411.38	1.55276e-16
4412.84	1.24621e-16
4414.3	1.27365e-16
4415.76	1.05272e-16
4417.22	1.51185e-16
4418.68	1.92621e-16
4420.14	1.73848e-16
4421.6	1.48696e-16
4423.06	1.56186e-16
4424.52	1.69635e-16
4425.98	1.56982e-16
4427.44	1.35706e-16
4428.9	1.59126e-16
4430.36	1.32749e-16
4431.82	1.07445e-16
4433.28	1.51265e-16
4434.74	1.60142e-16
4436.2	1.59807e-16
4437.66	1.44483e-16
4439.12	1.41818e-16
4440.58	1.16924e-16
4442.04	1.11111e-16
4443.5	1.89157e-16
4444.96	1.58914e-16
4446.42	1.26113e-16
4447.87	1.72391e-16
4449.33	1.57951e-16
4450.79	1.5065e-16
4452.25	1.66135e-16
4453.71	1.2001e-16
4455.17	1.53896e-16
4456.63	1.47415e-16
4458.09	1.59241e-16
4459.55	1.76987e-16
4461.01	1.6906e-16
4462.47	1.78592e-16
4463.93	1.53465e-16
4465.39	1.5723e-16
4466.85	2.47934e-16
4468.31	2.09167e-16
4469.77	1.32323e-16
4471.23	1.16543e-16
4472.69	1.55582e-16
4474.15	1.71077e-16
4475.61	1.46815e-16
4477.07	1.6224e-16
4478.53	1.88103e-16
4479.99	2.16371e-16
4481.45	2.37354e-16
4482.91	1.8454e-16
4484.37	2.1177e-16
4485.83	1.96453e-16
4487.29	1.64249e-16
4488.75	1.73566e-16
4490.21	2.07251e-16
4491.67	1.77144e-16
4493.13	1.70951e-16
4494.59	1.72358e-16
4496.05	1.71728e-16
4497.51	2.44348e-16
4498.97	2.13695e-16
4500.43	2.22971e-16
4501.89	1.69572e-16
4503.35	2.03601e-16
4504.81	1.79056e-16
4506.27	2.02046e-16
4507.73	2.24473e-16
4509.19	1.82642e-16
4510.65	2.10374e-16
4512.11	2.10885e-16
4513.57	1.84307e-16
4515.02	1.51612e-16
4516.48	1.73945e-16
4517.94	2.05851e-16
4519.4	1.75757e-16
4520.86	2.37872e-16
4522.32	1.95043e-16
4523.78	1.68043e-16
4525.24	1.84666e-16
4526.7	1.67876e-16
4528.16	1.8891e-16
4529.62	1.57882e-16
4531.08	1.89204e-16
4532.54	1.85618e-16
4534	1.87362e-16
4535.46	1.92041e-16
4536.92	2.41141e-16
4538.38	2.58476e-16
4539.84	1.98349e-16
4541.3	2.32411e-16
4542.76	2.15053e-16
4544.22	2.13782e-16
4545.68	1.96666e-16
4547.14	2.42463e-16
4548.6	1.99949e-16
4550.06	1.64495e-16
4551.52	1.87298e-16
4552.98	1.78161e-16
4554.44	1.85113e-16
4555.9	1.6647e-16
4557.36	1.98797e-16
4558.82	1.61742e-16
4560.28	1.98674e-16
4561.74	2.39194e-16
4563.2	2.16514e-16
4564.66	2.01487e-16
4566.12	1.5918e-16
4567.58	2.07604e-16
4569.04	2.00093e-16
4570.5	2.06774e-16
4571.96	2.0855e-16
4573.42	2.04049e-16
4574.88	2.10709e-16
4576.34	2.22636e-16
4577.8	2.22819e-16
4579.26	1.90628e-16
4580.71	2.3374e-16
4582.17	2.25261e-16
4583.63	2.26234e-16
4585.09	2.69931e-16
4586.55	2.37724e-16
4588.01	2.14152e-16
4589.47	2.24331e-16
4590.93	2.23939e-16
4592.39	2.28017e-16
4593.85	2.28755e-16
4595.31	2.05095e-16
4596.77	2.00251e-16
4598.23	1.88799e-16
4599.69	2.13686e-16
4601.15	1.80093e-16
4602.61	1.58263e-16
4604.07	2.13e-16
4605.53	2.55401e-16
4606.99	2.40572e-16
4608.45	2.16445e-16
4609.91	2.38813e-16
4611.37	2.39287e-16
4612.83	2.13981e-16
4614.29	2.66927e-16
4615.75	2.58474e-16
4617.21	2.33648e-16
4618.67	2.30491e-16
4620.13	1.87531e-16
4621.59	1.9323e-16
4623.05	2.22288e-16
4624.51	2.14676e-16
4625.97	2.23006e-16
4627.43	2.49432e-16
4628.89	2.22102e-16
4630.35	2.2669e-16
4631.81	1.60449e-16
4633.27	2.11079e-16
4634.73	2.11587e-16
4636.19	1.88571e-16
4637.65	2.43376e-16
4639.11	2.35515e-16
4640.57	2.49433e-16
4642.03	2.29868e-16
4643.49	2.12484e-16
4644.95	1.71497e-16
4646.41	1.95917e-16
4647.86	1.93021e-16
4649.32	2.16001e-16
4650.78	2.25184e-16
4652.24	2.28789e-16
4653.7	2.37789e-16
4655.16	2.54635e-16
4656.62	1.62203e-16
4658.08	1.83469e-16
4659.54	2.24391e-16
4661	2.14837e-16
4662.46	1.85569e-16
4663.92	1.80966e-16
4665.38	1.64124e-16
4666.84	1.73111e-16
4668.3	2.35345e-16
4669.76	2.11283e-16
4671.22	1.98136e-16
4672.68	2.50808e-16
4674.14	2.61369e-16
4675.6	2.02923e-16
4677.06	1.88073e-16
4678.52	1.83209e-16
4679.98	2.11974e-16
4681.44	1.87282e-16
4682.9	1.79423e-16
4684.36	2.26107e-16
4685.82	2.07305e-16
4687.28	1.97739e-16
4688.74	1.97135e-16
4690.2	2.37072e-16
4691.66	2.47448e-16
4693.12	2.23006e-16
4694.58	1.97126e-16
4696.04	2.06187e-16
4697.5	1.98813e-16
4698.96	1.87007e-16
4700.42	2.08805e-16
4701.88	1.93932e-16
4703.34	1.86049e-16
4704.8	1.64443e-16
4706.26	1.71242e-16
4707.72	2.10557e-16
4709.18	2.40275e-16
4710.64	1.83045e-16
4712.1	1.43173e-16
4713.55	1.95091e-16
4715.01	2.14625e-16
4716.47	2.29865e-16
4717.93	1.96172e-16
4719.39	1.91115e-16
4720.85	1.57579e-16
4722.31	1.35013e-16
4723.77	1.52704e-16
4725.23	1.45185e-16
4726.69	2.02329e-16
4728.15	2.19998e-16
4729.61	1.66612e-16
4731.07	1.98631e-16
4732.53	2.61924e-16
4733.99	2.07046e-16
4735.45	1.97853e-16
4736.91	1.72737e-16
4738.37	1.83935e-16
4739.83	2.36481e-16
4741.29	1.95088e-16
4742.75	1.70314e-16
4744.21	1.6925e-16
4745.67	1.65874e-16
4747.13	1.53559e-16
4748.59	1.66173e-16
4750.05	1.714e-16
4751.51	1.89619e-16
4752.97	1.73845e-16
4754.43	2.16314e-16
4755.89	2.0909e-16
4757.35	1.67154e-16
4758.81	2.08227e-16
4760.27	2.16595e-16
4761.73	1.70605e-16
4763.19	1.54668e-16
4764.65	1.86777e-16
4766.11	1.94179e-16
4767.57	1.82727e-16
4769.03	1.90838e-16
4770.49	1.54489e-16
4771.95	1.68878e-16
4773.41	1.73036e-16
4774.87	1.66527e-16
4776.33	1.35306e-16
4777.79	1.59424e-16
4779.25	1.78669e-16
4780.7	1.97939e-16
4782.16	1.79357e-16
4783.62	1.76823e-16
4785.08	1.76648e-16
4786.54	1.79208e-16
4788	2.26457e-16
4789.46	1.8943e-16
4790.92	1.38214e-16
4792.38	1.56794e-16
4793.84	1.36881e-16
4795.3	1.85786e-16
4796.76	2.46622e-16
4798.22	2.00956e-16
4799.68	1.95138e-16
4801.14	1.97342e-16
4802.6	1.78239e-16
4804.06	1.79293e-16
4805.52	2.13902e-16
4806.98	1.81285e-16
4808.44	1.67015e-16
4809.9	1.91991e-16
4811.36	1.78496e-16
4812.82	2.38585e-16
4814.28	2.52673e-16
4815.74	1.64626e-16
4817.2	1.74932e-16
4818.66	2.18458e-16
4820.12	1.61736e-16
4821.58	2.29667e-16
4823.04	2.32594e-16
4824.5	2.11331e-16
4825.96	1.98578e-16
4827.42	2.15588e-16
4828.88	2.22093e-16
4830.34	1.63771e-16
4831.8	1.71187e-16
4833.26	1.75643e-16
4834.72	2.41388e-16
4836.18	2.49819e-16
4837.64	1.86171e-16
4839.1	1.85378e-16
4840.56	2.10119e-16
4842.02	2.28788e-16
4843.48	2.27122e-16
4844.94	2.25455e-16
4846.4	2.23786e-16
4847.86	2.22115e-16
4849.31	2.20442e-16
4850.77	2.18767e-16
4852.23	2.1709e-16
4853.69	2.15412e-16
4855.15	2.13731e-16
4856.61	2.1205e-16
4858.07	2.10366e-16
4859.53	2.0868e-16
4860.99	2.06992e-16
4862.45	2.05303e-16
4863.91	2.03612e-16
4865.37	2.01919e-16
4866.83	2.00224e-16
4868.29	1.98527e-16
4869.75	1.96828e-16
4871.21	1.95128e-16
4872.67	1.93426e-16
4874.13	1.91722e-16
4875.59	1.90016e-16
4877.05	1.88309e-16
4878.51	1.86599e-16
4879.97	1.84889e-16
4881.43	1.83647e-16
4882.89	1.98673e-16
4884.35	2.05965e-16
4885.81	1.91602e-16
4887.27	1.93866e-16
4888.73	2.18765e-16
4890.19	2.23753e-16
4891.65	2.01823e-16
4893.11	2.34316e-16
4894.57	2.20758e-16
4896.03	2.19982e-16
4897.49	2.25641e-16
4898.95	1.95792e-16
4900.41	2.18981e-16
4901.87	2.14391e-16
4903.33	2.41086e-16
4904.79	2.59893e-16
4906.25	2.40709e-16
4907.71	2.21471e-16
4909.17	2.56239e-16
4910.63	2.70821e-16
4912.09	2.20545e-16
4913.55	2.2217e-16
4915.01	2.46867e-16
4916.46	2.56331e-16
4917.92	2.44354e-16
4919.38	2.29248e-16
4920.84	2.46019e-16
4922.3	2.64966e-16
4923.76	2.38344e-16
4925.22	2.69629e-16
4926.68	2.30825e-16
4928.14	2.13388e-16
4929.6	2.02453e-16
4931.06	1.98093e-16
4932.52	2.54128e-16
4933.98	2.24248e-16
4935.44	2.03256e-16
4936.9	2.22793e-16
4938.36	2.25347e-16
4939.82	2.99339e-16
4941.28	2.97088e-16
4942.74	2.94836e-16
4944.2	2.9258e-16
4945.66	2.90323e-16
4947.12	2.88064e-16
4948.58	2.85802e-16
4950.04	2.83537e-16
4951.5	2.81271e-16
4952.96	2.79003e-16
4954.42	2.76732e-16
4955.88	2.7446e-16
4957.34	2.72184e-16
4958.8	2.69908e-16
4960.26	2.67628e-16
4961.72	2.65346e-16
4963.18	2.63063e-16
4964.64	2.60777e-16
4966.1	2.5849e-16
4967.56	2.56199e-16
4969.02	2.53907e-16
4970.48	2.51612e-16
4971.94	2.49315e-16
4973.4	2.47017e-16
4974.86	2.44716e-16
4976.32	2.42414e-16
4977.78	2.40108e-16
4979.24	2.41014e-16
4980.7	2.26367e-16
4982.15	1.89721e-16
4983.61	2.00738e-16
4985.07	2.38227e-16
4986.53	2.44871e-16
4987.99	2.14452e-16
4989.45	2.14796e-16
4990.91	2.15139e-16
4992.37	2.15483e-16
4993.83	2.15827e-16
4995.29	2.16171e-16
4996.75	2.16514e-16
4998.21	2.16858e-16
4999.67	2.17202e-16
5001.13	2.17546e-16
5002.59	2.1789e-16
5004.05	2.18233e-16
5005.51	2.18577e-16
5006.97	2.18921e-16
5008.43	2.19265e-16
5009.89	2.19609e-16
5011.35	2.19953e-16
5012.81	2.20297e-16
5014.27	2.20641e-16
5015.73	2.20984e-16
5017.19	2.21328e-16
5018.65	2.21672e-16
5020.11	2.22016e-16
5021.57	2.2236e-16
5023.03	2.22704e-16
5024.49	2.23048e-16
5025.95	2.23392e-16
5027.41	2.47027e-16
5028.87	2.07483e-16
5030.33	2.268e-16
5031.79	2.60449e-16
5033.25	2.60645e-16
5034.71	2.63026e-16
5036.17	2.40323e-16
5037.63	2.41254e-16
5039.09	2.04207e-16
5040.55	1.96312e-16
5042.01	1.98144e-16
5043.47	2.41189e-16
5044.93	2.20405e-16
5046.39	2.39537e-16
5047.85	2.33243e-16
5049.3	2.30813e-16
5050.76	2.01589e-16
5052.22	2.29551e-16
5053.68	2.29884e-16
5055.14	1.85316e-16
5056.6	2.41096e-16
5058.06	2.46264e-16
5059.52	1.92662e-16
5060.98	1.80075e-16
5062.44	2.29366e-16
5063.9	2.17473e-16
5065.36	2.37331e-16
5066.82	2.09921e-16
5068.28	1.95293e-16
5069.74	2.07965e-16
5071.2	2.63446e-16
5072.66	2.44097e-16
5074.12	2.40478e-16
5075.58	2.45251e-16
5077.04	2.37063e-16
5078.5	2.95182e-16
5079.96	2.83824e-16
5081.42	2.45851e-16
5082.88	2.16944e-16
5084.34	2.17505e-16
5085.8	1.80163e-16
5087.26	2.30664e-16
5088.72	2.713e-16
5090.18	2.63473e-16
5091.64	2.40631e-16
5093.1	2.4024e-16
5094.56	2.05867e-16
5096.02	2.2067e-16
5097.48	2.22813e-16
5098.94	2.02512e-16
5100.4	2.06144e-16
5101.86	2.17045e-16
5103.32	2.02623e-16
5104.78	2.64506e-16
5106.24	2.67138e-16
5107.7	1.97915e-16
5109.16	2.45834e-16
5110.62	2.30291e-16
5112.08	2.26873e-16
5113.54	2.62609e-16
5114.99	2.9023e-16
5116.45	2.52336e-16
5117.91	2.25565e-16
5119.37	2.534e-16
5120.83	2.34354e-16
5122.29	2.17697e-16
5123.75	2.67477e-16
5125.21	2.40552e-16
5126.67	2.05376e-16
5128.13	2.44584e-16
5129.59	2.57646e-16
5131.05	2.20689e-16
5132.51	2.51447e-16
5133.97	2.64969e-16
5135.43	2.61334e-16
5136.89	2.01842e-16
5138.35	2.25211e-16
5139.81	2.3668e-16
5141.27	2.62359e-16
5142.73	2.79529e-16
5144.19	2.21669e-16
5145.65	2.50585e-16
5147.11	2.60302e-16
5148.57	2.30508e-16
5150.03	2.43096e-16
5151.49	2.40342e-16
5152.95	2.04255e-16
5154.41	2.32903e-16
5155.87	2.65493e-16
5157.33	2.86585e-16
5158.79	2.83655e-16
5160.25	2.5696e-16
5161.71	2.45272e-16
5163.17	2.36164e-16
5164.63	2.7088e-16
5166.09	2.33101e-16
5167.55	2.19841e-16
5169.01	2.43808e-16
5170.47	3.00224e-16
5171.93	2.51832e-16
5173.39	2.27643e-16
5174.85	1.91791e-16
5176.31	2.53784e-16
5177.77	2.7244e-16
5179.23	2.66639e-16
5180.69	2.38669e-16
5182.14	2.7146e-16
5183.6	2.43689e-16
5185.06	2.02913e-16
5186.52	2.78765e-16
5187.98	2.74883e-16
5189.44	2.82268e-16
5190.9	2.52632e-16
5192.36	2.43042e-16
5193.82	2.67619e-16
5195.28	2.61196e-16
5196.74	2.51858e-16
5198.2	2.35741e-16
5199.66	2.93926e-16
5201.12	2.67692e-16
5202.58	2.5489e-16
5204.04	2.41035e-16
5205.5	2.71092e-16
5206.96	2.68893e-16
5208.42	2.25262e-16
5209.88	2.83509e-16
5211.34	3.21639e-16
5212.8	2.98596e-16
5214.26	2.70439e-16
5215.72	2.70761e-16
5217.18	2.3113e-16
5218.64	2.49217e-16
5220.1	3.03072e-16
5221.56	3.01743e-16
5223.02	2.5333e-16
5224.48	2.63799e-16
5225.94	2.84711e-16
5227.4	2.34972e-16
5228.86	2.85437e-16
5230.32	2.88345e-16
5231.78	2.39862e-16
5233.24	2.69998e-16
5234.7	2.77237e-16
5236.16	2.55164e-16
5237.62	2.49159e-16
5239.08	2.38334e-16
5240.54	2.58891e-16
5242	2.55573e-16
5243.46	2.2581e-16
5244.92	2.47834e-16
5246.38	2.3465e-16
5247.83	2.63942e-16
5249.29	2.92751e-16
5250.75	2.70906e-16
5252.21	2.64991e-16
5253.67	2.66807e-16
5255.13	2.53524e-16
5256.59	2.66428e-16
5258.05	2.82989e-16
5259.51	2.78735e-16
5260.97	2.64007e-16
5262.43	2.93744e-16
5263.89	2.95458e-16
5265.35	2.91657e-16
5266.81	2.87389e-16
5268.27	2.76799e-16
5269.73	2.52123e-16
5271.19	2.60524e-16
5272.65	2.98257e-16
5274.11	3.08603e-16
5275.57	2.89606e-16
5277.03	2.80227e-16
5278.49	2.96883e-16
5279.95	3.27799e-16
5281.41	3.04954e-16
5282.87	2.78252e-16
5284.33	3.3832e-16
5285.79	3.39314e-16
5287.25	2.70389e-16
5288.71	2.62364e-16
5290.17	2.84158e-16
5291.63	2.57403e-16
5293.09	2.92302e-16
5294.55	2.92202e-16
5296.01	2.81044e-16
5297.47	2.95791e-16
5298.93	2.89384e-16
5300.39	2.6697e-16
5301.85	2.79502e-16
5303.31	3.08718e-16
5304.77	3.14301e-16
5306.23	2.70997e-16
5307.69	2.92043e-16
5309.15	3.13347e-16
5310.61	2.39558e-16
5312.07	2.31709e-16
5313.53	2.69164e-16
5314.99	2.98234e-16
5316.45	3.12993e-16
5317.9	3.24504e-16
5319.36	3.13862e-16
5320.82	2.57883e-16
5322.28	2.81511e-16
5323.74	3.42495e-16
5325.2	3.58003e-16
5326.66	3.18517e-16
5328.12	2.79919e-16
5329.58	3.28598e-16
5331.04	3.17125e-16
5332.5	2.73951e-16
5333.96	2.99294e-16
5335.42	3.51841e-16
5336.88	3.40452e-16
5338.34	3.05226e-16
5339.8	3.05655e-16
5341.26	2.94487e-16
5342.72	3.01671e-16
5344.18	3.18407e-16
5345.64	3.14068e-16
5347.1	3.11079e-16
5348.56	3.39968e-16
5350.02	3.17873e-16
5351.48	2.91657e-16
5352.94	3.28881e-16
5354.4	3.17442e-16
5355.86	3.11373e-16
5357.32	3.38312e-16
5358.78	3.58371e-16
5360.24	3.11053e-16
5361.7	2.50787e-16
5363.16	2.84386e-16
5364.62	2.9327e-16
5366.08	3.07636e-16
5367.54	3.37585e-16
5369	3.21881e-16
5370.46	3.42534e-16
5371.92	3.31913e-16
5373.38	2.77224e-16
5374.84	3.08917e-16
5376.3	3.40109e-16
5377.76	2.83043e-16
5379.22	2.81119e-16
5380.68	3.24435e-16
5382.14	3.31277e-16
5383.59	3.49572e-16
5385.05	3.17353e-16
5386.51	3.04162e-16
5387.97	2.98296e-16
5389.43	2.85166e-16
5390.89	2.711e-16
5392.35	2.94521e-16
5393.81	3.4112e-16
5395.27	3.04817e-16
5396.73	2.71032e-16
5398.19	3.02437e-16
5399.65	2.93675e-16
5401.11	3.08198e-16
5402.57	2.92239e-16
5404.03	3.06829e-16
5405.49	3.21322e-16
5406.95	3.0502e-16
5408.41	2.961e-16
5409.87	3.11823e-16
5411.33	3.07604e-16
5412.79	2.9533e-16
5414.25	2.99049e-16
5415.71	2.75034e-16
5417.17	3.15682e-16
5418.63	3.45019e-16
5420.09	2.85018e-16
5421.55	2.80496e-16
5423.01	3.23191e-16
5424.47	3.24878e-16
5425.93	3.38359e-16
5427.39	3.43291e-16
5428.85	3.39492e-16
5430.31	3.61364e-16
5431.77	3.32486e-16
5433.23	3.06349e-16
5434.69	3.35054e-16
5436.15	3.35661e-16
5437.61	3.58742e-16
5439.07	3.62628e-16
5440.53	3.57246e-16
5441.99	3.56377e-16
5443.45	3.58867e-16
5444.91	3.55456e-16
5446.37	3.58849e-16
5447.83	3.31302e-16
5449.29	3.36987e-16
5450.74	3.49486e-16
5452.2	3.83351e-16
5453.66	4.09715e-16
5455.12	3.80909e-16
5456.58	3.54381e-16
5458.04	3.34752e-16
5459.5	3.41213e-16
5460.96	3.41572e-16
5462.42	3.53249e-16
5463.88	3.36877e-16
5465.34	3.51053e-16
5466.8	3.51883e-16
5468.26	3.46226e-16
5469.72	3.85908e-16
5471.18	3.69161e-16
5472.64	3.46981e-16
5474.1	3.98379e-16
5475.56	3.59085e-16
5477.02	3.74118e-16
5478.48	3.77818e-16
5479.94	3.44921e-16
5481.4	3.74318e-16
5482.86	3.92155e-16
5484.32	3.50432e-16
5485.78	3.55704e-16
5487.24	3.73914e-16
5488.7	3.45537e-16
5490.16	3.34731e-16
5491.62	3.53503e-16
5493.08	3.37186e-16
5494.54	3.06512e-16
5496	3.32821e-16
5497.46	3.22534e-16
5498.92	2.93802e-16
5500.38	3.03967e-16
5501.84	3.15887e-16
5503.3	2.99775e-16
5504.76	3.1116e-16
5506.22	3.48342e-16
5507.68	3.00567e-16
5509.14	3.2089e-16
5510.6	3.15616e-16
5512.06	3.06396e-16
5513.52	3.55314e-16
5514.98	3.42089e-16
5516.43	3.04151e-16
5517.89	3.28534e-16
5519.35	3.53988e-16
5520.81	3.23337e-16
5522.27	3.12221e-16
5523.73	3.12092e-16
5525.19	2.91078e-16
5526.65	2.63012e-16
5528.11	2.58505e-16
5529.57	2.92497e-16
5531.03	3.15148e-16
5532.49	3.41683e-16
5533.95	2.73082e-16
5535.41	2.68664e-16
5536.87	2.79776e-16
5538.33	2.54307e-16
5539.79	3.1852e-16
5541.25	2.71931e-16
5542.71	2.66627e-16
5544.17	2.87059e-16
5545.63	2.84046e-16
5547.09	2.95029e-16
5548.55	2.77595e-16
5550.01	2.47331e-16
5551.47	2.94888e-16
5552.93	2.89604e-16
5554.39	2.65983e-16
5555.85	2.85201e-16
5557.31	3.04527e-16
5558.77	2.86594e-16
5560.23	2.51652e-16
5561.69	2.63507e-16
5563.15	2.61936e-16
5564.61	2.85464e-16
5566.07	2.9255e-16
5567.53	3.01824e-16
5568.99	3.02862e-16
5570.45	2.76077e-16
5571.91	2.63945e-16
5573.37	2.61421e-16
5574.83	2.92234e-16
5576.29	2.86366e-16
5577.75	2.73182e-16
5579.21	2.76975e-16
5580.67	2.65966e-16
5582.13	2.60878e-16
5583.58	2.55888e-16
5585.04	2.23665e-16
5586.5	2.35667e-16
5587.96	2.65509e-16
5589.42	2.36489e-16
5590.88	2.29397e-16
5592.34	2.21347e-16
5593.8	2.09618e-16
5595.26	2.21295e-16
5596.72	2.50534e-16
5598.18	2.66134e-16
5599.64	2.31638e-16
5601.1	2.0903e-16
5602.56	2.53381e-16
5604.02	2.98003e-16
5605.48	2.7718e-16
5606.94	2.3728e-16
5608.4	2.02666e-16
5609.86	2.27032e-16
5611.32	2.49215e-16
5612.78	2.45727e-16
5614.24	2.22175e-16
5615.7	1.88012e-16
5617.16	2.36885e-16
5618.62	2.6695e-16
5620.08	2.35089e-16
5621.54	2.40187e-16
5623	2.72945e-16
5624.46	2.6734e-16
5625.92	2.3743e-16
5627.38	1.95593e-16
5628.84	2.04564e-16
5630.3	2.08455e-16
5631.76	2.49316e-16
5633.22	2.41903e-16
5634.68	2.09621e-16
5636.14	2.01754e-16
5637.6	2.25587e-16
5639.06	2.38867e-16
5640.52	2.07141e-16
5641.98	2.17104e-16
5643.44	1.87843e-16
5644.9	2.03323e-16
5646.36	2.29855e-16
5647.82	2.24177e-16
5649.27	2.41345e-16
5650.73	1.93595e-16
5652.19	1.93831e-16
5653.65	2.49995e-16
5655.11	2.17111e-16
5656.57	1.77655e-16
5658.03	2.09021e-16
5659.49	2.41034e-16
5660.95	2.71604e-16
5662.41	2.98422e-16
5663.87	2.36342e-16
5665.33	1.88387e-16
5666.79	1.55396e-16
5668.25	2.07304e-16
5669.71	2.09294e-16
5671.17	1.88807e-16
5672.63	1.91772e-16
5674.09	2.19778e-16
5675.55	2.05274e-16
5677.01	2.39366e-16
5678.47	2.25518e-16
5679.93	2.13979e-16
5681.39	1.86784e-16
5682.85	1.87482e-16
5684.31	2.48594e-16
5685.77	2.0881e-16
5687.23	1.93278e-16
5688.69	2.4084e-16
5690.15	2.41955e-16
5691.61	2.13255e-16
5693.07	2.19671e-16
5694.53	2.02988e-16
5695.99	2.0989e-16
5697.45	2.40732e-16
5698.91	2.58691e-16
5700.37	2.28087e-16
5701.83	2.27295e-16
5703.29	2.48666e-16
5704.75	2.02703e-16
5706.21	2.00088e-16
5707.67	1.9808e-16
5709.13	2.07378e-16
5710.59	1.98579e-16
5712.05	2.02199e-16
5713.51	2.26602e-16
5714.97	2.41826e-16
5716.42	2.25933e-16
5717.89	2.04288e-16
5719.34	2.40838e-16
5720.8	2.28923e-16
5722.26	2.03808e-16
5723.72	2.19937e-16
5725.18	2.15719e-16
5726.64	2.3189e-16
5728.1	2.38683e-16
5729.56	2.23361e-16
5731.02	2.09827e-16
5732.48	2.06704e-16
5733.94	2.37646e-16
5735.4	2.17093e-16
5736.86	2.2173e-16
5738.32	2.10428e-16
5739.78	2.20676e-16
5741.24	2.37279e-16
5742.7	2.50093e-16
5744.16	1.91406e-16
5745.62	2.23406e-16
5747.08	2.66886e-16
5748.54	2.43095e-16
5750	2.63354e-16
5751.46	2.64373e-16
5752.92	2.62571e-16
5754.38	2.61499e-16
5755.84	2.40004e-16
5757.3	2.57213e-16
5758.76	2.78278e-16
5760.22	2.53744e-16
5761.68	2.40317e-16
5763.14	2.44657e-16
5764.6	2.9272e-16
5766.06	3.06751e-16
5767.52	2.70983e-16
5768.98	2.18164e-16
5770.44	2.43376e-16
5771.9	2.67178e-16
5773.36	2.77415e-16
5774.82	2.62087e-16
5776.28	2.84812e-16
5777.74	2.83184e-16
5779.2	2.69079e-16
5780.66	2.76204e-16
5782.11	2.73479e-16
5783.58	2.71762e-16
5785.03	2.68418e-16
5786.49	2.55418e-16
5787.95	2.86012e-16
5789.41	3.02447e-16
5790.87	2.73673e-16
5792.33	3.03443e-16
5793.79	3.38507e-16
5795.25	2.95037e-16
5796.71	2.65763e-16
5798.17	2.61243e-16
5799.63	2.81895e-16
5801.09	3.08894e-16
5802.55	3.03228e-16
5804.01	3.23823e-16
5805.47	3.33944e-16
5806.93	2.95728e-16
5808.39	2.82685e-16
5809.85	2.87761e-16
5811.31	2.84757e-16
5812.77	2.99667e-16
5814.23	3.17096e-16
5815.69	3.03908e-16
5817.15	2.95358e-16
5818.61	3.22348e-16
5820.07	3.61517e-16
5821.53	3.56553e-16
5822.99	3.38143e-16
5824.45	3.12606e-16
5825.91	2.76601e-16
5827.37	3.1751e-16
5828.83	3.59979e-16
5830.29	3.50203e-16
5831.75	3.07494e-16
5833.21	3.31e-16
5834.67	3.78864e-16
5836.13	3.69847e-16
5837.59	3.53215e-16
5839.05	3.64395e-16
5840.51	3.71558e-16
5841.97	3.75233e-16
5843.43	3.90793e-16
5844.89	3.99756e-16
5846.35	3.6669e-16
5847.81	3.18608e-16
5849.27	3.23074e-16
5850.73	3.51544e-16
5852.18	3.77644e-16
5853.64	3.76686e-16
5855.1	3.45524e-16
5856.56	3.4107e-16
5858.02	3.65877e-16
5859.48	3.40696e-16
5860.94	3.57765e-16
5862.4	3.96386e-16
5863.86	3.62629e-16
5865.32	3.36647e-16
5866.78	3.76907e-16
5868.24	4.24799e-16
5869.7	4.70373e-16
5871.16	4.55868e-16
5872.62	4.40786e-16
5874.08	4.0907e-16
5875.54	3.63769e-16
5877	3.65954e-16
5878.46	4.18417e-16
5879.92	4.15212e-16
5881.38	4.07299e-16
5882.84	3.73187e-16
5884.3	3.65914e-16
5885.76	3.58552e-16
5887.22	3.53484e-16
5888.68	3.85456e-16
5890.14	3.71558e-16
5891.6	3.80254e-16
5893.06	3.85226e-16
5894.52	3.69952e-16
5895.98	3.54143e-16
5897.44	3.73628e-16
5898.9	3.81883e-16
5900.36	4.04213e-16
5901.82	3.53651e-16
5903.28	3.51e-16
5904.74	3.78512e-16
5906.2	3.73261e-16
5907.66	3.64339e-16
5909.12	3.54232e-16
5910.58	3.73622e-16
5912.04	3.92207e-16
5913.5	3.61248e-16
5914.96	3.96543e-16
5916.42	4.08494e-16
5917.87	3.60564e-16
5919.33	3.41899e-16
5920.79	3.49899e-16
5922.25	3.84223e-16
5923.71	3.67202e-16
5925.17	4.10575e-16
5926.63	3.95851e-16
5928.09	3.32893e-16
5929.55	3.38482e-16
5931.01	3.28558e-16
5932.47	3.21494e-16
5933.93	3.74247e-16
5935.39	3.73722e-16
5936.85	3.36517e-16
5938.31	3.61696e-16
5939.77	3.3663e-16
5941.23	3.49757e-16
5942.69	3.69378e-16
5944.15	3.48925e-16
5945.61	3.35624e-16
5947.07	3.13176e-16
5948.53	3.2041e-16
5949.99	3.55683e-16
5951.45	3.43666e-16
5952.91	3.19154e-16
5954.37	3.16103e-16
5955.83	3.61842e-16
5957.29	3.40967e-16
5958.75	2.92011e-16
5960.21	3.19321e-16
5961.67	3.1948e-16
5963.13	2.8491e-16
5964.59	2.99415e-16
5966.05	3.14864e-16
5967.51	2.99346e-16
5968.97	2.90923e-16
5970.43	3.02234e-16
5971.89	2.98508e-16
5973.35	3.04014e-16
5974.81	3.10126e-16
5976.27	3.18773e-16
5977.73	3.15388e-16
5979.19	3.22472e-16
5980.65	2.83128e-16
5982.11	2.64222e-16
5983.57	3.18206e-16
5985.02	2.76726e-16
5986.48	2.59465e-16
5987.94	2.90417e-16
5989.4	2.56373e-16
5990.86	2.5106e-16
5992.32	2.80586e-16
5993.78	3.00964e-16
5995.24	2.80938e-16
5996.7	2.91073e-16
5998.16	2.89706e-16
5999.62	2.68101e-16
6001.08	2.67618e-16
6002.54	2.73938e-16
6004	2.64409e-16
6005.46	2.50466e-16
6006.92	2.71054e-16
6008.38	2.75337e-16
6009.84	2.91906e-16
6011.3	3.21302e-16
6012.76	2.97991e-16
6014.22	2.62652e-16
6015.68	2.5719e-16
6017.14	2.8081e-16
6018.6	2.943e-16
6020.06	2.7877e-16
6021.52	2.47242e-16
6022.98	2.48863e-16
6024.44	2.48014e-16
6025.9	2.42713e-16
6027.36	2.86988e-16
6028.82	2.70345e-16
6030.28	2.5468e-16
6031.74	2.8556e-16
6033.2	2.74624e-16
6034.66	2.70943e-16
6036.12	2.72578e-16
6037.58	2.42038e-16
6039.04	2.60041e-16
6040.5	2.53879e-16
6041.96	2.65003e-16
6043.42	2.88632e-16
6044.88	2.74124e-16
6046.34	2.99461e-16
6047.8	2.8371e-16
6049.26	2.34355e-16
6050.71	2.16092e-16
6052.17	2.27379e-16
6053.63	2.59703e-16
6055.09	2.53203e-16
6056.55	2.50068e-16
6058.01	2.55481e-16
6059.47	2.91381e-16
6060.93	2.73425e-16
6062.39	2.6758e-16
6063.85	2.77511e-16
6065.31	2.65843e-16
6066.77	2.34861e-16
6068.23	1.9841e-16
6069.69	1.9613e-16
6071.15	2.57285e-16
6072.61	2.4691e-16
6074.07	2.48618e-16
6075.53	2.83125e-16
6076.99	2.99866e-16
6078.45	2.67135e-16
6079.91	2.25457e-16
6081.37	2.26875e-16
6082.83	2.36325e-16
6084.29	2.312e-16
6085.75	2.11339e-16
6087.21	2.2587e-16
6088.67	2.26625e-16
6090.13	2.32515e-16
6091.59	2.70826e-16
6093.05	2.65543e-16
6094.51	2.15366e-16
6095.97	1.91534e-16
6097.43	2.6811e-16
6098.89	2.49508e-16
6100.35	2.17898e-16
6101.81	2.12899e-16
6103.27	2.31198e-16
6104.73	2.3137e-16
6106.19	2.10024e-16
6107.65	2.17044e-16
6109.11	2.23277e-16
6110.57	2.2439e-16
6112.03	2.16063e-16
6113.49	2.12781e-16
6114.95	2.39254e-16
6116.41	2.14088e-16
6117.86	2.06238e-16
6119.32	2.40257e-16
6120.78	2.54326e-16
6122.24	2.51312e-16
6123.7	2.41559e-16
6125.16	2.61305e-16
6126.62	2.77548e-16
6128.08	2.63633e-16
6129.54	2.22906e-16
6131	2.6701e-16
6132.46	2.41469e-16
6133.92	2.24723e-16
6135.38	2.52025e-16
6136.84	2.52364e-16
6138.3	2.26086e-16
6139.76	2.40195e-16
6141.22	2.54108e-16
6142.68	2.37391e-16
6144.14	2.52712e-16
6145.6	2.60216e-16
6147.06	2.61259e-16
6148.52	2.96426e-16
6149.98	2.82485e-16
6151.44	2.62154e-16
6152.9	2.90409e-16
6154.36	2.95325e-16
6155.82	2.65904e-16
6157.28	2.33667e-16
6158.74	2.69558e-16
6160.2	2.73239e-16
6161.66	2.67267e-16
6163.12	2.95735e-16
6164.58	2.89194e-16
6166.04	2.95751e-16
6167.5	2.76276e-16
6168.96	2.64101e-16
6170.42	2.74962e-16
6171.88	2.80933e-16
6173.34	2.64146e-16
6174.8	2.87883e-16
6176.26	3.16252e-16
6177.72	2.78568e-16
6179.18	2.63575e-16
6180.64	2.86274e-16
6182.1	2.77095e-16
6183.55	2.70977e-16
6185.01	2.94375e-16
6186.47	2.85454e-16
6187.93	2.70775e-16
6189.39	2.92596e-16
6190.85	2.60082e-16
6192.31	2.44001e-16
6193.77	2.62881e-16
6195.23	2.55594e-16
6196.69	2.60416e-16
6198.15	2.84402e-16
6199.61	2.74578e-16
6201.07	2.46167e-16
6202.53	2.62031e-16
6203.99	2.8762e-16
6205.45	2.73862e-16
6206.91	2.73935e-16
6208.37	2.80933e-16
6209.83	2.5235e-16
6211.29	2.79492e-16
6212.75	3.10875e-16
6214.21	3.1797e-16
6215.67	3.19651e-16
6217.13	2.73313e-16
6218.59	2.61175e-16
6220.05	2.75304e-16
6221.51	2.99489e-16
6222.97	3.0274e-16
6224.43	2.57666e-16
6225.89	2.44775e-16
6227.35	2.54464e-16
6228.81	2.67388e-16
6230.27	3.03712e-16
6231.73	2.98641e-16
6233.19	2.85505e-16
6234.65	2.85607e-16
6236.11	2.82441e-16
6237.57	2.80927e-16
6239.03	2.71924e-16
6240.49	2.59988e-16
6241.95	2.73478e-16
6243.41	2.92321e-16
6244.87	2.34401e-16
6246.33	2.09718e-16
6247.79	2.45525e-16
6249.25	2.66762e-16
6250.71	2.75402e-16
6252.17	3.03922e-16
6253.62	3.04671e-16
6255.08	2.77101e-16
6256.54	3.04334e-16
6258	2.91e-16
6259.46	2.96637e-16
6260.92	3.04612e-16
6262.38	2.85588e-16
6263.84	2.74347e-16
6265.3	2.43747e-16
6266.76	2.46197e-16
6268.22	2.68103e-16
6269.68	2.83358e-16
6271.14	2.71565e-16
6272.6	2.78156e-16
6274.06	2.933e-16
6275.52	2.61778e-16
6276.98	2.46323e-16
6278.44	2.622e-16
6279.9	2.91773e-16
6281.36	2.9565e-16
6282.82	3.32836e-16
6284.28	3.25223e-16
6285.74	3.03792e-16
6287.2	2.74905e-16
6288.66	2.73645e-16
6290.12	2.91002e-16
6291.58	2.85119e-16
6293.04	3.2463e-16
6294.5	3.30119e-16
6295.96	3.24534e-16
6297.42	3.53257e-16
6298.88	3.14987e-16
6300.34	2.78619e-16
6301.8	3.01883e-16
6303.26	2.99449e-16
6304.72	2.89349e-16
6306.18	2.91041e-16
6307.64	2.86822e-16
6309.1	2.78273e-16
6310.56	2.81301e-16
6312.02	2.81018e-16
6313.48	2.5771e-16
6314.94	2.43526e-16
6316.4	2.49065e-16
6317.86	2.55454e-16
6319.31	2.79603e-16
6320.77	2.92582e-16
6322.23	3.07474e-16
6323.69	3.09295e-16
6325.15	2.76062e-16
6326.61	2.66694e-16
6328.07	2.71132e-16
6329.53	2.69597e-16
6330.99	2.8681e-16
6332.45	2.65636e-16
6333.91	2.47563e-16
6335.37	2.44939e-16
6336.83	2.44767e-16
6338.29	2.86634e-16
6339.75	2.97947e-16
6341.21	2.73243e-16
6342.67	3.02293e-16
6344.13	3.11909e-16
6345.59	2.72901e-16
6347.05	2.78021e-16
6348.51	2.9175e-16
6349.97	3.06176e-16
6351.43	2.94469e-16
6352.89	2.94097e-16
6354.35	3.05161e-16
6355.81	2.78467e-16
6357.27	2.87494e-16
6358.73	3.18933e-16
6360.19	3.1043e-16
6361.65	2.84732e-16
6363.11	2.71947e-16
6364.57	2.96534e-16
6366.03	2.87017e-16
6367.49	2.62705e-16
6368.95	2.61357e-16
6370.41	2.59045e-16
6371.87	2.50726e-16
6373.33	2.52958e-16
6374.79	2.69675e-16
6376.25	2.82195e-16
6377.71	2.80213e-16
6379.17	2.67263e-16
6380.63	2.55681e-16
6382.09	2.64349e-16
6383.55	2.96243e-16
6385.01	2.91601e-16
6386.46	2.67384e-16
6387.92	2.58982e-16
6389.38	2.64173e-16
6390.84	2.70824e-16
6392.3	2.86417e-16
6393.76	3.00724e-16
6395.22	2.80709e-16
6396.68	2.70726e-16
6398.14	2.74724e-16
6399.6	2.76566e-16
6401.06	2.83935e-16
6402.52	2.64802e-16
6403.98	2.53885e-16
6405.44	2.6402e-16
6406.9	2.68696e-16
6408.36	2.76131e-16
6409.82	2.77156e-16
6411.28	2.64509e-16
6412.74	2.51717e-16
6414.2	2.61772e-16
6415.66	2.62729e-16
6417.12	2.62463e-16
6418.58	2.64664e-16
6420.04	2.56277e-16
6421.5	2.64884e-16
6422.96	2.75079e-16
6424.42	2.71875e-16
6425.88	2.58081e-16
6427.34	2.64492e-16
6428.8	2.67632e-16
6430.26	2.54852e-16
6431.72	2.80072e-16
6433.18	2.93243e-16
6434.64	2.84291e-16
6436.1	2.7535e-16
6437.56	2.54284e-16
6439.02	2.60739e-16
6440.48	2.6378e-16
6441.94	2.50749e-16
6443.4	2.7043e-16
6444.86	2.77887e-16
6446.32	2.65348e-16
6447.78	2.5041e-16
6449.24	2.60367e-16
6450.7	2.75011e-16
6452.15	2.49495e-16
6453.61	2.3456e-16
6455.07	2.30245e-16
6456.53	2.25266e-16
6457.99	2.42851e-16
6459.45	2.59515e-16
6460.91	2.6291e-16
6462.37	2.49665e-16
6463.83	2.24856e-16
6465.29	2.36673e-16
6466.75	2.79852e-16
6468.21	2.79977e-16
6469.67	2.80871e-16
6471.13	2.90659e-16
6472.59	2.18878e-16
6474.05	2.45441e-16
6475.51	2.73093e-16
6476.97	2.31119e-16
6478.43	2.37396e-16
6479.89	2.67418e-16
6481.35	2.75532e-16
6482.81	2.43485e-16
6484.27	2.72069e-16
6485.73	2.90401e-16
6487.19	2.61679e-16
6488.65	2.59837e-16
6490.11	2.89108e-16
6491.57	2.89978e-16
6493.03	2.75816e-16
6494.49	2.39281e-16
6495.95	2.34302e-16
6497.41	2.90892e-16
6498.87	2.94593e-16
6500.33	2.8211e-16
6501.79	2.76771e-16
6503.25	2.63876e-16
6504.71	2.64459e-16
6506.17	2.70921e-16
6507.63	2.31859e-16
6509.09	2.30427e-16
6510.55	2.77115e-16
6512.01	2.78687e-16
6513.47	2.68294e-16
6514.93	2.6903e-16
6516.39	2.70953e-16
6517.85	2.52826e-16
6519.3	2.36277e-16
6520.76	2.53437e-16
6522.22	2.74525e-16
6523.68	2.47047e-16
6525.14	2.23678e-16
6526.6	2.27529e-16
6528.06	2.18526e-16
6529.52	2.07532e-16
6530.98	2.08791e-16
6532.44	2.10049e-16
6533.9	2.11307e-16
6535.36	2.12565e-16
6536.82	2.13822e-16
6538.28	2.15079e-16
6539.74	2.16335e-16
6541.2	2.17591e-16
6542.66	2.18846e-16
6544.12	2.20101e-16
6545.58	2.21356e-16
6547.04	2.2261e-16
6548.5	2.23864e-16
6549.96	2.25117e-16
6551.42	2.2637e-16
6552.88	2.27623e-16
6554.34	2.28875e-16
6555.8	2.30127e-16
6557.26	2.31379e-16
6558.72	2.32629e-16
6560.18	2.3388e-16
6561.64	2.3513e-16
6563.1	2.3638e-16
6564.56	2.37629e-16
6566.02	2.38878e-16
6567.48	2.40127e-16
6568.94	2.4024e-16
6570.4	2.40353e-16
6571.86	2.40466e-16
6573.32	2.40578e-16
6574.78	2.40691e-16
6576.24	2.40804e-16
6577.7	2.40917e-16
6579.16	2.4103e-16
6580.62	2.41143e-16
6582.08	2.41256e-16
6583.54	2.41369e-16
6584.99	2.41482e-16
6586.45	2.41595e-16
6587.91	2.41708e-16
6589.37	2.41822e-16
6590.83	2.41935e-16
6592.29	2.42048e-16
6593.75	2.42161e-16
6595.21	2.42275e-16
6596.67	2.42388e-16
6598.13	2.42501e-16
6599.59	2.42615e-16
6601.05	2.42728e-16
6602.51	2.42842e-16
6603.97	2.27962e-16
6605.43	2.32053e-16
6606.89	2.48435e-16
6608.35	2.48656e-16
6609.81	2.41743e-16
6611.27	2.14072e-16
6612.73	2.06492e-16
6614.19	2.52217e-16
6615.65	2.4966e-16
6617.11	2.31346e-16
6618.57	2.446e-16
6620.03	2.40662e-16
6621.49	2.23786e-16
6622.95	2.03807e-16
6624.41	2.32832e-16
6625.87	2.78424e-16
6627.33	2.69967e-16
6628.79	2.39421e-16
6630.25	2.21505e-16
6631.71	2.32285e-16
6633.17	2.59216e-16
6634.63	2.6055e-16
6636.09	2.33928e-16
6637.55	2.17579e-16
6639.01	2.22904e-16
6640.47	2.51185e-16
6641.93	2.37856e-16
6643.39	2.00734e-16
6644.85	2.23601e-16
6646.31	2.40568e-16
6647.77	2.29692e-16
6649.23	2.25119e-16
6650.69	2.26736e-16
6652.14	2.42823e-16
6653.6	2.58518e-16
6655.06	2.63082e-16
6656.52	2.75543e-16
6657.98	2.78179e-16
6659.44	2.46215e-16
6660.9	2.40338e-16
6662.36	2.64497e-16
6663.82	2.48124e-16
6665.28	2.478e-16
6666.74	2.55666e-16
6668.2	2.43817e-16
6669.66	2.72391e-16
6671.12	3.03012e-16
6672.58	2.91825e-16
6674.04	2.78172e-16
6675.5	2.71334e-16
6676.96	2.4808e-16
6678.42	2.42159e-16
6679.88	2.3539e-16
6681.34	2.28902e-16
6682.8	2.36584e-16
6684.26	2.43803e-16
6685.72	2.45121e-16
6687.18	2.26971e-16
6688.64	2.1862e-16
6690.1	2.33503e-16
6691.56	2.48018e-16
6693.02	2.29876e-16
6694.48	1.97497e-16
6695.94	1.93545e-16
6697.4	1.96577e-16
6698.86	1.9694e-16
6700.32	1.97303e-16
6701.78	1.97665e-16
6703.24	1.98028e-16
6704.7	1.98391e-16
6706.16	1.98753e-16
6707.62	1.99115e-16
6709.08	1.99478e-16
6710.54	1.9984e-16
6712	2.00202e-16
6713.46	2.00002e-16
6714.92	1.99803e-16
6716.38	1.99603e-16
6717.84	1.99403e-16
6719.3	1.99204e-16
6720.75	1.99004e-16
6722.21	1.98805e-16
6723.67	1.98606e-16
6725.13	1.98407e-16
6726.59	1.98208e-16
6728.05	1.98009e-16
6729.51	1.9781e-16
6730.97	1.97612e-16
6732.43	1.97413e-16
6733.89	1.97215e-16
6735.35	1.97017e-16
6736.81	1.96818e-16
6738.27	1.9662e-16
6739.73	1.96422e-16
6741.19	1.96225e-16
6742.65	1.96027e-16
6744.11	1.95829e-16
6745.57	1.95632e-16
6747.03	1.95434e-16
6748.49	1.95237e-16
6749.95	1.9504e-16
6751.41	1.68535e-16
6752.87	1.97637e-16
6754.33	2.0179e-16
6755.79	1.75953e-16
6757.25	1.9009e-16
6758.71	1.98089e-16
6760.17	1.75583e-16
6761.63	1.75121e-16
6763.09	1.70515e-16
6764.55	1.38342e-16
6766.01	1.59584e-16
6767.47	1.92887e-16
6768.93	1.86975e-16
6770.39	1.70704e-16
6771.85	1.72963e-16
6773.31	1.98648e-16
6774.77	1.87334e-16
6776.23	1.52332e-16
6777.69	1.38364e-16
6779.15	1.35318e-16
6780.61	1.45013e-16
6782.07	1.7051e-16
6783.53	1.62241e-16
6784.99	1.64402e-16
6786.45	1.84723e-16
6787.9	1.78161e-16
6789.36	1.63609e-16
6790.82	1.51904e-16
6792.28	1.50851e-16
6793.74	1.54907e-16
6795.2	1.62237e-16
6796.66	1.57759e-16
6798.12	1.62021e-16
6799.58	1.68435e-16
6801.04	1.53588e-16
6802.5	1.62216e-16
6803.96	1.85431e-16
6805.42	1.78428e-16
6806.88	1.37897e-16
6808.34	1.20821e-16
6809.8	1.5699e-16
6811.26	1.69145e-16
6812.72	1.75542e-16
6814.18	2.02754e-16
6815.64	1.57206e-16
6817.1	1.44761e-16
6818.56	2.03309e-16
6820.02	1.91266e-16
6821.48	1.5308e-16
6822.94	1.37864e-16
6824.4	1.48147e-16
6825.86	1.76559e-16
6827.32	1.71905e-16
6828.78	1.67752e-16
6830.24	1.74897e-16
6831.7	1.60379e-16
6833.16	1.26322e-16
6834.62	1.22172e-16
6836.08	1.59395e-16
6837.54	1.66191e-16
6839	1.50132e-16
6840.46	1.4853e-16
6841.92	1.38153e-16
6843.38	1.39631e-16
6844.84	1.53828e-16
6846.3	1.64373e-16
6847.76	1.82105e-16
6849.22	1.55308e-16
6850.68	1.18074e-16
6852.14	1.49663e-16
6853.59	1.669e-16
6855.05	1.42282e-16
6856.51	1.40101e-16
6857.97	1.52756e-16
6859.43	1.56962e-16
6860.89	1.38388e-16
6862.35	1.25621e-16
6863.81	1.56844e-16
6865.27	1.81337e-16
6866.73	1.71703e-16
6868.19	1.92201e-16
6869.65	2.06625e-16
6871.11	1.71194e-16
6872.57	1.58998e-16
6874.03	1.71809e-16
6875.49	1.77572e-16
6876.95	1.63017e-16
6878.41	1.52405e-16
6879.87	1.71006e-16
6881.33	1.4662e-16
6882.79	1.30656e-16
6884.25	1.64457e-16
6885.71	1.80227e-16
6887.17	1.86321e-16
6888.63	1.70589e-16
6890.09	1.53941e-16
6891.55	1.64663e-16
6893.01	1.80066e-16
6894.47	1.83173e-16
6895.93	1.70133e-16
6897.39	1.51304e-16
6898.85	1.68765e-16
6900.31	1.73401e-16
6901.77	1.64795e-16
6903.23	1.99492e-16
6904.69	1.81052e-16
6906.15	1.51114e-16
6907.61	1.74744e-16
6909.07	1.95113e-16
6910.53	1.83161e-16
6911.99	1.71139e-16
6913.45	1.83524e-16
6914.91	1.99478e-16
6916.37	2.07444e-16
6917.83	1.74587e-16
6919.29	1.70207e-16
6920.74	2.07608e-16
6922.2	2.06914e-16
6923.66	1.86888e-16
6925.12	2.05733e-16
6926.58	2.30958e-16
6928.04	2.16254e-16
6929.5	2.08006e-16
6930.96	1.94429e-16
6932.42	1.97418e-16
6933.88	2.26538e-16
6935.34	2.37049e-16
6936.8	2.32891e-16
6938.26	2.04091e-16
6939.72	2.12238e-16
6941.18	2.40825e-16
6942.64	2.38549e-16
6944.1	2.42374e-16
6945.56	2.28201e-16
6947.02	2.01175e-16
6948.48	2.06477e-16
6949.94	2.00584e-16
6951.4	2.09971e-16
6952.86	2.22459e-16
6954.32	2.19935e-16
6955.78	2.14492e-16
6957.24	2.31061e-16
6958.7	2.29861e-16
6960.16	2.10268e-16
6961.62	1.97115e-16
6963.08	2.04849e-16
6964.54	2.24356e-16
6966	2.18066e-16
6967.46	2.35783e-16
6968.92	2.468e-16
6970.38	2.27448e-16
6971.84	2.42062e-16
6973.3	2.1206e-16
6974.76	2.01074e-16
6976.22	2.03733e-16
6977.68	1.77124e-16
6979.14	1.96267e-16
6980.6	2.37307e-16
6982.06	2.38639e-16
6983.52	2.19109e-16
6984.98	2.31341e-16
6986.43	2.25907e-16
6987.89	2.17633e-16
6989.35	2.57199e-16
6990.81	2.66227e-16
6992.27	2.24181e-16
6993.73	2.1239e-16
6995.19	2.24594e-16
6996.65	2.51967e-16
6998.11	2.6817e-16
6999.57	2.22673e-16
7001.03	2.03203e-16
7002.49	2.18565e-16
7003.95	2.31987e-16
7005.41	2.68779e-16
7006.87	2.61166e-16
7008.33	2.23655e-16
7009.79	2.29136e-16
7011.25	2.52211e-16
7012.71	2.41733e-16
7014.17	2.33871e-16
7015.63	2.48557e-16
7017.09	2.34644e-16
7018.55	2.50896e-16
7020.01	2.71694e-16
7021.47	2.71352e-16
7022.93	2.58348e-16
7024.39	2.53076e-16
7025.85	2.5033e-16
7027.31	2.42846e-16
7028.77	2.66372e-16
7030.23	2.743e-16
7031.69	2.78557e-16
7033.15	2.87313e-16
7034.61	2.65181e-16
7036.07	2.5558e-16
7037.53	2.68066e-16
7038.99	2.81671e-16
7040.45	2.66048e-16
7041.91	2.68447e-16
7043.37	2.83233e-16
7044.83	2.67887e-16
7046.29	2.63638e-16
7047.75	2.73967e-16
7049.21	2.62181e-16
7050.67	2.7209e-16
7052.13	2.97264e-16
7053.58	2.83567e-16
7055.04	2.68986e-16
7056.5	2.85793e-16
7057.96	3.02634e-16
7059.42	3.18661e-16
7060.88	3.15766e-16
7062.34	3.09845e-16
7063.8	2.992e-16
7065.26	2.7227e-16
7066.72	2.56026e-16
7068.18	2.8308e-16
7069.64	2.88334e-16
7071.1	2.68513e-16
7072.56	2.59537e-16
7074.02	2.71975e-16
7075.48	2.86972e-16
7076.94	2.66608e-16
7078.4	2.29813e-16
7079.86	2.31297e-16
7081.32	2.42057e-16
7082.78	2.56553e-16
7084.24	2.57934e-16
7085.7	2.29262e-16
7087.16	2.49588e-16
7088.62	2.65841e-16
7090.08	2.50354e-16
7091.54	2.53922e-16
7093	2.46571e-16
7094.46	2.54616e-16
7095.92	2.48127e-16
7097.38	2.31236e-16
7098.84	2.62003e-16
7100.3	2.84059e-16
7101.76	2.49094e-16
7103.22	2.29507e-16
7104.68	2.33574e-16
7106.14	2.29395e-16
7107.6	2.09011e-16
7109.06	1.99752e-16
7110.52	1.905e-16
7111.98	1.78284e-16
7113.44	2.22602e-16
7114.9	2.43325e-16
7116.36	2.33224e-16
7117.82	2.31157e-16
7119.27	2.49913e-16
7120.73	2.70286e-16
7122.19	2.35432e-16
7123.65	2.28471e-16
7125.11	2.53034e-16
7126.57	2.34144e-16
7128.03	2.3611e-16
7129.49	2.82293e-16
7130.95	3.01606e-16
7132.41	2.68065e-16
7133.87	2.46579e-16
7135.33	2.44155e-16
7136.79	2.09094e-16
7138.25	2.05305e-16
7139.71	2.27185e-16
7141.17	2.20902e-16
7142.63	2.26214e-16
7144.09	2.31228e-16
7145.55	2.24658e-16
7147.01	2.41229e-16
7148.47	2.4736e-16
7149.93	2.24774e-16
7151.39	2.30648e-16
7152.85	2.49744e-16
7154.31	2.18975e-16
7155.77	2.02305e-16
7157.23	2.21759e-16
7158.69	2.29171e-16
7160.15	2.57207e-16
7161.61	2.7692e-16
7163.07	2.62607e-16
7164.53	2.45086e-16
7165.99	2.22993e-16
7167.45	2.26567e-16
7168.91	2.44258e-16
7170.37	2.26655e-16
7171.83	1.99538e-16
7173.29	2.10901e-16
7174.75	2.3328e-16
7176.21	2.28811e-16
7177.67	2.26172e-16
7179.13	2.24133e-16
7180.59	2.32588e-16
7182.05	2.67534e-16
7183.51	2.27668e-16
7184.97	1.70968e-16
7186.43	2.17495e-16
7187.89	2.70056e-16
7189.34	2.41576e-16
7190.8	2.39587e-16
7192.26	2.92977e-16
7193.72	2.71807e-16
7195.18	2.36261e-16
7196.64	2.66901e-16
7198.1	2.67528e-16
7199.56	2.35867e-16
7201.02	2.22463e-16
7202.48	2.17109e-16
7203.94	2.01686e-16
7205.4	2.51114e-16
7206.86	2.84465e-16
7208.32	2.34666e-16
7209.78	2.30639e-16
7211.24	2.50488e-16
7212.7	2.25904e-16
7214.16	2.33947e-16
7215.62	2.70672e-16
7217.08	2.7652e-16
7218.54	2.73333e-16
7220	2.5439e-16
7221.46	2.39052e-16
7222.92	2.65175e-16
7224.38	2.66946e-16
7225.84	2.39961e-16
7227.3	2.34489e-16
7228.76	2.692e-16
7230.22	2.72119e-16
7231.68	2.71596e-16
7233.14	3.14144e-16
7234.6	3.11755e-16
7236.06	2.62859e-16
7237.52	2.65071e-16
7238.98	2.3103e-16
7240.44	2.17719e-16
7241.9	2.61304e-16
7243.36	2.45565e-16
7244.82	2.52755e-16
7246.28	2.74895e-16
7247.74	2.72747e-16
7249.2	2.49337e-16
7250.66	2.15559e-16
7252.12	2.27344e-16
7253.58	2.57046e-16
7255.03	2.53614e-16
7256.49	2.41575e-16
7257.95	2.13838e-16
7259.41	2.16394e-16
7260.87	2.44223e-16
7262.33	2.32297e-16
7263.79	2.35405e-16
7265.25	2.37826e-16
7266.71	2.34267e-16
7268.17	2.59832e-16
7269.63	2.34164e-16
7271.09	2.1973e-16
7272.55	2.46151e-16
7274.01	2.58061e-16
7275.47	2.48574e-16
7276.93	2.22205e-16
7278.39	2.2768e-16
7279.85	2.77283e-16
7281.31	2.97743e-16
7282.77	2.90491e-16
7284.23	2.55521e-16
7285.69	2.39374e-16
7287.15	1.98616e-16
7288.61	2.00318e-16
7290.07	2.32888e-16
7291.53	2.73965e-16
7292.99	2.48654e-16
7294.45	2.42158e-16
7295.91	2.53872e-16
7297.37	2.37054e-16
7298.83	2.28119e-16
7300.29	2.42806e-16
7301.75	2.27639e-16
7303.21	2.17597e-16
7304.67	2.35969e-16
7306.13	2.46224e-16
7307.59	2.38473e-16
7309.05	2.15817e-16
7310.51	2.28262e-16
7311.97	2.30411e-16
7313.43	2.3757e-16
7314.89	2.65329e-16
7316.35	2.7831e-16
7317.81	2.47329e-16
7319.27	2.2599e-16
7320.73	2.38509e-16
7322.18	2.23147e-16
7323.64	1.99824e-16
7325.1	2.02572e-16
7326.56	2.08059e-16
7328.02	2.05236e-16
7329.48	2.17315e-16
7330.94	2.43523e-16
7332.4	2.27136e-16
7333.86	2.1929e-16
7335.32	2.27263e-16
7336.78	2.47942e-16
7338.24	2.59636e-16
7339.7	2.37497e-16
7341.16	2.08549e-16
7342.62	1.98938e-16
7344.08	2.01383e-16
7345.54	2.22932e-16
7347	2.30676e-16
7348.46	2.22662e-16
7349.92	2.26684e-16
7351.38	2.39756e-16
7352.84	2.15953e-16
7354.3	2.13135e-16
7355.76	2.1103e-16
7357.22	2.03661e-16
7358.68	2.18968e-16
7360.14	2.17299e-16
7361.6	2.39477e-16
7363.06	2.37545e-16
7364.52	2.40178e-16
7365.98	2.31232e-16
