3157.89	1.98305e-16
3159.83	1.42693e-16
3161.77	-5.80835e-17
3163.7	4.55404e-17
3165.64	1.68315e-16
3167.58	7.77553e-17
3169.51	-4.43044e-17
3171.45	-9.37424e-17
3173.39	-5.95161e-17
3175.32	3.20553e-17
3177.26	8.31626e-17
3179.2	4.9164e-17
3181.13	5.29168e-17
3183.07	-5.61403e-17
3185	-6.05729e-17
3186.94	2.14944e-17
3188.88	1.07008e-16
3190.81	1.30827e-16
3192.75	1.06495e-17
3194.69	6.20974e-17
3196.62	5.30554e-17
3198.56	3.92751e-17
3200.5	4.42203e-17
3202.43	-4.5366e-17
3204.37	-9.46258e-18
3206.31	9.43278e-17
3208.24	8.21711e-17
3210.18	2.99852e-17
3212.12	2.22829e-17
3214.05	-4.25397e-18
3215.99	-6.31385e-18
3217.92	2.38443e-17
3219.86	9.41276e-18
3221.8	-3.27252e-17
3223.73	-3.00042e-17
3225.67	-5.31735e-17
3227.61	-3.63756e-17
3229.54	-1.2311e-17
3231.48	-4.38204e-17
3233.42	-1.87157e-17
3235.35	3.52335e-17
3237.29	-5.73784e-17
3239.23	-3.52704e-17
3241.16	1.15628e-16
3243.1	6.0976e-17
3245.03	-7.18904e-17
3246.97	-2.8838e-17
3248.91	3.28859e-17
3250.84	1.32553e-17
3252.78	1.96407e-17
3254.72	6.21013e-17
3256.65	1.00303e-16
3258.59	1.13366e-17
3260.53	6.01005e-18
3262.46	5.02573e-17
3264.4	3.02955e-17
3266.34	8.2092e-18
3268.27	3.55088e-17
3270.21	-5.24296e-18
3272.14	-6.44204e-18
3274.08	-2.32643e-17
3276.02	-4.6537e-17
3277.95	1.00376e-16
3279.89	1.63691e-16
3281.83	7.83363e-17
3283.76	3.59142e-17
3285.7	3.95296e-17
3287.64	3.37538e-17
3289.57	-9.80065e-18
3291.51	-4.75421e-17
3293.45	-4.44394e-18
3295.38	4.35898e-17
3297.32	2.15282e-17
3299.26	-6.48984e-18
3301.19	1.35984e-17
3303.13	3.27279e-17
3305.06	1.8099e-17
3307	-6.06244e-17
3308.94	-1.69428e-17
3310.87	2.12406e-17
3312.81	-2.40313e-17
3314.75	-1.20306e-17
3316.68	3.17555e-17
3318.62	1.41955e-17
3320.56	1.73183e-17
3322.49	-1.60071e-18
3324.43	-2.16135e-17
3326.37	-5.07438e-18
3328.3	-5.00051e-17
3330.24	-4.86971e-17
3332.17	1.27381e-17
3334.11	-2.35375e-18
3336.05	-3.04487e-17
3337.98	-2.42538e-17
3339.92	2.40827e-17
3341.86	3.56197e-17
3343.79	-2.14831e-17
3345.73	-1.41039e-17
3347.67	-1.04443e-17
3349.6	-2.55518e-17
3351.54	2.29522e-17
3353.48	7.57051e-17
3355.41	3.23463e-17
3357.35	-4.69608e-17
3359.29	-3.14953e-17
3361.22	5.23983e-18
3363.16	2.58558e-17
3365.09	3.67367e-17
3367.03	4.69324e-17
3368.97	4.64257e-17
3370.9	-2.06612e-18
3372.84	7.15683e-18
3374.78	8.95084e-18
3376.71	-2.01976e-17
3378.65	1.40954e-17
3380.59	1.60934e-17
3382.52	2.77351e-17
3384.46	2.7738e-17
3386.4	-1.52732e-17
3388.33	-4.16269e-17
3390.27	2.5407e-17
3392.2	5.52968e-17
3394.14	4.93617e-18
3396.08	-3.38721e-18
3398.01	3.28084e-17
3399.95	7.75283e-18
3401.89	-2.46361e-17
3403.82	5.46829e-18
3405.76	3.85558e-17
3407.7	2.6497e-17
3409.63	1.2833e-17
3411.57	3.37171e-17
3413.51	4.33108e-17
3415.44	1.38265e-17
3417.38	2.40049e-18
3419.31	1.07976e-17
3421.25	-3.06537e-17
3423.19	-5.68417e-17
3425.12	-7.6779e-18
3427.06	1.31903e-17
3429	2.13384e-17
3430.93	2.81532e-17
3432.87	-1.66337e-17
3434.81	-1.73444e-17
3436.74	-6.97155e-18
3438.68	-1.18831e-17
3440.62	-2.11951e-17
3442.55	5.62689e-18
3444.49	5.29555e-17
3446.43	9.94945e-18
3448.36	-1.90036e-17
3450.3	-3.2286e-18
3452.23	-2.07619e-17
3454.17	3.31469e-17
3456.11	6.9496e-17
3458.04	3.89655e-17
3459.98	2.52227e-17
3461.92	7.06438e-17
3463.85	6.7752e-17
3465.79	2.84143e-17
3467.73	1.79909e-18
3469.66	-3.25496e-17
3471.6	-3.9974e-18
3473.54	1.46294e-17
3475.47	2.18041e-17
3477.41	3.35116e-17
3479.34	1.04962e-17
3481.28	-2.26653e-18
3483.22	2.12207e-17
3485.15	3.27782e-17
3487.09	2.78507e-17
3489.03	1.82608e-17
3490.96	1.68562e-17
3492.9	3.92252e-17
3494.84	4.36819e-17
3496.77	3.88471e-17
3498.71	2.89902e-17
3500.65	2.0373e-17
3502.58	1.24409e-17
3504.52	7.75915e-18
3506.45	3.82497e-18
3508.39	-1.91566e-17
3510.33	-3.07889e-17
3512.26	1.03884e-17
3514.2	3.38207e-17
3516.14	3.16139e-17
3518.07	2.55961e-17
3520.01	1.31753e-17
3521.95	-9.27716e-18
3523.88	-2.03572e-17
3525.82	-1.59029e-17
3527.76	-9.67187e-18
3529.69	-4.90708e-18
3531.63	1.92671e-17
3533.57	4.76584e-17
3535.5	3.96493e-17
3537.44	1.91046e-17
3539.37	1.55804e-17
3541.31	1.05048e-17
3543.25	-9.53154e-18
3545.18	-2.62023e-17
3547.12	-3.77285e-17
3549.06	2.42766e-18
3550.99	2.35074e-17
3552.93	2.51547e-17
3554.87	2.86068e-17
3556.8	4.36177e-19
3558.74	-9.33444e-18
3560.68	-4.12995e-18
3562.61	-1.90898e-17
3564.55	4.93479e-18
3566.48	1.80107e-17
3568.42	-2.06537e-18
3570.36	2.13689e-17
3572.29	3.25426e-17
3574.23	2.14666e-18
3576.17	-1.59458e-17
3578.1	-1.30404e-17
3580.04	-1.23977e-17
3581.98	6.78793e-18
3583.91	1.52166e-17
3585.85	3.64228e-17
3587.79	3.58138e-17
3589.72	-4.01866e-18
3591.66	-4.17201e-18
3593.59	1.19413e-17
3595.53	-9.46608e-19
3597.47	-1.23005e-17
3599.4	1.13275e-17
3601.34	2.88611e-17
3603.28	1.98946e-17
3605.21	3.7525e-17
3607.15	1.90383e-17
3609.09	-9.99408e-18
3611.02	3.67326e-18
3612.96	-2.00304e-18
3614.9	1.2168e-17
3616.83	1.45274e-18
3618.77	1.14869e-17
3620.71	1.61712e-17
3622.64	-2.3363e-17
3624.58	-4.02829e-17
3626.51	1.28566e-17
3628.45	1.68993e-17
3630.39	1.5044e-17
3632.32	3.83193e-17
3634.26	-1.11136e-17
3636.2	1.56501e-17
3638.13	3.07602e-17
3640.07	3.25082e-17
3642.01	5.42951e-17
3643.94	4.45804e-18
3645.88	-1.27007e-17
3647.82	-1.47765e-17
3649.75	-4.20284e-18
3651.69	1.93825e-17
3653.62	2.8982e-17
3655.56	1.28447e-18
3657.5	-5.40528e-18
3659.43	3.89127e-18
3661.37	-1.32668e-17
3663.31	1.99597e-17
3665.24	1.78634e-17
3667.18	-6.75867e-18
3669.12	6.70833e-18
3671.05	4.74932e-18
3672.99	1.56506e-17
3674.93	1.33244e-17
3676.86	5.6351e-18
3678.8	-1.79036e-17
3680.73	-1.51872e-17
3682.67	2.2395e-17
3684.61	9.23675e-18
3686.54	-6.74144e-19
3688.48	-1.48921e-17
3690.42	4.6239e-18
3692.35	1.86907e-17
3694.29	2.36128e-17
3696.23	-1.73144e-17
3698.16	-2.13927e-17
3700.1	1.14343e-17
3702.04	2.87368e-17
3703.97	1.06987e-17
3705.91	1.12731e-17
3707.85	2.25165e-17
3709.78	2.30693e-17
3711.72	2.27176e-17
3713.65	2.23662e-17
3715.59	2.20152e-17
3717.53	2.16645e-17
3719.46	2.13141e-17
3721.4	2.09641e-17
3723.34	2.06144e-17
3725.27	2.0265e-17
3727.21	1.99159e-17
3729.15	1.95672e-17
3731.08	1.92187e-17
3733.02	1.88707e-17
3734.96	1.85228e-17
3736.89	1.81754e-17
3738.83	1.78283e-17
3740.76	1.74815e-17
3742.7	1.7135e-17
3744.64	1.67889e-17
3746.57	1.6443e-17
3748.51	1.60976e-17
3750.45	4.70482e-17
3752.38	1.55365e-17
3754.32	-1.78178e-17
3756.26	1.25417e-17
3758.19	2.61696e-17
3760.13	2.48256e-17
3762.07	-5.35339e-18
3764	-5.43213e-18
3765.94	-5.98759e-18
3767.87	1.63841e-17
3769.81	2.98274e-17
3771.75	6.86538e-18
3773.68	-4.50593e-18
3775.62	3.38151e-17
3777.56	2.97976e-17
3779.49	-2.20827e-19
3781.43	2.51965e-17
3783.37	5.77224e-17
3785.3	4.14381e-17
3787.24	-2.20022e-17
3789.18	-2.3734e-17
3791.11	3.1254e-17
3793.05	7.89424e-18
3794.99	8.00765e-18
3796.92	1.83862e-17
3798.86	1.20238e-17
3800.79	3.02253e-17
3802.73	3.9022e-17
3804.67	1.26536e-17
3806.6	-2.67198e-18
3808.54	1.91964e-17
3810.48	2.10225e-17
3812.41	1.34779e-17
3814.35	-3.13029e-18
3816.29	2.66743e-17
3818.22	3.70802e-17
3820.16	1.3341e-17
3822.1	2.00817e-18
3824.03	2.22417e-17
3825.97	1.11875e-17
3827.9	-4.5812e-18
3829.84	2.57739e-17
3831.78	-1.55531e-19
3833.71	1.38025e-18
3835.65	1.45038e-17
3837.59	2.11319e-17
3839.52	-1.39602e-17
3841.46	-1.23754e-18
3843.4	8.74561e-19
3845.33	9.06716e-18
3847.27	1.55559e-17
3849.21	1.22813e-17
3851.14	2.01499e-17
3853.08	7.54545e-18
3855.01	1.9171e-17
3856.95	3.41343e-17
3858.89	-4.96367e-18
3860.82	8.22969e-18
3862.76	4.62008e-17
3864.7	3.93106e-17
3866.63	2.31834e-17
3868.57	3.31838e-17
3870.51	1.46102e-17
3872.44	-3.28274e-18
3874.38	1.83415e-17
3876.32	2.28224e-17
3878.25	5.77835e-17
3880.19	4.48293e-17
3882.13	2.6127e-17
3884.06	1.39771e-17
3886	1.49397e-17
3887.93	1.25321e-17
3889.87	1.28962e-17
3891.81	6.02429e-18
3893.74	5.11831e-18
3895.68	3.00398e-18
3897.62	2.03449e-17
3899.55	9.70128e-18
3901.49	-4.23048e-19
3903.43	7.80407e-18
3905.36	1.78305e-17
3907.3	3.61352e-17
3909.24	2.0278e-17
3911.17	-2.78835e-18
3913.11	1.61543e-17
3915.04	2.64229e-18
3916.98	6.45353e-18
3918.92	1.2054e-18
3920.85	6.01284e-18
3922.79	9.51748e-18
3924.73	3.30016e-17
3926.66	2.16305e-17
3928.6	9.20081e-18
3930.54	5.56805e-18
3932.47	-3.70883e-18
3934.41	1.08818e-17
3936.35	4.49426e-17
3938.28	1.79168e-17
3940.22	1.11233e-17
3942.15	2.35025e-17
3944.09	2.63256e-17
3946.03	3.56352e-17
3947.96	5.12443e-17
3949.9	2.88672e-17
3951.84	1.26245e-17
3953.77	6.54719e-18
3955.71	-1.4057e-17
3957.65	6.06229e-18
3959.58	2.68417e-17
3961.52	2.31755e-17
3963.46	4.29971e-17
3965.39	3.43776e-17
3967.33	2.63348e-17
3969.27	8.90516e-18
3971.2	-1.53448e-18
3973.14	1.63356e-17
3975.07	1.05616e-18
3977.01	5.01818e-18
3978.95	1.9636e-17
3980.88	3.39413e-17
3982.82	5.66486e-17
3984.76	3.96967e-17
3986.69	3.00689e-17
3988.63	3.36626e-17
3990.57	9.56655e-18
3992.5	5.29458e-18
3994.44	3.38926e-17
3996.38	2.97884e-17
3998.31	3.45258e-17
4000.25	3.79101e-17
4002.18	2.50759e-17
4004.12	4.56083e-17
4006.06	5.03255e-17
4007.99	3.44503e-17
4009.93	3.00523e-17
4011.87	3.61566e-17
4013.8	4.14154e-17
4015.74	3.36597e-17
4017.68	1.15854e-17
4019.61	1.15579e-17
4021.55	1.51052e-17
4023.49	1.5358e-17
4025.42	5.59749e-17
4027.36	5.0323e-17
4029.29	2.92637e-17
4031.23	3.13159e-17
4033.17	2.75565e-17
4035.1	3.71195e-17
4037.04	4.15751e-17
4038.98	3.4265e-17
4040.91	2.16346e-17
4042.85	1.94844e-17
4044.79	3.01384e-17
4046.72	1.69913e-17
4048.66	4.25141e-17
4050.6	1.48293e-17
4052.53	-5.91373e-18
4054.47	1.86116e-17
4056.41	4.60065e-17
4058.34	3.33525e-17
4060.28	-2.12111e-18
4062.21	9.88643e-18
4064.15	4.23987e-17
4066.09	2.77794e-17
4068.02	2.67598e-17
4069.96	1.16316e-17
4071.9	1.87519e-17
4073.83	2.42842e-17
4075.77	4.18054e-17
4077.71	3.15484e-18
4079.64	5.46011e-18
4081.58	2.13308e-17
4083.52	4.33147e-17
4085.45	2.8548e-17
4087.39	4.25169e-17
4089.32	1.86153e-17
4091.26	1.44151e-17
4093.2	3.98315e-17
4095.13	5.75894e-17
4097.07	5.8662e-17
4099.01	4.87395e-17
4100.94	6.29301e-17
4102.88	4.78878e-17
4104.82	2.77325e-17
4106.75	3.74479e-17
4108.69	3.3569e-17
4110.63	3.93358e-17
4112.56	5.99335e-17
4114.5	3.70588e-17
4116.43	2.1101e-17
4118.37	2.88931e-17
4120.31	1.48933e-17
4122.24	2.4425e-17
4124.18	2.87456e-17
4126.12	2.40211e-17
4128.05	1.66067e-17
4129.99	1.80264e-17
4131.93	2.99599e-17
4133.86	2.37417e-17
4135.8	3.26176e-17
4137.74	3.5616e-17
4139.67	1.65876e-17
4141.61	1.21772e-17
4143.54	3.64251e-18
4145.48	2.4955e-17
4147.42	4.36687e-18
4149.35	9.02471e-18
4151.29	2.52449e-17
4153.23	2.0877e-17
4155.16	2.42744e-17
4157.1	3.98422e-17
4159.04	3.46651e-17
4160.97	-5.53105e-19
4162.91	2.70222e-18
4164.85	1.57912e-17
4166.78	4.57164e-18
4168.72	5.30347e-18
4170.66	2.01276e-17
4172.59	2.04642e-17
4174.53	1.75837e-17
4176.46	2.02296e-17
4178.4	8.94723e-18
4180.34	-3.28364e-19
4182.27	1.55749e-17
4184.21	2.81528e-17
4186.15	2.02115e-17
4188.08	6.36418e-18
4190.02	1.58396e-17
4191.96	2.21599e-17
4193.89	1.69959e-17
4195.83	1.79078e-17
4197.77	2.75138e-17
4199.7	2.56972e-17
4201.64	3.84199e-17
4203.57	3.41334e-17
4205.51	3.56754e-17
4207.45	3.95416e-17
4209.38	1.67055e-17
4211.32	3.35243e-17
4213.26	3.2681e-17
4215.19	2.14582e-17
4217.13	2.04474e-17
4219.07	9.54335e-18
4221	9.80372e-18
4222.94	2.19961e-17
4224.88	2.03181e-17
4226.81	2.99068e-17
4228.75	3.95425e-17
4230.69	2.91006e-17
4232.62	1.48838e-17
4234.56	1.22025e-17
4236.49	1.42369e-17
4238.43	1.81185e-17
4240.37	3.53861e-17
4242.3	1.40324e-17
4244.24	1.52418e-17
4246.18	3.5128e-17
4248.11	3.5618e-17
4250.05	3.13797e-17
4251.99	2.26305e-17
4253.92	2.10104e-17
4255.86	1.79382e-17
4257.8	5.98885e-18
4259.73	1.0229e-17
4261.67	3.29695e-17
4263.6	3.70814e-17
4265.54	4.11815e-17
4267.48	4.30385e-17
4269.41	2.81412e-17
4271.35	2.95863e-17
4273.29	3.31063e-17
4275.22	2.19397e-17
4277.16	3.24898e-17
4279.1	2.69386e-17
4281.03	2.35803e-17
4282.97	2.38642e-17
4284.91	1.54193e-17
4286.84	2.14878e-17
4288.78	1.68929e-17
4290.71	2.77687e-17
4292.65	3.11044e-17
4294.59	1.68029e-17
4296.52	7.08226e-18
4298.46	1.24153e-17
4300.4	2.74299e-17
4302.33	1.80136e-17
4304.27	7.01712e-18
4306.21	1.42717e-17
4308.14	2.73043e-17
4310.08	3.53922e-17
4312.02	2.33663e-17
4313.95	1.46898e-17
4315.89	2.07526e-18
4317.83	1.59566e-17
4319.76	3.25005e-17
4321.7	2.28268e-17
4323.63	1.69795e-17
4325.57	1.51097e-17
4327.51	1.74818e-18
4329.44	1.14382e-17
4331.38	1.66707e-17
4333.32	1.59223e-17
4335.25	3.06772e-17
4337.19	2.85513e-17
4339.13	2.68076e-17
4341.06	2.19209e-17
4343	1.3417e-17
4344.94	3.03151e-17
4346.87	3.01318e-17
4348.81	2.99486e-17
4350.74	2.97656e-17
4352.68	2.95828e-17
4354.62	2.94002e-17
4356.55	2.92177e-17
4358.49	2.90353e-17
4360.43	2.88532e-17
4362.36	2.86713e-17
4364.3	2.84894e-17
4366.24	2.83078e-17
4368.17	2.81263e-17
4370.11	2.7945e-17
4372.05	2.77639e-17
4373.98	2.75829e-17
4375.92	2.74022e-17
4377.86	2.72216e-17
4379.79	2.70411e-17
4381.73	2.68608e-17
4383.66	1.8358e-17
4385.6	3.33606e-17
4387.54	3.75722e-17
4389.47	2.1663e-17
4391.41	2.21071e-17
4393.35	4.18089e-17
4395.28	3.57375e-17
4397.22	2.1232e-17
4399.16	3.55343e-17
4401.09	4.76974e-17
4403.03	3.29601e-17
4404.97	2.16167e-17
4406.9	2.89167e-17
4408.84	2.60569e-17
4410.77	2.05974e-17
4412.71	2.79749e-17
4414.65	2.74584e-17
4416.58	1.98531e-17
4418.52	1.85107e-17
4420.46	2.19339e-17
4422.39	2.22731e-17
4424.33	2.76042e-17
4426.27	3.25184e-17
4428.2	1.8063e-17
4430.14	9.55735e-18
4432.08	1.83121e-17
4434.01	1.74055e-17
4435.95	2.17277e-17
4437.89	3.60512e-17
4439.82	4.07825e-17
4441.76	3.90233e-17
4443.69	3.57879e-17
4445.63	1.45032e-17
4447.57	9.19636e-18
4449.5	3.00308e-17
4451.44	3.12146e-17
4453.38	1.81054e-17
4455.31	1.81891e-17
4457.25	1.77386e-17
4459.19	2.4055e-17
4461.12	3.56244e-17
4463.06	2.62946e-17
4465	2.50695e-17
4466.93	3.12537e-17
4468.87	2.36236e-17
4470.8	2.32926e-17
4472.74	2.67966e-17
4474.68	2.0301e-17
4476.61	2.43425e-17
4478.55	2.35909e-17
4480.49	1.84284e-17
4482.42	2.37455e-17
4484.36	2.8499e-17
4486.3	3.53481e-17
4488.23	5.50328e-17
4490.17	4.94354e-17
4492.11	2.96813e-17
4494.04	2.30733e-17
4495.98	2.90992e-17
4497.91	3.21644e-17
4499.85	4.0068e-17
4501.79	2.66873e-17
4503.72	2.8614e-17
4505.66	2.21623e-17
4507.6	1.02044e-17
4509.53	2.84521e-17
4511.47	3.18209e-17
4513.41	2.37564e-17
4515.34	4.33072e-17
4517.28	4.0425e-17
4519.22	3.20789e-17
4521.15	3.95032e-17
4523.09	3.67468e-17
4525.03	3.66093e-17
4526.96	4.77008e-17
4528.9	4.4309e-17
4530.83	5.04505e-17
4532.77	4.8704e-17
4534.71	3.37994e-17
4536.64	3.53263e-17
4538.58	3.87101e-17
4540.52	2.25114e-17
4542.45	2.671e-17
4544.39	3.53532e-17
4546.33	4.2771e-17
4548.26	4.24127e-17
4550.2	3.11355e-17
4552.14	2.22002e-17
4554.07	3.07096e-17
4556.01	3.23994e-17
4557.94	4.23939e-17
4559.88	3.63483e-17
4561.82	5.2254e-17
4563.75	6.19362e-17
4565.69	4.19109e-17
4567.63	4.9902e-17
4569.56	4.75508e-17
4571.5	3.8893e-17
4573.44	4.53695e-17
4575.37	4.53328e-17
4577.31	3.00875e-17
4579.25	4.30672e-17
4581.18	4.05775e-17
4583.12	3.55709e-17
4585.05	4.70954e-17
4586.99	3.14205e-17
4588.93	4.33331e-17
4590.86	4.64465e-17
4592.8	4.06265e-17
4594.74	3.66791e-17
4596.67	3.91612e-17
4598.61	4.64774e-17
4600.55	4.18218e-17
4602.48	3.81862e-17
4604.42	4.13002e-17
4606.36	4.34943e-17
4608.29	3.76305e-17
4610.23	3.85284e-17
4612.17	3.86749e-17
4614.1	3.87166e-17
4616.04	4.08582e-17
4617.97	4.80527e-17
4619.91	4.5629e-17
4621.85	3.21479e-17
4623.78	4.1757e-17
4625.72	4.07181e-17
4627.66	4.95791e-17
4629.59	4.34839e-17
4631.53	4.74728e-17
4633.47	5.22917e-17
4635.4	3.58615e-17
4637.34	4.26202e-17
4639.28	4.73383e-17
4641.21	3.68368e-17
4643.15	2.74825e-17
4645.08	2.02967e-17
4647.02	2.63195e-17
4648.96	2.48616e-17
4650.89	3.43199e-17
4652.83	4.04324e-17
4654.77	3.64215e-17
4656.7	3.68825e-17
4658.64	4.2152e-17
4660.58	5.13942e-17
4662.51	3.9447e-17
4664.45	3.66384e-17
4666.39	3.07677e-17
4668.32	3.83838e-17
4670.26	3.82955e-17
4672.19	4.36215e-17
4674.13	3.39243e-17
4676.07	3.4327e-17
4678	3.50949e-17
4679.94	2.86911e-17
4681.88	3.48927e-17
4683.81	3.28902e-17
4685.75	3.75986e-17
4687.69	3.07375e-17
4689.62	2.52113e-17
4691.56	2.26139e-17
4693.5	1.52308e-17
4695.43	2.72317e-17
4697.37	3.72725e-17
4699.31	3.39897e-17
4701.24	3.5996e-17
4703.18	4.10434e-17
4705.11	3.47757e-17
4707.05	3.94848e-17
4708.99	3.49809e-17
4710.92	4.23909e-17
4712.86	3.51001e-17
4714.8	3.35552e-17
4716.73	3.33946e-17
4718.67	3.83457e-17
4720.61	3.91297e-17
4722.54	3.77848e-17
4724.48	3.57782e-17
4726.42	3.88182e-17
4728.35	3.64226e-17
4730.29	3.43238e-17
4732.22	3.37127e-17
4734.16	3.68112e-17
4736.1	3.92742e-17
4738.03	3.83077e-17
4739.97	3.28318e-17
4741.91	3.53478e-17
4743.84	3.90422e-17
4745.78	3.17273e-17
4747.72	2.63771e-17
4749.65	3.01392e-17
4751.59	3.30067e-17
4753.53	3.01741e-17
4755.46	3.33433e-17
4757.4	3.55052e-17
4759.33	3.8107e-17
4761.27	2.83781e-17
4763.21	3.15298e-17
4765.14	3.60904e-17
4767.08	2.81377e-17
4769.02	3.25003e-17
4770.95	3.00722e-17
4772.89	2.33732e-17
4774.83	3.41874e-17
4776.76	2.96103e-17
4778.7	2.08759e-17
4780.64	2.03267e-17
4782.57	7.24767e-18
4784.51	2.13454e-17
4786.45	2.44134e-17
4788.38	2.12093e-17
4790.32	2.72569e-17
4792.25	2.51645e-17
4794.19	2.97966e-17
4796.13	2.91134e-17
4798.06	2.86332e-17
4800	4.60925e-17
4801.94	3.43254e-17
4803.87	2.95216e-17
4805.81	4.50431e-17
4807.75	3.15953e-17
4809.68	2.77954e-17
4811.62	2.98505e-17
4813.56	2.5363e-17
4815.49	4.05613e-17
4817.43	3.68324e-17
4819.36	2.91459e-17
4821.3	2.86661e-17
4823.24	2.86337e-17
4825.17	3.25193e-17
4827.11	1.71785e-17
4829.05	2.07445e-17
4830.98	3.13446e-17
4832.92	3.11671e-17
4834.86	4.07376e-17
4836.79	3.0254e-17
4838.73	2.45454e-17
4840.67	3.2803e-17
4842.6	3.62138e-17
4844.54	3.5982e-17
4846.47	3.57505e-17
4848.41	3.55192e-17
4850.35	3.52882e-17
4852.28	3.50574e-17
4854.22	3.48269e-17
4856.16	3.45967e-17
4858.09	3.43666e-17
4860.03	3.41368e-17
4861.97	3.39073e-17
4863.9	3.3678e-17
4865.84	3.3449e-17
4867.78	3.32202e-17
4869.71	3.29917e-17
4871.65	3.27634e-17
4873.59	3.25353e-17
4875.52	3.23076e-17
4877.46	3.20801e-17
4879.39	3.18528e-17
4881.33	2.8537e-17
4883.27	3.29529e-17
4885.2	3.34075e-17
4887.14	3.22503e-17
4889.08	2.34076e-17
4891.01	2.62891e-17
4892.95	4.07186e-17
4894.89	3.92762e-17
4896.82	4.09533e-17
4898.76	3.10909e-17
4900.7	3.37818e-17
4902.63	3.57196e-17
4904.57	4.08157e-17
4906.5	3.48408e-17
4908.44	4.27369e-17
4910.38	3.84872e-17
4912.31	3.59543e-17
4914.25	3.14138e-17
4916.19	4.63934e-17
4918.12	3.55521e-17
4920.06	3.61304e-17
4922	3.27535e-17
4923.93	3.71025e-17
4925.87	3.80849e-17
4927.81	3.30026e-17
4929.74	2.93648e-17
4931.68	4.65499e-17
4933.61	5.36304e-17
4935.55	4.78944e-17
4937.49	3.95171e-17
4939.42	3.6616e-17
4941.36	3.70374e-17
4943.3	3.74582e-17
4945.23	3.78784e-17
4947.17	3.82979e-17
4949.11	3.87168e-17
4951.04	3.9135e-17
4952.98	3.95525e-17
4954.92	3.99696e-17
4956.85	4.03857e-17
4958.79	4.08014e-17
4960.73	4.12163e-17
4962.66	4.16307e-17
4964.6	4.20443e-17
4966.53	4.24572e-17
4968.47	4.28696e-17
4970.41	4.32814e-17
4972.34	4.36923e-17
4974.28	4.41026e-17
4976.22	4.45122e-17
4978.15	4.49214e-17
4980.09	4.39404e-17
4982.03	3.59288e-17
4983.96	3.69919e-17
4985.9	4.82068e-17
4987.84	3.33503e-17
4989.77	3.4315e-17
4991.71	3.52781e-17
4993.64	3.62399e-17
4995.58	3.72003e-17
4997.52	3.81592e-17
4999.45	3.91166e-17
5001.39	4.00723e-17
5003.33	4.10271e-17
5005.26	4.19799e-17
5007.2	4.29314e-17
5009.14	4.38814e-17
5011.07	4.483e-17
5013.01	4.57771e-17
5014.95	4.67225e-17
5016.88	4.76666e-17
5018.82	4.86095e-17
5020.75	4.95503e-17
5022.69	5.049e-17
5024.63	5.14279e-17
5026.56	5.23645e-17
5028.5	4.44356e-17
5030.44	3.20045e-17
5032.37	3.18045e-17
5034.31	3.58443e-17
5036.25	3.40507e-17
5038.18	5.21488e-17
5040.12	4.71373e-17
5042.06	3.68092e-17
5043.99	3.7104e-17
5045.93	4.30377e-17
5047.87	4.55598e-17
5049.8	3.26202e-17
5051.74	3.22448e-17
5053.67	3.35084e-17
5055.61	3.15226e-17
5057.55	3.002e-17
5059.48	3.46241e-17
5061.42	2.79554e-17
5063.36	4.10591e-17
5065.29	3.77222e-17
5067.23	4.10188e-17
5069.17	3.767e-17
5071.1	3.77196e-17
5073.04	3.44108e-17
5074.98	3.21761e-17
5076.91	3.75919e-17
5078.85	4.15916e-17
5080.78	3.30451e-17
5082.72	3.20395e-17
5084.66	3.28511e-17
5086.59	3.72314e-17
5088.53	3.76641e-17
5090.47	3.75657e-17
5092.4	3.8339e-17
5094.34	3.64656e-17
5096.28	4.57873e-17
5098.21	3.90583e-17
5100.15	3.47138e-17
5102.09	4.20106e-17
5104.02	4.43988e-17
5105.96	4.26969e-17
5107.89	3.70848e-17
5109.83	4.6022e-17
5111.77	4.6049e-17
5113.7	3.77896e-17
5115.64	3.8674e-17
5117.58	4.7104e-17
5119.51	5.00775e-17
5121.45	4.55913e-17
5123.39	4.74444e-17
5125.32	3.71892e-17
5127.26	4.13907e-17
5129.2	4.38634e-17
5131.13	4.08196e-17
5133.07	4.36017e-17
5135.01	4.88404e-17
5136.94	4.95352e-17
5138.88	4.18612e-17
5140.81	4.23087e-17
5142.75	4.41891e-17
5144.69	4.97682e-17
5146.62	4.79453e-17
5148.56	4.11101e-17
5150.5	5.26119e-17
5152.43	5.45562e-17
5154.37	4.49585e-17
5156.31	4.67062e-17
5158.24	4.4444e-17
5160.18	5.17234e-17
5162.12	5.37678e-17
5164.05	5.18099e-17
5165.99	5.63635e-17
5167.92	5.976e-17
5169.86	5.34371e-17
5171.8	4.79916e-17
5173.73	5.77837e-17
5175.67	6.37302e-17
5177.61	6.44227e-17
5179.54	6.39889e-17
5181.48	6.09533e-17
5183.42	5.73935e-17
5185.35	6.35825e-17
5187.29	6.73932e-17
5189.23	6.0576e-17
5191.16	6.32657e-17
5193.1	7.3133e-17
5195.03	7.08563e-17
5196.97	6.25355e-17
5198.91	6.21801e-17
5200.84	5.84924e-17
5202.78	5.81832e-17
5204.72	6.00587e-17
5206.65	5.75833e-17
5208.59	6.06308e-17
5210.53	5.92369e-17
5212.46	5.11662e-17
5214.4	5.10661e-17
5216.34	5.6574e-17
5218.27	5.25655e-17
5220.21	4.5586e-17
5222.15	5.37757e-17
5224.08	6.14628e-17
5226.02	6.02429e-17
5227.95	6.28368e-17
5229.89	5.98351e-17
5231.83	5.22675e-17
5233.76	5.49725e-17
5235.7	6.20118e-17
5237.64	6.09686e-17
5239.57	5.51703e-17
5241.51	5.60135e-17
5243.45	5.26046e-17
5245.38	4.79775e-17
5247.32	5.10718e-17
5249.26	5.54123e-17
5251.19	5.5644e-17
5253.13	5.59346e-17
5255.06	5.8396e-17
5257	6.27854e-17
5258.94	6.94301e-17
5260.87	6.85893e-17
5262.81	5.55577e-17
5264.75	4.18956e-17
5266.68	4.29544e-17
5268.62	5.59244e-17
5270.56	5.96961e-17
5272.49	5.32906e-17
5274.43	5.15227e-17
5276.37	5.56839e-17
5278.3	6.00784e-17
5280.24	6.23649e-17
5282.17	5.55209e-17
5284.11	4.84708e-17
5286.05	6.08451e-17
5287.98	6.18667e-17
5289.92	4.73472e-17
5291.86	4.44298e-17
5293.79	4.92346e-17
5295.73	5.11079e-17
5297.67	5.11354e-17
5299.6	5.57536e-17
5301.54	5.2385e-17
5303.48	4.81064e-17
5305.41	5.29301e-17
5307.35	5.40868e-17
5309.29	5.71582e-17
5311.22	6.39597e-17
5313.16	6.189e-17
5315.09	5.56432e-17
5317.03	4.88066e-17
5318.97	5.11726e-17
5320.9	5.81703e-17
5322.84	5.5448e-17
5324.78	5.33066e-17
5326.71	5.61345e-17
5328.65	5.83248e-17
5330.59	5.18598e-17
5332.52	4.98448e-17
5334.46	5.1781e-17
5336.4	5.03598e-17
5338.33	5.2079e-17
5340.27	5.78395e-17
5342.2	6.10867e-17
5344.14	5.67074e-17
5346.08	5.18285e-17
5348.01	5.21287e-17
5349.95	5.45868e-17
5351.89	5.05986e-17
5353.82	4.83823e-17
5355.76	4.2418e-17
5357.7	5.11424e-17
5359.63	5.98201e-17
5361.57	5.45001e-17
5363.51	5.58186e-17
5365.44	5.8731e-17
5367.38	5.74077e-17
5369.31	4.70702e-17
5371.25	5.16954e-17
5373.19	5.57501e-17
5375.12	5.45203e-17
5377.06	5.81999e-17
5379	5.2369e-17
5380.93	5.27454e-17
5382.87	5.82905e-17
5384.81	5.08768e-17
5386.74	5.07306e-17
5388.68	5.17186e-17
5390.62	5.02806e-17
5392.55	5.10984e-17
5394.49	5.70759e-17
5396.43	5.98939e-17
5398.36	4.84525e-17
5400.3	4.9185e-17
5402.23	5.04488e-17
5404.17	4.91304e-17
5406.11	5.46315e-17
5408.04	5.57427e-17
5409.98	5.51532e-17
5411.92	4.60424e-17
5413.85	3.96202e-17
5415.79	4.85034e-17
5417.73	5.25425e-17
5419.66	5.3034e-17
5421.6	4.85391e-17
5423.54	4.45163e-17
5425.47	4.98246e-17
5427.41	4.99468e-17
5429.34	4.30687e-17
5431.28	4.18313e-17
5433.22	4.43678e-17
5435.15	4.38473e-17
5437.09	5.00626e-17
5439.03	5.13302e-17
5440.96	5.08513e-17
5442.9	4.35642e-17
5444.84	5.56938e-17
5446.77	6.19844e-17
5448.71	4.87871e-17
5450.65	4.71648e-17
5452.58	4.97511e-17
5454.52	5.11709e-17
5456.45	5.1121e-17
5458.39	4.81872e-17
5460.33	4.96544e-17
5462.26	4.624e-17
5464.2	5.04772e-17
5466.14	5.38816e-17
5468.07	4.89573e-17
5470.01	4.3266e-17
5471.95	4.75753e-17
5473.88	4.73634e-17
5475.82	5.25262e-17
5477.76	4.86028e-17
5479.69	4.61285e-17
5481.63	4.49121e-17
5483.57	5.00269e-17
5485.5	5.60646e-17
5487.44	4.43214e-17
5489.37	3.62097e-17
5491.31	4.68493e-17
5493.25	4.78482e-17
5495.18	4.1252e-17
5497.12	4.63577e-17
5499.06	4.33417e-17
5500.99	4.08032e-17
5502.93	4.12476e-17
5504.87	3.70375e-17
5506.8	4.13071e-17
5508.74	3.52842e-17
5510.68	3.38292e-17
5512.61	4.76788e-17
5514.55	4.98812e-17
5516.48	3.90851e-17
5518.42	2.97156e-17
5520.36	3.51949e-17
5522.29	4.20601e-17
5524.23	4.54589e-17
5526.17	5.15653e-17
5528.1	4.38679e-17
5530.04	5.18248e-17
5531.98	4.99639e-17
5533.91	5.48282e-17
5535.85	5.31231e-17
5537.79	5.05073e-17
5539.72	4.85508e-17
5541.66	5.12749e-17
5543.59	4.79298e-17
5545.53	4.43035e-17
5547.47	5.17086e-17
5549.4	5.66677e-17
5551.34	5.61387e-17
5553.28	4.32961e-17
5555.21	4.11691e-17
5557.15	4.71057e-17
5559.09	5.19744e-17
5561.02	4.14017e-17
5562.96	4.33662e-17
5564.9	4.06412e-17
5566.83	3.94727e-17
5568.77	3.99431e-17
5570.71	3.71443e-17
5572.64	3.20251e-17
5574.58	3.5991e-17
5576.51	5.00902e-17
5578.45	5.46279e-17
5580.39	4.10632e-17
5582.32	3.15541e-17
5584.26	3.78306e-17
5586.2	3.76236e-17
5588.13	3.41569e-17
5590.07	3.78681e-17
5592.01	3.55786e-17
5593.94	3.13214e-17
5595.88	3.52588e-17
5597.82	3.79295e-17
5599.75	3.82549e-17
5601.69	3.07056e-17
5603.62	3.17001e-17
5605.56	3.22225e-17
5607.5	3.03697e-17
5609.43	3.24043e-17
5611.37	2.98219e-17
5613.31	3.27107e-17
5615.24	3.42204e-17
5617.18	2.49026e-17
5619.12	3.06937e-17
5621.05	2.46052e-17
5622.99	2.67264e-17
5624.93	3.11878e-17
5626.86	3.50948e-17
5628.8	3.07819e-17
5630.73	3.08774e-17
5632.67	2.90786e-17
5634.61	2.85089e-17
5636.54	2.63744e-17
5638.48	2.1003e-17
5640.42	3.32916e-17
5642.35	3.13434e-17
5644.29	2.98174e-17
5646.23	2.44811e-17
5648.16	2.68584e-17
5650.1	2.72748e-17
5652.04	2.12144e-17
5653.97	1.82831e-17
5655.91	1.72658e-17
5657.85	2.02279e-17
5659.78	2.49392e-17
5661.72	2.12623e-17
5663.65	2.51878e-17
5665.59	2.5415e-17
5667.53	2.51556e-17
5669.46	2.8772e-17
5671.4	2.69253e-17
5673.34	1.89549e-17
5675.27	2.20318e-17
5677.21	2.90708e-17
5679.15	2.48105e-17
5681.08	2.0795e-17
5683.02	2.25404e-17
5684.96	2.76958e-17
5686.89	1.74148e-17
5688.83	2.18929e-17
5690.76	2.5759e-17
5692.7	2.39057e-17
5694.64	1.50475e-17
5696.57	1.3738e-17
5698.51	2.67301e-17
5700.45	1.95642e-17
5702.38	2.0728e-17
5704.32	2.07132e-17
5706.26	2.57523e-17
5708.19	2.29597e-17
5710.13	2.59284e-17
5712.07	2.35155e-17
5714	2.02997e-17
5715.94	2.62648e-17
5717.87	2.14529e-17
5719.81	2.78053e-17
5721.75	2.39534e-17
5723.68	2.29112e-17
5725.62	3.02619e-17
5727.56	2.58877e-17
5729.49	2.56952e-17
5731.43	1.92948e-17
5733.37	1.92628e-17
5735.3	1.71682e-17
5737.24	1.66644e-17
5739.18	1.92901e-17
5741.11	2.36736e-17
5743.05	2.4778e-17
5744.99	1.83671e-17
5746.92	1.59832e-17
5748.86	1.68477e-17
5750.79	2.91413e-17
5752.73	2.57247e-17
5754.67	2.08407e-17
5756.6	2.7011e-17
5758.54	1.75804e-17
5760.48	3.14727e-17
5762.41	2.54088e-17
5764.35	2.37519e-17
5766.29	1.75396e-17
5768.22	2.92306e-17
5770.16	2.72626e-17
5772.1	2.10438e-17
5774.03	2.26923e-17
5775.97	2.1581e-17
5777.9	2.90995e-17
5779.84	2.26498e-17
5781.78	2.31906e-17
5783.71	2.49268e-17
5785.65	2.48133e-17
5787.59	2.81077e-17
5789.52	3.17433e-17
5791.46	2.18014e-17
5793.4	2.38689e-17
5795.33	2.62002e-17
5797.27	2.33867e-17
5799.21	2.49517e-17
5801.14	3.63364e-17
5803.08	2.47914e-17
5805.01	3.56555e-17
5806.95	2.91282e-17
5808.89	3.15245e-17
5810.82	3.26636e-17
5812.76	2.32237e-17
5814.7	2.53619e-17
5816.63	3.22861e-17
5818.57	3.23423e-17
5820.51	3.11397e-17
5822.44	2.4261e-17
5824.38	2.53888e-17
5826.32	2.32029e-17
5828.25	3.14395e-17
5830.19	3.22344e-17
5832.13	2.88492e-17
5834.06	3.43728e-17
5836	3.00928e-17
5837.93	2.67789e-17
5839.87	3.34835e-17
5841.81	3.48867e-17
5843.74	3.41073e-17
5845.68	3.50413e-17
5847.62	3.2777e-17
5849.55	3.54611e-17
5851.49	3.0794e-17
5853.43	3.73425e-17
5855.36	2.73556e-17
5857.3	2.74953e-17
5859.24	3.53713e-17
5861.17	3.84284e-17
5863.11	3.84143e-17
5865.04	3.16421e-17
5866.98	4.63337e-17
5868.92	3.48624e-17
5870.85	4.34255e-17
5872.79	4.0893e-17
5874.73	3.96758e-17
5876.66	3.0386e-17
5878.6	4.09681e-17
5880.54	3.86425e-17
5882.47	4.2783e-17
5884.41	3.57324e-17
5886.35	3.493e-17
5888.28	3.73975e-17
5890.22	3.65297e-17
5892.15	3.23401e-17
5894.09	3.81783e-17
5896.03	3.99883e-17
5897.96	4.12939e-17
5899.9	3.72275e-17
5901.84	3.73237e-17
5903.77	3.33535e-17
5905.71	4.2658e-17
5907.65	3.20051e-17
5909.58	3.27042e-17
5911.52	3.35888e-17
5913.46	2.97045e-17
5915.39	3.11824e-17
5917.33	3.2321e-17
5919.27	3.63918e-17
5921.2	3.48091e-17
5923.14	2.83003e-17
5925.07	3.14593e-17
5927.01	3.18051e-17
5928.95	2.6568e-17
5930.88	3.55747e-17
5932.82	3.04669e-17
5934.76	2.905e-17
5936.69	3.5488e-17
5938.63	2.73433e-17
5940.57	2.34457e-17
5942.5	2.71066e-17
5944.44	2.5832e-17
5946.38	3.04731e-17
5948.31	3.49186e-17
5950.25	3.12606e-17
5952.18	3.12633e-17
5954.12	2.82345e-17
5956.06	3.97301e-17
5957.99	2.95713e-17
5959.93	1.99475e-17
5961.87	3.28989e-17
5963.8	3.62425e-17
5965.74	2.21081e-17
5967.68	2.04443e-17
5969.61	2.57283e-17
5971.55	1.82498e-17
5973.49	1.96388e-17
5975.42	2.318e-17
5977.36	2.79673e-17
5979.29	2.42278e-17
5981.23	2.0417e-17
5983.17	2.62228e-17
5985.1	2.73059e-17
5987.04	2.40147e-17
5988.98	2.73186e-17
5990.91	2.7439e-17
5992.85	2.42101e-17
5994.79	1.95182e-17
5996.72	2.37965e-17
5998.66	2.43227e-17
6000.6	2.39877e-17
6002.53	2.78883e-17
6004.47	2.31644e-17
6006.41	1.64357e-17
6008.34	1.71004e-17
6010.28	2.40021e-17
6012.21	1.9669e-17
6014.15	1.44896e-17
6016.09	1.90964e-17
6018.02	1.98458e-17
6019.96	1.7172e-17
6021.9	2.53575e-17
6023.83	2.26917e-17
6025.77	1.88314e-17
6027.71	2.41411e-17
6029.64	2.09862e-17
6031.58	1.72974e-17
6033.52	1.87895e-17
6035.45	2.13627e-17
6037.39	2.23425e-17
6039.32	2.21835e-17
6041.26	1.76247e-17
6043.2	2.0868e-17
6045.13	1.88128e-17
6047.07	2.02777e-17
6049.01	1.80494e-17
6050.94	1.81118e-17
6052.88	1.88564e-17
6054.82	2.01212e-17
6056.75	1.78407e-17
6058.69	1.80248e-17
6060.63	2.26481e-17
6062.56	2.27869e-17
6064.5	2.49928e-17
6066.43	2.14811e-17
6068.37	1.38559e-17
6070.31	2.31584e-17
6072.24	2.62981e-17
6074.18	2.62326e-17
6076.12	2.16759e-17
6078.05	1.62856e-17
6079.99	2.12449e-17
6081.93	1.73426e-17
6083.86	2.04307e-17
6085.8	1.86116e-17
6087.74	1.53793e-17
6089.67	2.04073e-17
6091.61	2.41498e-17
6093.55	2.71494e-17
6095.48	2.09499e-17
6097.42	1.29313e-17
6099.35	1.81816e-17
6101.29	1.47957e-17
6103.23	1.61191e-17
6105.16	2.92796e-17
6107.1	2.44629e-17
6109.04	2.0537e-17
6110.97	2.52432e-17
6112.91	2.54098e-17
6114.85	2.11355e-17
6116.78	2.0964e-17
6118.72	2.4932e-17
6120.66	2.42916e-17
6122.59	2.82658e-17
6124.53	2.52794e-17
6126.46	2.4289e-17
6128.4	2.86067e-17
6130.34	3.11711e-17
6132.27	2.53285e-17
6134.21	2.55071e-17
6136.15	2.90454e-17
6138.08	2.89315e-17
6140.02	3.09488e-17
6141.96	3.09757e-17
6143.89	2.86859e-17
6145.83	2.68939e-17
6147.77	3.03639e-17
6149.7	3.06175e-17
6151.64	2.87168e-17
6153.57	3.14274e-17
6155.51	3.5233e-17
6157.45	3.4181e-17
6159.38	3.21639e-17
6161.32	2.94657e-17
6163.26	3.43733e-17
6165.19	4.08607e-17
6167.13	3.68172e-17
6169.07	3.69012e-17
6171	4.20734e-17
6172.94	4.41218e-17
6174.88	4.74603e-17
6176.81	4.82206e-17
6178.75	4.53302e-17
6180.69	4.45639e-17
6182.62	4.62384e-17
6184.56	4.45346e-17
6186.49	4.25351e-17
6188.43	4.49881e-17
6190.37	4.91018e-17
6192.3	4.87416e-17
6194.24	4.95668e-17
6196.18	4.67667e-17
6198.11	4.32791e-17
6200.05	4.32063e-17
6201.99	4.16926e-17
6203.92	4.63595e-17
6205.86	4.65378e-17
6207.8	5.11109e-17
6209.73	5.5653e-17
6211.67	5.12501e-17
6213.6	5.39231e-17
6215.54	5.95883e-17
6217.48	6.07839e-17
6219.41	5.80946e-17
6221.35	5.90139e-17
6223.29	6.35208e-17
6225.22	6.12421e-17
6227.16	6.59384e-17
6229.1	7.60266e-17
6231.03	7.62665e-17
6232.97	7.43154e-17
6234.91	7.73296e-17
6236.84	8.04182e-17
6238.78	8.29069e-17
6240.71	8.45889e-17
6242.65	9.33129e-17
6244.59	1.02659e-16
6246.52	9.85633e-17
6248.46	9.46508e-17
6250.4	1.05538e-16
6252.33	1.24482e-16
6254.27	1.12693e-16
6256.21	9.12906e-17
6258.14	1.03755e-16
6260.08	1.15949e-16
6262.02	1.10206e-16
6263.95	1.07619e-16
6265.89	1.11673e-16
6267.83	1.16739e-16
6269.76	1.21119e-16
6271.7	1.17918e-16
6273.63	1.21878e-16
6275.57	1.23867e-16
6277.51	1.16578e-16
6279.44	1.18828e-16
6281.38	1.22823e-16
6283.32	1.1868e-16
6285.25	1.2144e-16
6287.19	1.28822e-16
6289.13	1.30267e-16
6291.06	1.33335e-16
6293	1.33266e-16
6294.94	1.29945e-16
6296.87	1.33422e-16
6298.81	1.31571e-16
6300.74	1.26993e-16
6302.68	1.24731e-16
6304.62	1.23565e-16
6306.55	1.26215e-16
6308.49	1.2503e-16
6310.43	1.20756e-16
6312.36	1.18319e-16
6314.3	1.1649e-16
6316.24	1.12527e-16
6318.17	1.09723e-16
6320.11	1.0795e-16
6322.05	1.05134e-16
6323.98	1.05002e-16
6325.92	1.03756e-16
6327.85	1.02755e-16
6329.79	1.07657e-16
6331.73	1.07255e-16
6333.66	1.00677e-16
6335.6	9.86739e-17
6337.54	9.99146e-17
6339.47	9.65747e-17
6341.41	8.70589e-17
6343.35	8.13824e-17
6345.28	8.34298e-17
6347.22	8.43305e-17
6349.16	8.53364e-17
6351.09	8.65211e-17
6353.03	8.44247e-17
6354.97	8.44929e-17
6356.9	8.55408e-17
6358.84	8.47728e-17
6360.77	8.33174e-17
6362.71	7.89586e-17
6364.65	7.44068e-17
6366.58	7.51621e-17
6368.52	7.96852e-17
6370.46	8.18264e-17
6372.39	7.65272e-17
6374.33	7.11887e-17
6376.27	7.17218e-17
6378.2	7.23472e-17
6380.14	7.31903e-17
6382.08	7.38165e-17
6384.01	7.05509e-17
6385.95	7.02277e-17
6387.88	7.11455e-17
6389.82	6.6608e-17
6391.76	6.06091e-17
6393.69	5.38715e-17
6395.63	5.59182e-17
6397.57	5.94477e-17
6399.5	5.17384e-17
6401.44	4.46655e-17
6403.38	4.97929e-17
6405.31	5.7403e-17
6407.25	5.35064e-17
6409.19	4.86621e-17
6411.12	5.09175e-17
6413.06	5.27097e-17
6414.99	4.99381e-17
6416.93	4.68653e-17
6418.87	4.5949e-17
6420.8	4.48027e-17
6422.74	4.23863e-17
6424.68	3.84748e-17
6426.61	3.61255e-17
6428.55	3.74105e-17
6430.49	4.02672e-17
6432.42	3.9592e-17
6434.36	3.49236e-17
6436.3	3.86261e-17
6438.23	4.6803e-17
6440.17	4.58336e-17
6442.11	4.40368e-17
6444.04	4.49717e-17
6445.98	4.3943e-17
6447.91	4.57816e-17
6449.85	4.71491e-17
6451.79	4.38467e-17
6453.72	4.05859e-17
6455.66	3.65921e-17
6457.6	3.35504e-17
6459.53	3.44981e-17
6461.47	3.75805e-17
6463.41	3.6238e-17
6465.34	3.64245e-17
6467.28	3.74734e-17
6469.22	3.67181e-17
6471.15	3.6337e-17
6473.09	3.60146e-17
6475.02	3.65796e-17
6476.96	3.61376e-17
6478.9	3.79267e-17
6480.83	3.29606e-17
6482.77	2.96768e-17
6484.71	3.0307e-17
6486.64	3.09444e-17
6488.58	3.10809e-17
6490.52	2.92666e-17
6492.45	3.08993e-17
6494.39	3.01922e-17
6496.33	2.8569e-17
6498.26	3.78735e-17
6500.2	3.98336e-17
6502.13	3.3413e-17
6504.07	2.78966e-17
6506.01	2.50416e-17
6507.94	2.58767e-17
6509.88	2.95134e-17
6511.82	2.97802e-17
6513.75	2.37947e-17
6515.69	2.52805e-17
6517.63	2.72116e-17
6519.56	2.67795e-17
6521.5	2.51378e-17
6523.44	2.56718e-17
6525.37	2.94127e-17
6527.31	2.49958e-17
6529.25	2.72702e-17
6531.18	2.73863e-17
6533.12	2.75023e-17
6535.05	2.76181e-17
6536.99	2.77338e-17
6538.93	2.78494e-17
6540.86	2.79648e-17
6542.8	2.80801e-17
6544.74	2.81952e-17
6546.67	2.83102e-17
6548.61	2.84251e-17
6550.55	2.85398e-17
6552.48	2.86544e-17
6554.42	2.87689e-17
6556.36	2.88833e-17
6558.29	2.89976e-17
6560.23	2.91117e-17
6562.16	2.92257e-17
6564.1	2.93396e-17
6566.04	2.94535e-17
6567.97	2.89204e-17
6569.91	2.83886e-17
6571.85	2.7858e-17
6573.78	2.73287e-17
6575.72	2.68006e-17
6577.66	2.62737e-17
6579.59	2.57482e-17
6581.53	2.52236e-17
6583.47	2.47005e-17
6585.4	2.41784e-17
6587.34	2.36575e-17
6589.27	2.31377e-17
6591.21	2.26191e-17
6593.15	2.21018e-17
6595.08	2.15855e-17
6597.02	2.10701e-17
6598.96	2.05561e-17
6600.89	2.00431e-17
6602.83	1.95313e-17
6604.77	2.06721e-17
6606.7	1.77577e-17
6608.64	2.44272e-17
6610.58	2.43641e-17
6612.51	1.59204e-17
6614.45	1.35564e-17
6616.39	1.94541e-17
6618.32	2.3009e-17
6620.26	2.16739e-17
6622.19	2.39265e-17
6624.13	2.32115e-17
6626.07	2.10115e-17
6628	2.21299e-17
6629.94	1.87406e-17
6631.88	1.88099e-17
6633.81	1.82435e-17
6635.75	1.60988e-17
6637.69	1.46436e-17
6639.62	1.46099e-17
6641.56	1.19777e-17
6643.5	1.32685e-17
6645.43	1.33995e-17
6647.37	1.7331e-17
6649.3	1.68294e-17
6651.24	1.57027e-17
6653.18	2.3311e-17
6655.11	2.10228e-17
6657.05	2.02299e-17
6658.99	1.99951e-17
6660.92	2.01001e-17
6662.86	1.89817e-17
6664.8	2.04868e-17
6666.73	1.5977e-17
6668.67	1.77866e-17
6670.61	1.40279e-17
6672.54	1.15859e-17
6674.48	1.76076e-17
6676.41	1.66744e-17
6678.35	1.33495e-17
6680.29	1.56157e-17
6682.22	1.33333e-17
6684.16	1.09725e-17
6686.1	1.68506e-17
6688.03	1.31709e-17
6689.97	1.21143e-17
6691.91	1.65916e-17
6693.84	1.7938e-17
6695.78	1.72346e-17
6697.72	1.5561e-17
6699.65	1.54268e-17
6701.59	1.52928e-17
6703.53	1.5159e-17
6705.46	1.50256e-17
6707.4	1.48923e-17
6709.33	1.47594e-17
6711.27	1.46266e-17
6713.21	1.44486e-17
6715.14	1.42709e-17
6717.08	1.40934e-17
6719.02	1.39162e-17
6720.95	1.37394e-17
6722.89	1.35628e-17
6724.83	1.33865e-17
6726.76	1.32105e-17
6728.7	1.30348e-17
6730.64	1.28593e-17
6732.57	1.26841e-17
6734.51	1.25092e-17
6736.44	1.23345e-17
6738.38	1.21601e-17
6740.32	1.1986e-17
6742.25	1.18121e-17
6744.19	1.16385e-17
6746.13	1.14651e-17
6748.06	1.1292e-17
6750	1.11191e-17
6751.94	1.03736e-17
6753.87	1.24569e-17
6755.81	1.45061e-17
6757.75	1.00571e-17
6759.68	1.41804e-17
6761.62	1.28249e-17
6763.56	1.27554e-17
6765.49	1.14086e-17
6767.43	1.1602e-17
6769.36	1.48137e-17
6771.3	9.27757e-18
6773.24	9.78606e-18
6775.17	9.3125e-18
6777.11	8.36088e-18
6779.05	7.68796e-18
6780.98	8.26801e-18
6782.92	5.55177e-18
6784.86	6.37085e-18
6786.79	1.10057e-17
6788.73	8.73203e-18
6790.67	6.49046e-18
6792.6	1.1684e-17
6794.54	1.33785e-17
6796.47	1.35779e-17
6798.41	1.13171e-17
6800.35	1.18206e-17
6802.28	1.06589e-17
6804.22	9.65898e-18
6806.16	1.27319e-17
6808.09	1.59168e-17
6810.03	9.98611e-18
6811.97	8.57009e-18
6813.9	8.81569e-18
6815.84	9.21564e-18
6817.78	7.3494e-18
6819.71	8.02469e-18
6821.65	9.31632e-18
6823.59	7.07761e-18
6825.52	1.15516e-17
6827.46	1.06919e-17
6829.39	9.19118e-18
6831.33	8.89088e-18
6833.27	8.05872e-18
6835.2	1.22393e-17
6837.14	9.46482e-18
6839.08	7.48063e-18
6841.01	1.16555e-17
6842.95	9.8391e-18
6844.89	7.72954e-18
6846.82	1.04332e-17
6848.76	7.85404e-18
6850.7	6.10912e-18
6852.63	1.10299e-17
6854.57	1.01245e-17
6856.5	7.84535e-18
6858.44	6.34041e-18
6860.38	7.38566e-18
6862.31	9.80847e-18
6864.25	1.41389e-17
6866.19	9.63115e-18
6868.12	8.51201e-18
6870.06	1.2831e-17
6872	1.18179e-17
6873.93	8.12863e-18
6875.87	5.27985e-18
6877.81	8.74891e-18
6879.74	5.60542e-18
6881.68	7.01736e-18
6883.61	1.03531e-17
6885.55	1.14611e-17
6887.49	1.02492e-17
6889.42	9.95198e-18
6891.36	9.31417e-18
6893.3	5.20738e-18
6895.23	5.78193e-18
6897.17	1.26987e-17
6899.11	1.51416e-17
6901.04	1.17159e-17
6902.98	7.26077e-18
6904.92	5.9644e-18
6906.85	1.05492e-17
6908.79	1.19499e-17
6910.73	8.8159e-18
6912.66	9.02192e-18
6914.6	1.05364e-17
6916.53	9.77747e-18
6918.47	1.1385e-17
6920.41	1.37541e-17
6922.34	1.2105e-17
6924.28	1.21215e-17
6926.22	1.48451e-17
6928.15	1.28662e-17
6930.09	1.04631e-17
6932.03	1.27279e-17
6933.96	9.55931e-18
6935.9	1.04123e-17
6937.84	1.06533e-17
6939.77	9.93757e-18
6941.71	1.18462e-17
6943.64	8.05744e-18
6945.58	9.05025e-18
6947.52	1.24379e-17
6949.45	1.65411e-17
6951.39	1.59297e-17
6953.33	1.56256e-17
6955.26	1.35317e-17
6957.2	1.83505e-17
6959.14	1.77885e-17
6961.07	1.5717e-17
6963.01	1.14889e-17
6964.95	1.27569e-17
6966.88	1.48203e-17
6968.82	1.36528e-17
6970.75	1.34434e-17
6972.69	1.48875e-17
6974.63	1.65905e-17
6976.56	1.72619e-17
6978.5	1.57358e-17
6980.44	1.3129e-17
6982.37	1.50239e-17
6984.31	1.56787e-17
6986.25	1.81386e-17
6988.18	1.90039e-17
6990.12	1.23979e-17
6992.06	1.40785e-17
6993.99	2.18021e-17
6995.93	1.92832e-17
6997.87	1.53124e-17
6999.8	1.59784e-17
7001.74	1.90186e-17
7003.67	1.73842e-17
7005.61	1.52737e-17
7007.55	1.69485e-17
7009.48	2.30093e-17
7011.42	2.47364e-17
7013.36	2.20759e-17
7015.29	2.15724e-17
7017.23	2.34707e-17
7019.17	2.12356e-17
7021.1	2.4375e-17
7023.04	2.29111e-17
7024.98	2.24112e-17
7026.91	1.95556e-17
7028.85	1.8569e-17
7030.78	2.18249e-17
7032.72	2.41985e-17
7034.66	2.61008e-17
7036.59	2.49248e-17
7038.53	2.7018e-17
7040.47	2.60943e-17
7042.4	2.5878e-17
7044.34	2.71351e-17
7046.28	2.63014e-17
7048.21	2.54986e-17
7050.15	2.5107e-17
7052.09	2.56893e-17
7054.02	2.75201e-17
7055.96	2.87663e-17
7057.89	3.01068e-17
7059.83	3.06574e-17
7061.77	2.90077e-17
7063.7	3.05156e-17
7065.64	2.73678e-17
7067.58	2.74245e-17
7069.51	2.95093e-17
7071.45	2.79575e-17
7073.39	2.54068e-17
7075.32	2.4745e-17
7077.26	2.01981e-17
7079.2	2.28606e-17
7081.13	2.65197e-17
7083.07	2.51943e-17
7085.01	2.51935e-17
7086.94	2.64526e-17
7088.88	2.86003e-17
7090.81	2.81566e-17
7092.75	2.52637e-17
7094.69	2.87429e-17
7096.62	3.19445e-17
7098.56	3.18168e-17
7100.5	3.1559e-17
7102.43	2.73822e-17
7104.37	2.30984e-17
7106.31	2.60055e-17
7108.24	2.72869e-17
7110.18	2.62703e-17
7112.12	2.68718e-17
7114.05	2.44107e-17
7115.99	2.41476e-17
7117.92	2.73082e-17
7119.86	2.51469e-17
7121.8	2.21562e-17
7123.73	2.55877e-17
7125.67	2.69942e-17
7127.61	2.67975e-17
7129.54	2.8746e-17
7131.48	2.75257e-17
7133.42	2.66856e-17
7135.35	2.78184e-17
7137.29	2.7729e-17
7139.23	2.94006e-17
7141.16	3.13441e-17
7143.1	3.02442e-17
7145.03	3.05187e-17
7146.97	3.15747e-17
7148.91	3.55563e-17
7150.84	3.5021e-17
7152.78	3.10126e-17
7154.72	3.29828e-17
7156.65	3.33349e-17
7158.59	3.11756e-17
7160.53	2.91392e-17
7162.46	2.88013e-17
7164.4	3.40509e-17
7166.34	3.80541e-17
7168.27	3.72193e-17
7170.21	3.64801e-17
7172.15	3.68852e-17
7174.08	3.86712e-17
7176.02	3.92059e-17
7177.95	3.63925e-17
7179.89	3.7137e-17
7181.83	4.13426e-17
7183.76	4.0749e-17
7185.7	3.78551e-17
7187.64	3.55637e-17
7189.57	3.65582e-17
7191.51	3.91816e-17
7193.45	4.07426e-17
7195.38	4.71463e-17
7197.32	4.76934e-17
7199.26	4.29587e-17
7201.19	4.18611e-17
7203.13	4.72032e-17
7205.06	5.69237e-17
7207	5.72673e-17
7208.94	5.15828e-17
7210.87	4.75737e-17
7212.81	4.7939e-17
7214.75	4.99648e-17
7216.68	5.07003e-17
7218.62	4.79343e-17
7220.56	4.27737e-17
7222.49	5.06141e-17
7224.43	5.5444e-17
7226.37	4.24052e-17
7228.3	4.40189e-17
7230.24	5.70069e-17
7232.17	5.48505e-17
7234.11	4.83243e-17
7236.05	4.39588e-17
7237.98	4.2038e-17
7239.92	4.61953e-17
7241.86	4.38369e-17
7243.79	3.93848e-17
7245.73	3.95707e-17
7247.67	4.11045e-17
7249.6	4.33271e-17
7251.54	4.84116e-17
7253.48	5.1943e-17
7255.41	4.74174e-17
7257.35	4.37276e-17
7259.29	4.24267e-17
7261.22	4.24214e-17
7263.16	4.26255e-17
7265.09	3.52282e-17
7267.03	2.98368e-17
7268.97	3.39496e-17
7270.9	3.68821e-17
7272.84	3.99659e-17
7274.78	4.5357e-17
7276.71	4.40181e-17
7278.65	4.26792e-17
7280.59	4.13403e-17
7282.52	4.00015e-17
7284.46	3.86627e-17
7286.4	3.7324e-17
7288.33	3.59853e-17
7290.27	3.59836e-17
7292.2	3.71654e-17
7294.14	4.24018e-17
7296.08	4.7739e-17
7298.01	4.80655e-17
7299.95	4.6314e-17
7301.89	4.33487e-17
7303.82	4.54532e-17
7305.76	4.89164e-17
7307.7	4.71367e-17
7309.63	4.78743e-17
7311.57	5.07141e-17
7313.51	4.66989e-17
7315.44	5.02643e-17
7317.38	5.16153e-17
7319.31	5.10648e-17
7321.25	5.05187e-17
7323.19	4.79653e-17
7325.12	5.18429e-17
7327.06	5.43771e-17
7329	5.35256e-17
7330.93	5.3785e-17
7332.87	5.48759e-17
7334.81	5.12533e-17
7336.74	4.66958e-17
7338.68	4.36695e-17
7340.62	4.54333e-17
7342.55	5.04702e-17
7344.49	5.34278e-17
7346.43	5.64785e-17
7348.36	5.72553e-17
7350.3	4.77536e-17
7352.23	4.27607e-17
7354.17	4.79159e-17
7356.11	5.01352e-17
7358.04	4.64739e-17
7359.98	4.03925e-17
7361.92	4.36157e-17
7363.85	4.69111e-17
7365.79	4.41219e-17
7367.73	4.22106e-17
7369.66	4.09436e-17
7371.6	4.00427e-17
7373.54	3.80093e-17
7375.47	4.05369e-17
7377.41	4.08944e-17
7379.34	3.83578e-17
7381.28	3.90574e-17
7383.22	3.93848e-17
7385.15	4.4583e-17
7387.09	4.52878e-17
7389.03	3.77757e-17
7390.96	3.55891e-17
7392.9	3.84559e-17
7394.84	3.87744e-17
7396.77	3.54641e-17
7398.71	3.13187e-17
7400.65	3.00563e-17
7402.58	2.87547e-17
7404.52	2.62914e-17
7406.45	2.67161e-17
7408.39	2.58623e-17
7410.33	2.308e-17
7412.26	2.22032e-17
7414.2	2.35425e-17
7416.14	2.77049e-17
7418.07	3.14214e-17
7420.01	2.89865e-17
7421.95	2.54921e-17
7423.88	2.11607e-17
7425.82	2.47588e-17
7427.76	2.72219e-17
7429.69	2.27174e-17
7431.63	2.29864e-17
7433.57	2.04993e-17
7435.5	1.8659e-17
7437.44	1.78021e-17
7439.37	1.76484e-17
7441.31	1.54389e-17
7443.25	1.48502e-17
7445.18	1.65934e-17
7447.12	2.07369e-17
7449.06	2.03428e-17
7450.99	1.55245e-17
7452.93	1.83577e-17
7454.87	2.02366e-17
7456.8	2.08444e-17
7458.74	1.99704e-17
7460.68	1.79018e-17
7462.61	1.78621e-17
7464.55	2.00704e-17
7466.48	2.12809e-17
7468.42	1.89164e-17
7470.36	9.54296e-18
7472.29	1.06292e-17
7474.23	1.1574e-17
7476.17	1.49294e-17
7478.1	1.32067e-17
7480.04	1.21991e-17
7481.98	9.24046e-18
7483.91	1.07202e-17
7485.85	1.34502e-17
7487.79	1.81059e-17
7489.72	1.26593e-17
7491.66	1.21435e-17
7493.59	1.92873e-17
7495.53	1.59883e-17
7497.47	1.0786e-17
7499.4	1.24199e-17
7501.34	1.58127e-17
7503.28	1.50824e-17
7505.21	1.26561e-17
7507.15	1.12808e-17
7509.09	1.14016e-17
7511.02	1.44649e-17
7512.96	1.39237e-17
7514.9	1.06e-17
7516.83	1.34377e-17
7518.77	1.72194e-17
7520.71	1.5432e-17
7522.64	1.40992e-17
7524.58	1.08804e-17
7526.51	1.34188e-17
7528.45	1.43436e-17
7530.39	1.42953e-17
7532.32	1.33888e-17
7534.26	1.52674e-17
7536.2	1.31614e-17
7538.13	1.22515e-17
7540.07	1.3076e-17
7542.01	1.53453e-17
7543.94	1.57392e-17
7545.88	1.36237e-17
7547.82	7.80091e-18
7549.75	1.10955e-17
7551.69	9.85366e-18
7553.62	2.44813e-18
7555.56	8.15827e-18
7557.5	1.932e-17
7559.43	1.28247e-17
7561.37	1.89372e-17
7563.31	1.06824e-17
7565.24	8.4428e-18
7567.18	1.84377e-17
7569.12	1.73588e-17
7571.05	1.19274e-17
7572.99	8.31401e-18
7574.93	1.36367e-17
7576.86	1.4155e-17
7578.8	1.05724e-17
7580.73	9.66214e-18
7582.67	1.0142e-17
7584.61	1.03776e-17
7586.54	1.31043e-17
7588.48	1.17667e-17
7590.42	1.18703e-17
7592.35	1.12204e-17
7594.29	1.30139e-17
7596.23	1.60311e-17
7598.16	8.78073e-18
7600.1	7.21261e-18
7602.04	8.83676e-18
7603.97	1.11614e-17
7605.91	1.52497e-17
7607.85	1.25886e-17
7609.78	1.02643e-17
7611.72	1.06321e-17
7613.65	1.2699e-17
7615.59	9.48628e-18
7617.53	6.36546e-18
7619.46	1.25362e-17
7621.4	1.42309e-17
7623.34	1.19383e-17
7625.27	1.40377e-17
7627.21	1.68748e-17
7629.15	1.43987e-17
7631.08	9.96904e-18
7633.02	1.3235e-17
7634.96	1.64181e-17
7636.89	1.35185e-17
7638.83	1.01679e-17
7640.76	1.61994e-17
7642.7	1.29635e-17
7644.64	9.35519e-18
7646.57	1.43969e-17
7648.51	1.2613e-17
7650.45	1.42643e-17
7652.38	1.25093e-17
7654.32	1.70774e-17
7656.26	2.02708e-17
7658.19	1.83829e-17
7660.13	2.11756e-17
7662.07	1.26501e-17
7664	1.16676e-17
7665.94	1.38441e-17
7667.87	1.5937e-17
7669.81	7.19041e-18
7671.75	9.9822e-18
7673.68	1.55243e-17
7675.62	1.86323e-17
7677.56	1.54847e-17
7679.49	1.14729e-17
7681.43	8.31556e-18
7683.37	1.51717e-17
7685.3	1.5587e-17
7687.24	1.60482e-17
7689.18	1.98306e-17
7691.11	1.46259e-17
7693.05	1.96181e-17
7694.99	2.12006e-17
7696.92	1.15663e-17
7698.86	2.19892e-17
7700.79	1.92752e-17
7702.73	1.94109e-17
7704.67	1.79128e-17
7706.6	1.51571e-17
7708.54	2.65281e-17
7710.48	1.9595e-17
7712.41	1.99851e-17
7714.35	2.27213e-17
7716.29	2.47215e-17
7718.22	2.36639e-17
7720.16	2.09558e-17
7722.1	2.59939e-17
7724.03	1.8009e-17
7725.97	1.3834e-17
7727.9	1.98877e-17
7729.84	2.40562e-17
7731.78	2.22397e-17
7733.71	1.78644e-17
7735.65	2.32996e-17
7737.59	2.22248e-17
7739.52	2.05924e-17
7741.46	2.77815e-17
7743.4	2.57077e-17
7745.33	1.92101e-17
7747.27	2.14108e-17
7749.21	2.37694e-17
7751.14	2.34578e-17
7753.08	2.24142e-17
7755.01	2.62235e-17
7756.95	2.96588e-17
7758.89	2.47267e-17
7760.82	2.04208e-17
7762.76	1.8041e-17
7764.7	1.45824e-17
7766.63	1.77418e-17
7768.57	2.59255e-17
7770.51	2.37697e-17
7772.44	2.30077e-17
7774.38	2.31794e-17
7776.32	2.34388e-17
7778.25	2.54701e-17
7780.19	2.1192e-17
7782.13	2.12956e-17
7784.06	2.53155e-17
7786	1.79087e-17
7787.93	1.98189e-17
7789.87	2.47583e-17
7791.81	2.03067e-17
7793.74	2.28344e-17
7795.68	2.5042e-17
7797.62	2.52348e-17
7799.55	2.66642e-17
7801.49	2.33685e-17
7803.43	1.607e-17
7805.36	1.45305e-17
7807.3	1.54232e-17
7809.24	1.90823e-17
7811.17	2.19088e-17
7813.11	2.3243e-17
7815.04	1.60686e-17
7816.98	1.38768e-17
7818.92	2.31808e-17
7820.85	1.95289e-17
7822.79	1.85209e-17
7824.73	1.85493e-17
7826.66	1.54375e-17
7828.6	1.52104e-17
7830.54	1.32161e-17
7832.47	1.39308e-17
7834.41	1.87204e-17
7836.35	1.98048e-17
7838.28	1.5895e-17
7840.22	1.93949e-17
7842.15	2.11509e-17
7844.09	1.63238e-17
7846.03	1.51665e-17
7847.96	1.08932e-17
7849.9	1.36672e-17
7851.84	2.29445e-17
7853.77	2.30072e-17
7855.71	1.80493e-17
7857.65	1.67507e-17
7859.58	1.20733e-17
7861.52	1.18263e-17
7863.46	1.63251e-17
7865.39	1.91904e-17
7867.33	1.69687e-17
7869.27	1.32458e-17
7871.2	7.59747e-18
7873.14	1.03047e-17
7875.07	2.03163e-17
7877.01	2.06107e-17
7878.95	1.20593e-17
7880.88	1.04768e-17
7882.82	1.35296e-17
7884.76	1.32234e-17
7886.69	1.49415e-17
7888.63	1.28308e-17
7890.57	1.15196e-17
7892.5	1.14077e-17
7894.44	1.3408e-17
7896.38	1.32491e-17
7898.31	1.08492e-17
7900.25	1.33291e-17
7902.18	1.25978e-17
7904.12	1.64182e-17
7906.06	1.67879e-17
7907.99	1.05122e-17
7909.93	6.18899e-18
7911.87	1.61635e-17
7913.8	1.63732e-17
7915.74	8.87991e-18
7917.68	1.25461e-17
7919.61	8.31464e-18
7921.55	8.68919e-18
7923.49	9.06335e-18
7925.42	9.43713e-18
7927.36	9.81052e-18
7929.29	1.01835e-17
7931.23	1.05562e-17
7933.17	1.09284e-17
7935.1	1.13002e-17
7937.04	1.16717e-17
7938.98	1.20428e-17
7940.91	1.24135e-17
7942.85	1.27838e-17
7944.79	1.31537e-17
7946.72	1.35232e-17
7948.66	1.38923e-17
7950.6	1.4261e-17
7952.53	1.42537e-17
7954.47	1.06509e-17
7956.41	8.84217e-18
7958.34	9.97301e-18
7960.28	9.10033e-18
7962.21	7.90555e-18
7964.15	1.05008e-17
7966.09	1.39413e-17
7968.02	1.77627e-17
7969.96	1.26808e-17
7971.9	6.0453e-18
7973.83	1.13388e-17
7975.77	1.29196e-17
7977.71	8.68585e-18
7979.64	9.95732e-18
7981.58	1.0755e-17
7983.52	9.13163e-18
7985.45	1.04234e-17
7987.39	9.35019e-18
7989.32	8.83927e-18
7991.26	7.21131e-18
7993.2	6.68407e-18
7995.13	1.07007e-17
7997.07	1.28668e-17
7999.01	7.61411e-18
8000.94	7.01855e-18
8002.88	1.67967e-17
8004.82	1.89664e-17
8006.75	1.44081e-17
8008.69	8.49027e-18
8010.63	1.44759e-17
8012.56	1.33323e-17
8014.5	7.62695e-18
8016.43	9.10104e-18
8018.37	1.16005e-17
8020.31	9.32032e-18
8022.24	1.11676e-17
8024.18	1.19969e-17
8026.12	8.7221e-18
8028.05	9.4389e-18
8029.99	9.23062e-18
8031.93	1.06164e-17
8033.86	1.31156e-17
8035.8	9.29214e-18
8037.74	1.36962e-17
8039.67	1.31653e-17
8041.61	6.55822e-18
8043.55	5.60465e-18
8045.48	1.22083e-17
8047.42	1.57396e-17
8049.35	1.01365e-17
8051.29	8.48809e-18
8053.23	6.78793e-18
8055.16	4.28948e-18
8057.1	4.9949e-18
8059.04	9.07639e-18
8060.97	1.04851e-17
8062.91	1.05313e-17
8064.85	1.05742e-17
8066.78	8.96759e-18
8068.72	9.46311e-18
8070.66	1.07342e-17
8072.59	1.08353e-17
8074.53	1.06277e-17
8076.46	7.7618e-18
8078.4	6.45414e-18
8080.34	5.25126e-18
8082.27	4.30811e-18
8084.21	4.00013e-18
8086.15	5.40702e-18
8088.08	4.54777e-18
8090.02	2.27133e-18
8091.96	4.14845e-18
8093.89	8.82089e-18
8095.83	8.32298e-18
8097.77	4.96962e-18
8099.7	2.74616e-18
8101.64	3.86709e-18
8103.57	6.65005e-18
8105.51	3.31621e-18
8107.45	7.3859e-19
8109.38	4.39868e-18
8111.32	6.50578e-18
8113.26	7.72112e-18
8115.19	7.73832e-18
8117.13	8.7853e-18
8119.07	1.1738e-17
8121	7.67606e-18
8122.94	2.0483e-18
8124.88	2.01256e-18
8126.81	1.44745e-18
8128.75	2.36265e-18
8130.69	4.05873e-18
8132.62	4.07745e-18
8134.56	5.90917e-18
8136.49	5.68385e-18
8138.43	6.44178e-18
8140.37	8.58745e-18
8142.3	7.56968e-18
8144.24	6.03433e-18
8146.18	5.18072e-18
8148.11	8.29172e-18
8150.05	8.92422e-18
8151.99	8.22697e-18
8153.92	9.279e-18
8155.86	6.012e-18
8157.8	3.52898e-18
8159.73	3.3246e-18
8161.67	3.1371e-18
8163.6	2.53049e-18
8165.54	5.1743e-18
8167.48	6.72098e-18
8169.41	9.52464e-18
8171.35	7.77391e-18
8173.29	7.05486e-18
8175.22	9.16234e-18
8177.16	7.27772e-18
8179.1	6.76862e-18
8181.03	6.50326e-18
8182.97	6.38091e-18
8184.91	2.28343e-18
8186.84	2.5889e-18
8188.78	1.99508e-18
8190.71	2.39679e-18
8192.65	5.98252e-18
8194.59	3.51437e-19
8196.52	5.21263e-18
8198.46	9.21815e-18
8200.4	3.52315e-18
8202.33	3.57605e-18
8204.27	2.84469e-18
8206.21	2.03507e-18
8208.14	7.4638e-18
8210.08	9.76131e-18
8212.02	8.44758e-18
8213.95	3.32962e-18
8215.89	9.23869e-19
8217.82	8.9538e-18
8219.76	1.01404e-17
8221.7	1.41283e-18
8223.63	5.06052e-18
8225.57	9.77809e-18
8227.51	7.66706e-18
8229.44	5.46552e-18
8231.38	1.37627e-18
8233.32	4.59177e-18
8235.25	9.44309e-18
8237.19	1.38088e-17
8239.13	1.01244e-17
8241.06	6.28334e-19
8243	2.08776e-18
8244.94	7.21266e-18
8246.87	5.00908e-18
8248.81	6.95313e-18
8250.74	6.64683e-18
8252.68	8.73439e-19
8254.62	5.66418e-18
8256.55	8.26829e-18
8258.49	7.95086e-18
8260.43	5.99599e-18
8262.36	4.12218e-18
8264.3	7.36258e-18
8266.24	7.08013e-18
8268.17	6.52708e-18
8270.11	1.02239e-17
8272.05	6.56794e-18
8273.98	7.83818e-18
8275.92	1.46317e-17
8277.85	1.35699e-17
8279.79	1.2232e-17
8281.73	1.06575e-17
8283.66	1.11815e-18
8285.6	-1.76963e-17
8287.54	-1.45231e-17
8289.47	-5.33547e-18
8291.41	-4.10739e-18
8293.35	-5.39735e-19
8295.28	5.12116e-18
8297.22	9.38087e-18
8299.16	9.56807e-18
8301.09	4.27057e-18
8303.03	6.33116e-18
8304.96	1.28376e-17
8306.9	3.5481e-18
8308.84	-2.17396e-18
8310.77	7.96535e-18
8312.71	1.46306e-17
8314.65	6.9626e-18
8316.58	6.36891e-18
